Faculty,Course,Semester,Day,Time,Building,Room
"מחלקה לימודי יסוד - תנ""ך",01002-80,א',ג',0800 - 1000,חדר מחלקה,מחלקה
"מחלקה לימודי יסוד - תנ""ך",01002-81,א',ג',1000 - 1200,יהדות-403,113
"מחלקה לימודי יסוד - תנ""ך",010047-01,ב',ב',1600 - 1800,מ.ישראל-504,1
"מחלקה לימודי יסוד - תנ""ך",010048-01,א',ב',1600 - 1800,מ.ישראל-507,1
"מחלקה לימודי יסוד - תנ""ך",010070-01,ב',ה',1200 - 1400,מ.ישראל-507,102
"מחלקה לימודי יסוד - תנ""ך",01010-10,א',א',1600 - 2000,מ.ישראל-507,207
"מחלקה לימודי יסוד - תנ""ך",01010-80,ב',ג',0800 - 1000,חדר מחלקה,מחלקה
"מחלקה לימודי יסוד - תנ""ך",01010-81,ב',ג',1000 - 1200,מ.ישראל-507,101
"מחלקה לימודי יסוד - תנ""ך",010220-01,א',ב',1800 - 2000,מ.ישראל-505,103
"מחלקה לימודי יסוד - תנ""ך",010372-01,א',ד',1800 - 2000,מ.ישראל-505,5
"מחלקה לימודי יסוד - תנ""ך",010373-01,ב',ד',1800 - 2000,מ.ישראל-507,1
"מחלקה לימודי יסוד - תנ""ך",01042-01,א',א',1200 - 1400,מ.ישראל-507,6
"מחלקה לימודי יסוד - תנ""ך",01068-01,ב',ג',1600 - 1800,מ.ישראל-507,104
"מחלקה לימודי יסוד - תנ""ך",01099-01,ב',ג',1200 - 1400,מ.ישראל-507,202
"מחלקה לימודי יסוד - תנ""ך",01130-01,א',ה',1600 - 1800,מ.ישראל-507,6
"מחלקה לימודי יסוד - תנ""ך",01164-01,ב',ד',1400 - 1600,מ.ישראל-505,3
"מחלקה לימודי יסוד - תנ""ך",01190-01,א',א',1600 - 1800,מ.ישראל-505,3
"מחלקה לימודי יסוד - תנ""ך",01190-02,ב',ב',1800 - 2000,מ.ישראל-505,103
"מחלקה לימודי יסוד - תנ""ך",01211-01,א',ה',1400 - 1600,מ.ישראל-505,103
"מחלקה לימודי יסוד - תנ""ך",01212-01,ב',ה',1400 - 1600,מ.ישראל-507,203
"מחלקה לימודי יסוד - תנ""ך",01215-01,א',ב',1000 - 1200,מ.ישראל-507,4
"מחלקה לימודי יסוד - תנ""ך",01215-02,ב',ב',1400 - 1600,מ.ישראל-507,103
"מחלקה לימודי יסוד - תנ""ך",01216-01,ב',ב',1000 - 1200,מ.ישראל-507,103
"מחלקה לימודי יסוד - תנ""ך",01216-02,א',ב',1400 - 1600,מ.ישראל-507,4
"מחלקה לימודי יסוד - תנ""ך",01218-01,א',ו',0800 - 1000,נלמד בזום,999
"מחלקה לימודי יסוד - תנ""ך",01219-01,ב',א',1800 - 2000,מ.ישראל-507,207
"מחלקה לימודי יסוד - תנ""ך",012349-01,א',א',1000 - 1200,יהדות-404,68
"מחלקה לימודי יסוד - תנ""ך",01235-01,א',ב',0800 - 1000,מ.ישראל-505,103
"מחלקה לימודי יסוד - תנ""ך",01236-01,ב',ב',0800 - 1000,מ.ישראל-505,103
"מחלקה לימודי יסוד - תנ""ך",01240-01,ב',א',1600 - 1800,מ.ישראל-505,103
"מחלקה לימודי יסוד - תנ""ך",01240-02,א',א',1800 - 2000,מ.ישראל-507,4
"מחלקה לימודי יסוד - תנ""ך",01242-01,א',ה',1000 - 1200,מ.ישראל-507,104
"מחלקה לימודי יסוד - תנ""ך",01244-01,ב',ה',1000 - 1200,מ.ישראל-507,204
"מחלקה לימודי יסוד - תנ""ך",01245-01,א',ג',1600 - 1800,מ.ישראל-507,103
"מחלקה לימודי יסוד - תנ""ך",01246-01,ב',ג',1600 - 1800,מ.ישראל-507,103
"מחלקה לימודי יסוד - תנ""ך",01247-01,ב',ד',1000 - 1200,מ.ישראל-507,102
"מחלקה לימודי יסוד - תנ""ך",01252-01,ב',ו',0800 - 1000,נלמד בזום,999
"מחלקה לימודי יסוד - תנ""ך",01253-01,א',ה',0800 - 1000,מ.ישראל-505,103
"מחלקה לימודי יסוד - תנ""ך",01253-02,א',ד',0800 - 1000,מ.ישראל-505,103
"מחלקה לימודי יסוד - תנ""ך",01254-01,ב',ה',0800 - 1000,מ.ישראל-507,203
"מחלקה לימודי יסוד - תנ""ך",01254-02,ב',ד',0800 - 1000,מ.ישראל-507,102
"מחלקה לימודי יסוד - תנ""ך",01255-01,א',ד',1800 - 2000,מ.ישראל-507,102
"מחלקה לימודי יסוד - תנ""ך",01256-01,א',א',1000 - 1200,מ.ישראל-507,6
"מחלקה לימודי יסוד - תנ""ך",01256-02,ב',ג',1600 - 1800,מ.ישראל-507,106
"מחלקה לימודי יסוד - תנ""ך",01257-01,א',ג',1400 - 1600,מ.ישראל-507,206
"מחלקה לימודי יסוד - תנ""ך",01258-01,א',ג',1600 - 1800,מ.ישראל-507,206
"מחלקה לימודי יסוד - תנ""ך",01258-02,ב',א',1000 - 1200,מ.ישראל-507,103
"מחלקה לימודי יסוד - תנ""ך",01260-01,ב',ג',1400 - 1600,מ.ישראל-507,106
"מחלקה לימודי יסוד - תנ""ך",01262-01,א',ג',1400 - 1600,מ.ישראל-507,102
"מחלקה לימודי יסוד - תנ""ך",01262-02,ב',ג',1400 - 1600,מ.ישראל-507,103
"מחלקה לימודי יסוד - תנ""ך",01264-01,ב',ה',1000 - 1200,מ.ישראל-507,102
"מחלקה לימודי יסוד - תנ""ך",01266-01,ב',ג',1600 - 1800,מ.ישראל-507,102
"מחלקה לימודי יסוד - תנ""ך",01267-01,ב',ה',1400 - 1600,מ.ישראל-507,106
"מחלקה לימודי יסוד - תנ""ך",01268-01,ב',ג',1200 - 1400,מ.ישראל-507,103
"מחלקה לימודי יסוד - תנ""ך",01269-01,א',ג',1000 - 1200,מ.ישראל-507,103
"מחלקה לימודי יסוד - תנ""ך",01270-01,ב',ג',1000 - 1200,מ.ישראל-507,106
"מחלקה לימודי יסוד - תנ""ך",01272-01,א',ד',1200 - 1400,מ.ישראל-507,204
"מחלקה לימודי יסוד - תנ""ך",01272-02,ב',ג',1400 - 1600,מ.ישראל-507,204
"מחלקה לימודי יסוד - תנ""ך",01273-01,א',ג',1400 - 1600,מ.ישראל-507,103
"מחלקה לימודי יסוד - תנ""ך",01273-02,ב',ד',1200 - 1400,מ.ישראל-507,102
"מחלקה לימודי יסוד - תנ""ך",01274-01,א',ד',0800 - 1000,מ.ישראל-507,103
"מחלקה לימודי יסוד - תנ""ך",01275-01,א',ד',1000 - 1200,מ.ישראל-507,103
"מחלקה לימודי יסוד - תנ""ך",01275-02,ב',ד',0800 - 1000,מ.ישראל-507,106
"מחלקה לימודי יסוד - תנ""ך",01276-01,א',ד',1400 - 1600,מ.ישראל-507,106
"מחלקה לימודי יסוד - תנ""ך",01276-02,ב',ד',1000 - 1200,מ.ישראל-507,106
"מחלקה לימודי יסוד - תנ""ך",01278-01,ב',ד',1400 - 1600,מ.ישראל-507,103
"מחלקה לימודי יסוד - תנ""ך",01279-01,א',ב',1000 - 1200,מ.ישראל-507,203
"מחלקה לימודי יסוד - תנ""ך",013404-01,ב',ד',0800 - 1000,מ.ישראל-507,1
"מחלקה לימודי יסוד - תנ""ך",01365-01,ב',ה',1400 - 1600,יהדות-410,125
"מחלקה לימודי יסוד - תנ""ך",01431-01,ב',ג',1600 - 1800,מ.ישראל-507,1
"מחלקה לימודי יסוד - תנ""ך",015630-01,ב',ב',0800 - 1000,יהדות-410,125
"מחלקה לימודי יסוד - תנ""ך",01563-01,א',ב',0800 - 1000,יהדות-410,125
"מחלקה לימודי יסוד - תנ""ך",016302-01,ב',ב',1400 - 1600,יהדות-410,125
"מחלקה לימודי יסוד - תנ""ך",016303-01,א',ב',1400 - 1600,מ.ישראל-605,65
"מחלקה לימודי יסוד - תנ""ך",016930-01,א',ד',0800 - 1000,מ.ישראל-504,1
מחלקה לימודי יסוד - תלמוד,02008-01,א',ה',1600 - 1800,מ.ישראל-507,102
מחלקה לימודי יסוד - תלמוד,02020-01,א',ה',1200 - 1400,מ.ישראל-507,103
מחלקה לימודי יסוד - תלמוד,02038-01,א',א',1600 - 1800,מ.ישראל-507,209
מחלקה לימודי יסוד - תלמוד,02038-02,ב',א',1000 - 1200,מ.ישראל-507,3
מחלקה לימודי יסוד - תלמוד,02042-01,א',א',1000 - 1200,מ.ישראל-507,209
מחלקה לימודי יסוד - תלמוד,02042-02,א',א',1200 - 1400,מ.ישראל-507,3
מחלקה לימודי יסוד - תלמוד,020471-71,א',א',1400 - 1600,מ.ישראל-507,102
מחלקה לימודי יסוד - תלמוד,020471-72,א',א',1600 - 1800,מ.ישראל-507,102
מחלקה לימודי יסוד - תלמוד,020474-71,ב',א',1400 - 1600,מ.ישראל-507,102
מחלקה לימודי יסוד - תלמוד,020474-72,ב',א',1600 - 1800,מ.ישראל-507,102
מחלקה לימודי יסוד - תלמוד,020475-80,א',ג',1200 - 1400,מ.ישראל-507,108
מחלקה לימודי יסוד - תלמוד,020476-80,ב',ג',1200 - 1400,משפטים-305,134
מחלקה לימודי יסוד - תלמוד,020499-02,א',ה',1400 - 1600,מ.ישראל-507,102
מחלקה לימודי יסוד - תלמוד,02062-40,א',ו',0900 - 1100,נלמד בזום,999
מחלקה לימודי יסוד - תלמוד,020711-01,ב',ד',1600 - 1800,מ.ישראל-507,103
מחלקה לימודי יסוד - תלמוד,02080-20,א',ב',1200 - 1600,מ.ישראל-507,103
מחלקה לימודי יסוד - תלמוד,02080-21,ב',א',1500 - 1900,חדר מחלקה,מחלקה
מחלקה לימודי יסוד - תלמוד,02081-01,א',ה',1600 - 1800,מ.ישראל-507,103
מחלקה לימודי יסוד - תלמוד,02082-01,ב',ה',1600 - 1800,מ.ישראל-507,103
מחלקה לימודי יסוד - תלמוד,021063-01,ב',ג',1200 - 1400,מ.ישראל-505,103
מחלקה לימודי יסוד - תלמוד,021111-01,א',ה',1600 - 1800,מ.ישראל-505,5
מחלקה לימודי יסוד - תלמוד,02115-01,א',ג',1200 - 1400,מ.ישראל-507,103
מחלקה לימודי יסוד - תלמוד,02115-02,ב',ג',1200 - 1400,מ.ישראל-507,104
מחלקה לימודי יסוד - תלמוד,02115-03,א',ג',1200 - 1400,מ.ישראל-507,102
מחלקה לימודי יסוד - תלמוד,02115-04,ב',ג',1200 - 1400,מ.ישראל-507,102
מחלקה לימודי יסוד - תלמוד,02116-01,א',ה',1800 - 2000,מ.ישראל-507,103
מחלקה לימודי יסוד - תלמוד,02116-02,ב',ג',1000 - 1200,מ.ישראל-507,103
מחלקה לימודי יסוד - תלמוד,02116-03,ב',ה',1800 - 2000,מ.ישראל-505,3
מחלקה לימודי יסוד - תלמוד,02125-02,א',א',1400 - 1600,מ.ישראל-505,3
מחלקה לימודי יסוד - תלמוד,02125-03,ב',א',1400 - 1600,מ.ישראל-505,103
מחלקה לימודי יסוד - תלמוד,021367-01,א',א',0800 - 1000,מ.ישראל-507,103
מחלקה לימודי יסוד - תלמוד,021367-02,א',ה',1000 - 1200,מ.ישראל-507,103
מחלקה לימודי יסוד - תלמוד,02150-01,א',א',1200 - 1400,מ.ישראל-507,102
מחלקה לימודי יסוד - תלמוד,02150-02,ב',א',1200 - 1400,מ.ישראל-507,102
מחלקה לימודי יסוד - תלמוד,02152-20,א',ד',"1500 - 1700
1600 - 1800",חוץ קמפוס,999
מחלקה לימודי יסוד - תלמוד,022720-01,א',ג',1200 - 1400,מ.ישראל-507,206
מחלקה לימודי יסוד - תלמוד,02348-77,א',ה',1400 - 1600,מ.ישראל-507,207
מחלקה לימודי יסוד - תלמוד,02367-81,א',ד',1000 - 1200,מ.ישראל-604,102
מחלקה לימודי יסוד - תלמוד,02368-81,ב',ד',1000 - 1200,מ.ישראל-507,203
מחלקה לימודי יסוד - תלמוד,02371-80,א',ג',0800 - 1000,מ.ישראל-605,61
מחלקה לימודי יסוד - תלמוד,02371-81,א',ג',1000 - 1200,מ.ישראל-605,61
מחלקה לימודי יסוד - תלמוד,02372-80,ב',ג',0800 - 1000,משפטים-305,134
מחלקה לימודי יסוד - תלמוד,02372-81,ב',ג',1000 - 1200,משפטים-305,134
מחלקה לימודי יסוד - תלמוד,02482-01,א',ג',1400 - 1600,מ.ישראל-507,207
מחלקה לימודי יסוד - תלמוד,02484-01,ב',ג',1400 - 1600,מ.ישראל-507,207
מחלקה לימודי יסוד - תלמוד,02492-01,א',ב',0800 - 1200,חדר מחלקה,מחלקה
מחלקה לימודי יסוד - תלמוד,02492-02,א',ב',0800 - 1200,חדר מחלקה,מחלקה
מחלקה לימודי יסוד - תלמוד,02492-03,ב',ב',0800 - 1200,חדר מחלקה,מחלקה
מחלקה לימודי יסוד - תלמוד,02492-04,ב',ב',0800 - 1200,חדר מחלקה,מחלקה
מחלקה לימודי יסוד - תלמוד,02499-80,א',ד',"0800 - 0900
0900 - 1000","חדר מחלקה
מ.ישראל-604",מחלקה
מחלקה לימודי יסוד - תלמוד,02500-80,ב',ד',0800 - 1000,מ.ישראל-507,203
מחלקה לימודי יסוד - תלמוד,02513-09,א',ד',1500 - 1900,מ.ישראל-507,206
מחלקה לימודי יסוד - תלמוד,02524-01,א',ד',1200 - 1400,מ.ישראל-507,104
מחלקה לימודי יסוד - תלמוד,02525-01,ב',ד',1200 - 1400,מ.ישראל-507,104
מחלקה לימודי יסוד - תלמוד,02526-01,א',ד',1000 - 1200,מ.ישראל-507,104
מחלקה לימודי יסוד - תלמוד,02527-01,ב',ד',1000 - 1200,מ.ישראל-507,104
מחלקה לימודי יסוד - תלמוד,02547-01,ב',ה',1400 - 1600,מ.ישראל-507,207
מחלקה לימודי יסוד - תלמוד,02548-01,ב',ב',1200 - 1400,מ.ישראל-507,103
מחלקה לימודי יסוד - תלמוד,02548-02,ב',ב',1600 - 1800,מ.ישראל-507,204
מחלקה לימודי יסוד - תלמוד,02551-01,א',א',0800 - 1000,מ.ישראל-507,102
מחלקה לימודי יסוד - תלמוד,02551-02,ב',א',0800 - 1000,מ.ישראל-507,102
מחלקה לימודי יסוד - תלמוד,02552-01,א',ה',0800 - 1000,מ.ישראל-507,102
מחלקה לימודי יסוד - תלמוד,02552-02,ב',ה',0800 - 1000,מ.ישראל-507,102
מחלקה לימודי יסוד - תלמוד,02553-01,א',א',1200 - 1400,מ.ישראל-507,207
מחלקה לימודי יסוד - תלמוד,02554-01,ב',א',1200 - 1400,מ.ישראל-507,4
מחלקה לימודי יסוד - תלמוד,02555-01,א',א',1400 - 1600,מ.ישראל-507,207
מחלקה לימודי יסוד - תלמוד,02556-01,ב',א',1400 - 1600,מ.ישראל-507,4
מחלקה לימודי יסוד - תלמוד,02558-01,א',ו',1000 - 1200,נלמד בזום,999
מחלקה לימודי יסוד - תלמוד,02559-01,ב',ו',1000 - 1200,נלמד בזום,999
מחלקה לימודי יסוד - תלמוד,02602-01,ב',א',1200 - 1400,מ.ישראל-507,3
מחלקה לימודי יסוד - תלמוד,02603-01,ב',א',1600 - 1800,מ.ישראל-507,4
מחלקה לימודי יסוד - תלמוד,02623-01,ב',א',1800 - 2000,מ.ישראל-505,103
מחלקה לימודי יסוד - תלמוד,02624-01,א',א',1600 - 1800,מ.ישראל-505,103
מחלקה לימודי יסוד - תלמוד,02626-01,א',ד',1200 - 1400,מ.ישראל-505,103
מחלקה לימודי יסוד - תלמוד,02627-01,ב',ד',1200 - 1400,מ.ישראל-505,103
מחלקה לימודי יסוד - תלמוד,02702-01,א',ד',1400 - 1600,מ.ישראל-507,103
מחלקה לימודי יסוד - תלמוד,02704-01,ב',ד',1400 - 1600,מ.ישראל-507,102
מחלקה לימודי יסוד - תלמוד,02711-01,א',ד',1000 - 1200,מ.ישראל-505,103
מחלקה לימודי יסוד - תלמוד,02712-01,ב',ד',1000 - 1200,מ.ישראל-505,103
מחלקה לימודי יסוד - תלמוד,02721-01,א',א',1000 - 1200,מ.ישראל-507,103
מחלקה לימודי יסוד - תלמוד,02721-02,א',א',1400 - 1600,מ.ישראל-507,103
מחלקה לימודי יסוד - תלמוד,02722-01,ב',א',1000 - 1200,מ.ישראל-507,102
מחלקה לימודי יסוד - תלמוד,02722-02,ב',א',1400 - 1600,מ.ישראל-507,106
מחלקה לימודי יסוד - תלמוד,02723-01,א',ג',1800 - 2000,מ.ישראל-507,104
מחלקה לימודי יסוד - תלמוד,02723-02,א',ד',1400 - 1600,מ.ישראל-507,104
מחלקה לימודי יסוד - תלמוד,02724-01,ב',ג',1800 - 2000,מ.ישראל-507,104
מחלקה לימודי יסוד - תלמוד,02724-02,ב',ד',1400 - 1600,מ.ישראל-507,203
מחלקה לימודי יסוד - תלמוד,02726-01,א',ג',1600 - 1800,מ.ישראל-505,3
מחלקה לימודי יסוד - תלמוד,02726-02,א',ה',1200 - 1400,מ.ישראל-505,103
מחלקה לימודי יסוד - תלמוד,02727-01,ב',ג',1600 - 1800,מ.ישראל-505,103
מחלקה לימודי יסוד - תלמוד,02727-02,ב',ה',1200 - 1400,מ.ישראל-505,103
מחלקה לימודי יסוד - פילוסופיה יהודית,03001-39,ב',ו',1300 - 1500,נלמד בזום,999
מחלקה לימודי יסוד - פילוסופיה יהודית,03036-02,א',ד',1600 - 1800,מ.ישראל-507,203
מחלקה לימודי יסוד - פילוסופיה יהודית,03036-03,ב',ד',1600 - 1800,מ.ישראל-507,104
מחלקה לימודי יסוד - פילוסופיה יהודית,03060-01,ב',ד',1000 - 1200,מ.ישראל-507,202
מחלקה לימודי יסוד - פילוסופיה יהודית,03088-01,א',א',0800 - 1200,מ.ישראל-505,103
מחלקה לימודי יסוד - פילוסופיה יהודית,03088-02,ב',א',0800 - 1200,מ.ישראל-505,103
מחלקה לימודי יסוד - פילוסופיה יהודית,03102-01,א',ב',1600 - 1800,מ.ישראל-507,3
מחלקה לימודי יסוד - פילוסופיה יהודית,03131-01,א',ה',1200 - 1400,מ.ישראל-507,104
מחלקה לימודי יסוד - פילוסופיה יהודית,03131-02,ב',ה',1200 - 1400,מ.ישראל-507,209
מחלקה לימודי יסוד - פילוסופיה יהודית,03132-01,א',ה',0800 - 1000,מ.ישראל-507,104
מחלקה לימודי יסוד - פילוסופיה יהודית,03149-01,א',ב',1600 - 1800,מ.ישראל-507,202
מחלקה לימודי יסוד - פילוסופיה יהודית,03156-01,א',ד',1800 - 2000,נלמד בזום,999
מחלקה לימודי יסוד - פילוסופיה יהודית,03163-01,א',ג',1600 - 2000,מ.ישראל-505,103
מחלקה לימודי יסוד - פילוסופיה יהודית,03166-01,ב',ד',1400 - 1600,מ.ישראל-505,102
מחלקה לימודי יסוד - פילוסופיה יהודית,03174-01,א',ג',1400 - 1600,מ.ישראל-507,209
מחלקה לימודי יסוד - פילוסופיה יהודית,03175-01,ב',ג',1400 - 1600,מ.ישראל-505,103
מחלקה לימודי יסוד - פילוסופיה יהודית,031800-01,א',ג',1000 - 1200,מ.ישראל-604,13
מחלקה לימודי יסוד - פילוסופיה יהודית,03180-01,א',ב',1400 - 1600,מ.ישראל-507,102
מחלקה לימודי יסוד - פילוסופיה יהודית,03184-01,א',ג',1800 - 2000,מ.ישראל-507,103
מחלקה לימודי יסוד - פילוסופיה יהודית,03185-01,ב',ג',1800 - 2000,מ.ישראל-507,103
מחלקה לימודי יסוד - פילוסופיה יהודית,03188-10,א',ב',1400 - 1800,מ.ישראל-507,106
מחלקה לימודי יסוד - פילוסופיה יהודית,03198-01,ב',ב',1600 - 1800,מ.ישראל-507,103
מחלקה לימודי יסוד - פילוסופיה יהודית,03200-01,א',ה',1000 - 1200,מ.ישראל-507,102
מחלקה לימודי יסוד - פילוסופיה יהודית,03201-01,ב',ה',1000 - 1200,מ.ישראל-507,203
מחלקה לימודי יסוד - פילוסופיה יהודית,03207-01,א',ב',1200 - 1400,מ.ישראל-507,102
מחלקה לימודי יסוד - פילוסופיה יהודית,03207-02,ב',ב',1200 - 1400,מ.ישראל-507,206
מחלקה לימודי יסוד - פילוסופיה יהודית,03213-01,ב',ב',1600 - 1800,מ.ישראל-505,101
מחלקה לימודי יסוד - פילוסופיה יהודית,03217-01,א',ב',1200 - 1400,מ.ישראל-505,106
מחלקה לימודי יסוד - פילוסופיה יהודית,03217-02,ב',ב',1200 - 1400,מ.ישראל-507,106
מחלקה לימודי יסוד - פילוסופיה יהודית,03218-01,א',ב',1400 - 1600,מ.ישראל-507,202
מחלקה לימודי יסוד - פילוסופיה יהודית,03218-02,ב',ב',1400 - 1600,מ.ישראל-507,106
מחלקה לימודי יסוד - פילוסופיה יהודית,03219-01,א',ה',1000 - 1200,מ.ישראל-505,103
מחלקה לימודי יסוד - פילוסופיה יהודית,03220-01,ב',ה',1000 - 1200,מ.ישראל-505,103
מחלקה לימודי יסוד - פילוסופיה יהודית,03221-01,א',ה',0800 - 1000,מ.ישראל-507,103
מחלקה לימודי יסוד - פילוסופיה יהודית,03222-01,ב',ה',0800 - 1000,מ.ישראל-507,103
מחלקה לימודי יסוד - פילוסופיה יהודית,03223-01,ב',ג',0800 - 1000,מ.ישראל-507,103
מחלקה לימודי יסוד - פילוסופיה יהודית,03223-02,ב',ג',1400 - 1600,מ.ישראל-507,104
מחלקה לימודי יסוד - פילוסופיה יהודית,03224-01,א',ב',1800 - 2000,מ.ישראל-507,102
מחלקה לימודי יסוד - פילוסופיה יהודית,03225-01,א',ה',1400 - 1600,מ.ישראל-507,103
מחלקה לימודי יסוד - פילוסופיה יהודית,03227-01,ב',ה',1400 - 1600,מ.ישראל-507,209
מחלקה לימודי יסוד - פילוסופיה יהודית,03228-01,ב',ב',1800 - 2000,מ.ישראל-507,102
מחלקה לימודי יסוד - פילוסופיה יהודית,03229-01,א',ד',1400 - 1600,מ.ישראל-507,204
מחלקה לימודי יסוד - פילוסופיה יהודית,03230-01,ב',ד',1400 - 1600,מ.ישראל-507,106
מחלקה לימודי יסוד - פילוסופיה יהודית,03231-01,ב',ד',1600 - 1800,מ.ישראל-507,106
מחלקה לימודי יסוד - פילוסופיה יהודית,03232-01,א',ד',1400 - 1600,מ.ישראל-507,203
מחלקה לימודי יסוד - פילוסופיה יהודית,03233-01,ב',ד',1400 - 1600,מ.ישראל-507,104
מחלקה לימודי יסוד - פילוסופיה יהודית,03234-01,א',ד',1600 - 1800,יהדות-404,101
מחלקה לימודי יסוד - פילוסופיה יהודית,03235-01,א',ד',1000 - 1200,מ.ישראל-507,102
מחלקה לימודי יסוד - פילוסופיה יהודית,03236-01,ב',ד',1000 - 1200,מ.ישראל-507,103
מחלקה לימודי יסוד - פילוסופיה יהודית,032363-01,א',א',1200 - 1400,יהדות-402,63
מחלקה לימודי יסוד - פילוסופיה יהודית,03237-01,א',ו',1000 - 1200,מ.ישראל-507,6
מחלקה לימודי יסוד - פילוסופיה יהודית,03259-01,א',ג',0800 - 1000,מ.ישראל-507,102
מחלקה לימודי יסוד - פילוסופיה יהודית,03259-02,א',ג',1000 - 1200,מ.ישראל-507,102
מחלקה לימודי יסוד - פילוסופיה יהודית,03265-10,ב',א',1600 - 2000,מ.ישראל-507,3
מחלקה לימודי יסוד - פילוסופיה יהודית,03283-01,א',ד',1600 - 1800,מ.ישראל-507,204
מחלקה לימודי יסוד - פילוסופיה יהודית,03302-01,א',ב',1200 - 1400,חברה-905,321
מחלקה לימודי יסוד - פילוסופיה יהודית,03302-02,א',ב',1400 - 1600,חברה-905,321
מחלקה לימודי יסוד - פילוסופיה יהודית,03303-01,ב',ב',1200 - 1400,חברה-905,321
מחלקה לימודי יסוד - פילוסופיה יהודית,03303-02,ב',ב',1400 - 1600,מ.ישראל-505,103
מחלקה לימודי יסוד - פילוסופיה יהודית,03305-01,א',א',1200 - 1400,מ.ישראל-507,204
מחלקה לימודי יסוד - פילוסופיה יהודית,03306-01,ב',ג',1000 - 1200,מ.ישראל-507,204
מחלקה לימודי יסוד - פילוסופיה יהודית,03310-01,ב',ג',0800 - 1000,מ.ישראל-507,102
מחלקה לימודי יסוד - פילוסופיה יהודית,03310-02,ב',ג',1000 - 1200,מ.ישראל-507,102
מחלקה לימודי יסוד - פילוסופיה יהודית,03450-01,ב',ד',1800 - 2000,חברה-901,61
מחלקה לימודי יסוד - פילוסופיה יהודית,03504-01,א',ד',1000 - 1200,מ.ישראל-507,207
מחלקה לימודי יסוד - פילוסופיה יהודית,03504-03,ב',ב',1400 - 1600,מ.ישראל-507,202
מחלקה לימודי יסוד - פילוסופיה יהודית,03504-04,א',ג',1200 - 1400,מ.ישראל-604,13
מחלקה לימודי יסוד - תלמוד,03518-01,ב',א',1600 - 1800,מ.ישראל-507,104
מחלקה לימודי יסוד - פילוסופיה יהודית,03519-01,א',א',1800 - 2000,מ.ישראל-507,102
מחלקה לימודי יסוד - פילוסופיה יהודית,03520-01,א',ד',0800 - 1000,מ.ישראל-507,207
מחלקה לימודי יסוד - פילוסופיה יהודית,03521-01,ב',ד',0800 - 1000,מ.ישראל-507,202
מחלקה לימודי יסוד - פילוסופיה יהודית,03867-01,ב',ב',0800 - 1000,מ.ישראל-505,106
מחלקה לימודי יסוד - פילוסופיה יהודית,03901-01,ב',א',1200 - 1400,מ.ישראל-507,103
מחלקה לימודי יסוד - תולדות ישראל,040032-01,א',ד',1200 - 1400,מ.ישראל-507,103
מחלקה לימודי יסוד - תולדות ישראל,040033-01,ב',ד',1200 - 1400,מ.ישראל-507,103
מחלקה לימודי יסוד - תולדות ישראל,040092-01,ב',ג',1400 - 1600,מ.ישראל-501,25
מחלקה לימודי יסוד - תולדות ישראל,04013-01,א',ג',1800 - 2000,מ.ישראל-604,12
מחלקה לימודי יסוד - תולדות ישראל,04028-09,א',ג',1200 - 1600,מ.ישראל-507,104
מחלקה לימודי יסוד - תולדות ישראל,04034-01,א',ד',1600 - 1800,מ.ישראל-507,103
מחלקה לימודי יסוד - תולדות ישראל,040527-01,א',א',"1200 - 1400
1200 - 1400",מ.ישראל-507,"4
104"
מחלקה לימודי יסוד - תולדות ישראל,040563-01,א',ב',"1600 - 1800
1600 - 1800",מ.ישראל-507,"105
108"
מחלקה לימודי יסוד - תולדות ישראל,04058-01,ב',ב',0800 - 1000,מ.ישראל-507,102
מחלקה לימודי יסוד - תולדות ישראל,040609-01,ב',ג',1600 - 1800,חברה-905,417
מחלקה לימודי יסוד - תולדות ישראל,041025-01,ב',ג',1400 - 1600,מ.ישראל-507,102
מחלקה לימודי יסוד - תולדות ישראל,041030-01,א',ב',1000 - 1200,מ.ישראל-507,102
מחלקה לימודי יסוד - תולדות ישראל,04105-01,א',ו',1000 - 1200,מ.ישראל-507,102
מחלקה לימודי יסוד - תולדות ישראל,04106-01,ב',ו',1000 - 1200,מ.ישראל-507,104
מחלקה לימודי יסוד - תולדות ישראל,04109-01,א',ב',1000 - 1200,מ.ישראל-507,103
מחלקה לימודי יסוד - תולדות ישראל,04109-02,א',ב',1600 - 1800,מ.ישראל-507,102
מחלקה לימודי יסוד - תולדות ישראל,04110-01,ב',ב',1000 - 1200,מ.ישראל-507,102
מחלקה לימודי יסוד - תולדות ישראל,04110-02,ב',ב',1600 - 1800,מ.ישראל-507,102
מחלקה לימודי יסוד - תולדות ישראל,041104-01,א',ג',1000 - 1200,מ.ישראל-507,101
מחלקה לימודי יסוד - תולדות ישראל,041106-01,א',ד',1000 - 1200,יהדות-402,63
מחלקה לימודי יסוד - תולדות ישראל,041114-01,ב',ד',1600 - 1800,מ.ישראל-505,106
מחלקה לימודי יסוד - תולדות ישראל,04112-01,ב',א',1200 - 1400,מ.ישראל-507,106
מחלקה לימודי יסוד - תולדות ישראל,04113-01,א',ב',1200 - 1400,מ.ישראל-507,104
מחלקה לימודי יסוד - תולדות ישראל,04114-01,ב',ב',1200 - 1400,מ.ישראל-507,102
מחלקה לימודי יסוד - תולדות ישראל,04117-01,א',א',1400 - 1600,מ.ישראל-507,104
מחלקה לימודי יסוד - תולדות ישראל,04117-02,ב',א',1400 - 1600,מ.ישראל-507,104
מחלקה לימודי יסוד - תולדות ישראל,04118-01,א',א',"1800 - 2000
1800 - 2000",מ.ישראל-507,"209
102"
מחלקה לימודי יסוד - תולדות ישראל,04119-01,א',ב',1400 - 1600,מ.ישראל-507,3
מחלקה לימודי יסוד - תולדות ישראל,04119-02,ב',ב',1400 - 1600,מ.ישראל-507,104
מחלקה לימודי יסוד - תולדות ישראל,04120-01,א',ב',1600 - 1800,מ.ישראל-507,204
מחלקה לימודי יסוד - תולדות ישראל,04120-02,ב',ב',1600 - 1800,מ.ישראל-507,104
מחלקה לימודי יסוד - תולדות ישראל,04121-01,א',ד',"1000 - 1200
1000 - 1200","מ.ישראל-604
מ.ישראל-507","62
1"
מחלקה לימודי יסוד - תולדות ישראל,04122-01,א',ג',"1600 - 1800
1400 - 1600",חברה-902,12
מחלקה לימודי יסוד - תולדות ישראל,04185-01,ב',ב',1400 - 1600,מ.ישראל-507,102
מחלקה לימודי יסוד - תולדות ישראל,04364-01,א',ה',1000 - 1200,מ.ישראל-507,203
מחלקה לימודי יסוד - תולדות ישראל,04412-01,ב',ב',1000 - 1200,מ.ישראל-505,106
מחלקה לימודי יסוד - תולדות ישראל,04417-01,א',ב',1600 - 1800,מ.ישראל-604,102
מחלקה לימודי יסוד - תולדות ישראל,04462-01,א',ג',1000 - 1200,מ.ישראל-507,104
מחלקה לימודי יסוד - תולדות ישראל,045661-01,ב',ג',1200 - 1400,מ.ישראל-507,106
מחלקה לימודי יסוד - תולדות ישראל,045663-01,א',ב',1000 - 1200,מ.ישראל-507,5
מחלקה לימודי יסוד - תולדות ישראל,045665-01,א',ב',1200 - 1400,מ.ישראל-505,1
מחלקה לימודי יסוד - תולדות ישראל,045667-01,א',ב',1600 - 1800,מ.ישראל-507,4
מחלקה לימודי יסוד - תולדות ישראל,045668-01,ב',ב',1800 - 2000,מ.ישראל-507,108
מחלקה לימודי יסוד - תולדות ישראל,045669-01,א',ב',1000 - 1200,מ.ישראל-505,4
מחלקה לימודי יסוד - תולדות ישראל,045670-01,א',ב',1200 - 1400,מ.ישראל-505,101
מחלקה לימודי יסוד - תולדות ישראל,045671-01,ב',ב',1200 - 1400,מ.ישראל-507,203
מחלקה לימודי יסוד - תולדות ישראל,045673-01,א',ב',1400 - 1600,מ.ישראל-507,105
מחלקה לימודי יסוד - תולדות ישראל,04569-01,ב',א',1400 - 1600,יהדות-410,328
מחלקה לימודי יסוד - תולדות ישראל,045761-01,א',א',1400 - 1600,יהדות-410,328
מחלקה לימודי יסוד - תולדות ישראל,04587-01,ב',ג',1000 - 1200,מ.ישראל-507,108
מחלקה לימודי יסוד - תולדות ישראל,04608-01,א',ג',1000 - 1200,מ.ישראל-505,105
מחלקה לימודי יסוד - תולדות ישראל,04669-80,א',"ב',ג'","1200 - 1400
1800 - 1900","מ.ישראל-507
חדר מחלקה",מחלקה
מחלקה לימודי יסוד - תולדות ישראל,04670-80,ב',"ב',ג'","1200 - 1400
1800 - 1900","מ.ישראל-507
חדר מחלקה",מחלקה
מחלקה לימודי יסוד - תולדות ישראל,04746-02,א',ב',1000 - 1200,מ.ישראל-505,106
מחלקה לימודי יסוד - תולדות ישראל,04858-01,א',ג',1000 - 1200,מ.ישראל-501,25
מחלקה לימודי יסוד - תולדות ישראל,04946-01,ב',ב',1600 - 1800,יהדות-404,101
מחלקה לימודי יסוד - תולדות ישראל,049501-01,א',ג',1200 - 1400,מ.ישראל-507,208
מחלקה לימודי יסוד - תולדות ישראל,049502-01,ב',ג',1200 - 1400,מ.ישראל-505,3
מחלקה לימודי יסוד - תולדות ישראל,04977-01,ב',ב',1600 - 1800,יהדות-410,46
מחלקה לימודי יסוד - תולדות ישראל,04981-01,א',ב',"1000 - 1200
1000 - 1200","מ.ישראל-507
מ.ישראל-604","1
205"
מחלקה היחידה להבעה אקדמית ואולפן,06021-01,א',ד',1000 - 1400,מ.ישראל-605,13
מחלקה היחידה להבעה אקדמית ואולפן,06021-02,א',א',1000 - 1400,מ.ישראל-507,108
מחלקה היחידה להבעה אקדמית ואולפן,06021-03,א',ג',1400 - 1800,מ.ישראל-505,5
מחלקה היחידה להבעה אקדמית ואולפן,06021-04,א',ב',1200 - 1600,יהדות-403,113
מחלקה היחידה להבעה אקדמית ואולפן,06021-05,א',ג',1200 - 1600,מ.ישראל-507,101
מחלקה היחידה להבעה אקדמית ואולפן,06021-06,ב',א',1200 - 1600,יהדות-403,66
מחלקה היחידה להבעה אקדמית ואולפן,06021-07,ב',ג',1000 - 1400,מ.ישראל-505,5
מחלקה היחידה להבעה אקדמית ואולפן,06021-08,ב',ב',1000 - 1400,מ.ישראל-502,9
מחלקה היחידה להבעה אקדמית ואולפן,06021-09,ב',ה',1000 - 1400,סטודנטים-105,6
מחלקה היחידה להבעה אקדמית ואולפן,06023-01,א',ג',1200 - 1400,מ.ישראל-605,103
מחלקה היחידה להבעה אקדמית ואולפן,06024-01,ב',ג',1200 - 1400,טרם שובץ,טרם שובץ
מחלקה היחידה להבעה אקדמית ואולפן,06025-01,א',ג',1200 - 1400,מ.ישראל-505,103
מחלקה היחידה להבעה אקדמית ואולפן,06026-01,א',ג',1200 - 1400,מ.ישראל-505,1
מחלקה היחידה להבעה אקדמית ואולפן,06035-01,ב',ג',1200 - 1400,טרם שובץ,טרם שובץ
מחלקה היחידה להבעה אקדמית ואולפן,06036-01,ב',ג',1200 - 1400,טרם שובץ,טרם שובץ
מחלקה היחידה להבעה אקדמית ואולפן,06045-01,א',ג',1200 - 1400,מ.ישראל-604,103
מחלקה היחידה להבעה אקדמית ואולפן,06046-01,ב',ג',1200 - 1400,מ.ישראל-505,104
מחלקה היחידה להבעה אקדמית ואולפן,06047-01,א',ג',1200 - 1400,מ.ישראל-505,3
מחלקה היחידה להבעה אקדמית ואולפן,06047-02,ב',ג',1200 - 1400,מ.ישראל-505,62
מחלקה היחידה להבעה אקדמית ואולפן,06100-01,ב',ד',1200 - 1400,יהדות-410,125
מחלקה המכון הגבוה לתורה,071310-01,א',ה',1000 - 1200,יהדות-404,101
מחלקה המכון הגבוה לתורה,071311-02,ב',ה',1000 - 1200,מ.ישראל-507,101
מחלקה המכון הגבוה לתורה,071312-01,א',ה',0800 - 1000,יהדות-404,115
מחלקה המכון הגבוה לתורה,071313-02,ב',ה',0800 - 1000,יהדות-404,102
מחלקה המכון הגבוה לתורה,071314-01,א',ה',1000 - 1200,יהדות-404,115
מחלקה המכון הגבוה לתורה,071315-02,ב',ה',1000 - 1200,יהדות-403,218
"מחלקה לימודי יסוד - תנ""ך",01002-80,א',ג',0800 - 1000,חדר מחלקה,מחלקה
"מחלקה לימודי יסוד - תנ""ך",01002-81,א',ג',1000 - 1200,יהדות-403,113
"מחלקה לימודי יסוד - תנ""ך",010047-01,ב',ב',1600 - 1800,מ.ישראל-504,1
"מחלקה לימודי יסוד - תנ""ך",010048-01,א',ב',1600 - 1800,מ.ישראל-507,1
"מחלקה לימודי יסוד - תנ""ך",010070-01,ב',ה',1200 - 1400,מ.ישראל-507,102
"מחלקה לימודי יסוד - תנ""ך",01010-10,א',א',1600 - 2000,מ.ישראל-507,207
"מחלקה לימודי יסוד - תנ""ך",01010-80,ב',ג',0800 - 1000,חדר מחלקה,מחלקה
"מחלקה לימודי יסוד - תנ""ך",01010-81,ב',ג',1000 - 1200,מ.ישראל-507,101
"מחלקה לימודי יסוד - תנ""ך",010220-01,א',ב',1800 - 2000,מ.ישראל-505,103
"מחלקה לימודי יסוד - תנ""ך",010372-01,א',ד',1800 - 2000,מ.ישראל-505,5
"מחלקה לימודי יסוד - תנ""ך",010373-01,ב',ד',1800 - 2000,מ.ישראל-507,1
מחלקה לימודי יסוד - תלמוד,02551-01,א',א',0800 - 1000,מ.ישראל-507,102
מחלקה לימודי יסוד - תלמוד,02551-02,ב',א',0800 - 1000,מ.ישראל-507,102
מחלקה לימודי יסוד - תלמוד,02552-01,א',ה',0800 - 1000,מ.ישראל-507,102
מחלקה לימודי יסוד - תלמוד,02552-02,ב',ה',0800 - 1000,מ.ישראל-507,102
מחלקה לימודי יסוד - תלמוד,02553-01,א',א',1200 - 1400,מ.ישראל-507,207
מחלקה לימודי יסוד - תלמוד,02554-01,ב',א',1200 - 1400,מ.ישראל-507,4
מחלקה לימודי יסוד - תלמוד,02555-01,א',א',1400 - 1600,מ.ישראל-507,207
מחלקה לימודי יסוד - תלמוד,02556-01,ב',א',1400 - 1600,מ.ישראל-507,4
מחלקה לימודי יסוד - תלמוד,02558-01,א',ו',1000 - 1200,נלמד בזום,999
מחלקה לימודי יסוד - תלמוד,02559-01,ב',ו',1000 - 1200,נלמד בזום,999
מחלקה לימודי יסוד - תלמוד,02602-01,ב',א',1200 - 1400,מ.ישראל-507,3
מחלקה לימודי יסוד - תלמוד,02603-01,ב',א',1600 - 1800,מ.ישראל-507,4
מחלקה לימודי יסוד - תלמוד,02623-01,ב',א',1800 - 2000,מ.ישראל-505,103
מחלקה לימודי יסוד - תלמוד,02624-01,א',א',1600 - 1800,מ.ישראל-505,103
מחלקה לימודי יסוד - תלמוד,02626-01,א',ד',1200 - 1400,מ.ישראל-505,103
מחלקה לימודי יסוד - תלמוד,02627-01,ב',ד',1200 - 1400,מ.ישראל-505,103
מחלקה לימודי יסוד - תלמוד,02702-01,א',ד',1400 - 1600,מ.ישראל-507,103
מחלקה לימודי יסוד - תלמוד,02704-01,ב',ד',1400 - 1600,מ.ישראל-507,102
מחלקה לימודי יסוד - תולדות ישראל,04117-01,א',א',1400 - 1600,מ.ישראל-507,104
מחלקה לימודי יסוד - תולדות ישראל,04117-02,ב',א',1400 - 1600,מ.ישראל-507,104
מחלקה לימודי יסוד - תולדות ישראל,04118-01,א',א',"1800 - 2000
1800 - 2000",מ.ישראל-507,"209
102"
מחלקה לימודי יסוד - תולדות ישראל,04119-01,א',ב',1400 - 1600,מ.ישראל-507,3
מחלקה לימודי יסוד - תולדות ישראל,04119-02,ב',ב',1400 - 1600,מ.ישראל-507,104
מחלקה לימודי יסוד - תולדות ישראל,04120-01,א',ב',1600 - 1800,מ.ישראל-507,204
מחלקה לימודי יסוד - תולדות ישראל,04120-02,ב',ב',1600 - 1800,מ.ישראל-507,104
מחלקה לימודי יסוד - תולדות ישראל,04121-01,א',ד',"1000 - 1200
1000 - 1200","מ.ישראל-604
מ.ישראל-507","62
1"
מחלקה לימודי יסוד - תולדות ישראל,04122-01,א',ג',"1600 - 1800
1400 - 1600",חברה-902,12
מחלקה לימודי יסוד - תולדות ישראל,04185-01,ב',ב',1400 - 1600,מ.ישראל-507,102
מחלקה לימודי יסוד - תולדות ישראל,04364-01,א',ה',1000 - 1200,מ.ישראל-507,203
מחלקה לימודי יסוד - תולדות ישראל,04412-01,ב',ב',1000 - 1200,מ.ישראל-505,106
מחלקה המכון הגבוה לתורה,071889-01,א',ג',0800 - 1000,יהדות-403,67
מחלקה המכון הגבוה לתורה,071890-02,ב',ג',0800 - 1000,יהדות-404,114
מחלקה המכון הגבוה לתורה,07935-02,א',ג',1000 - 1200,יהדות-403,67
מחלקה המכון הגבוה לתורה,07936-02,א',ב',0800 - 1000,יהדות-404,114
מחלקה המכון הגבוה לתורה,07937-02,א',ב',1000 - 1200,יהדות-404,101
מחלקה המכון הגבוה לתורה,07939-02,א',ד',1000 - 1200,משפטים-306,111
מחלקה המכון הגבוה לתורה,07940-02,א',ד',0800 - 1000,משפטים-306,111
מחלקה המכון הגבוה לתורה,07941-02,א',ב',1000 - 1200,יהדות-404,114
מחלקה המכון הגבוה לתורה,07942-02,א',ה',0800 - 1000,יהדות-404,101
מחלקה המכון הגבוה לתורה,07945-03,ב',ג',1000 - 1200,מ.ישראל-504,4
מחלקה המכון הגבוה לתורה,07946-03,ב',ב',0800 - 1000,יהדות-404,102
מחלקה המכון הגבוה לתורה,07947-03,ב',ב',1000 - 1200,יהדות-404,102
מחלקה המכון הגבוה לתורה,07949-03,ב',ד',1000 - 1200,מ.ישראל-605,12
מחלקה המכון הגבוה לתורה,07950-03,ב',ד',0900 - 1100,משפטים-306,111
מחלקה המכון הגבוה לתורה,07951-03,ב',ב',1000 - 1200,יהדות-404,114
מחלקה המכון הגבוה לתורה,07952-03,ב',ה',0800 - 1000,מ.ישראל-604,101
מחלקה המכון הגבוה לתורה,07955-02,א',ב',0800 - 1000,יהדות-404,101
מחלקה המכון הגבוה לתורה,07956-03,ב',ב',0800 - 1000,יהדות-404,114
"מחלקה המחלקה לתנ""ך על שם זלמן שמיר",080283-01,א',ה',1600 - 1800,יהדות-410,46
"מחלקה המחלקה לתנ""ך על שם זלמן שמיר",080284-01,ב',ה',1600 - 1800,יהדות-410,46
"מחלקה המחלקה לתנ""ך על שם זלמן שמיר",080372-01,א',ד',1800 - 2000,מ.ישראל-505,5
"מחלקה המחלקה לתנ""ך על שם זלמן שמיר",080373-01,ב',ד',1800 - 2000,מ.ישראל-507,1
"מחלקה המחלקה לתנ""ך על שם זלמן שמיר",08047-01,ב',ב',1600 - 1800,מ.ישראל-504,1
"מחלקה המחלקה לתנ""ך על שם זלמן שמיר",08048-01,א',ב',1600 - 1800,מ.ישראל-507,1
"מחלקה המחלקה לתנ""ך על שם זלמן שמיר",080542-01,א',א',1800 - 2000,נלמד בזום,999
"מחלקה המחלקה לתנ""ך על שם זלמן שמיר",080543-01,ב',א',1800 - 2000,נלמד בזום,999
"מחלקה המחלקה לתנ""ך על שם זלמן שמיר",080663-01,ב',ד',1200 - 1400,"פרטי קורס  מ המקדש לפילוג הממלכה (מל""א ו-יב)
קוד קורס 080663-01
שם קורס באנגלית From the Temple to Secession
מחלקה המחלקה לתנ""ך על שם זלמן שמיר
פקולטה מדעי היהדות
סוג מפגש הרצאה
מרצה פרופ' יהושע ברמן
שעות סמסטר ב' - 2.00
נ""ז 2.00
הערה
יום ד'
שעה 1200 - 1400

מ.ישראל-508
חדר
7
אפיונים מודל - אתר מלווה קורס
תאריכי בחינות
סילבוס צפייה בסילבוס",7
"מחלקה המחלקה לתנ""ך על שם זלמן שמיר",080664-01,א',ד',1200 - 1400,יהדות-410,125
"מחלקה המחלקה לתנ""ך על שם זלמן שמיר",08102-01,א',ה',1400 - 1600,יהדות-410,125
"מחלקה המחלקה לתנ""ך על שם זלמן שמיר",08155-01,א',ג',1000 - 1200,מ.ישראל-507,4
"מחלקה המחלקה לתנ""ך על שם זלמן שמיר",08157-01,ב',ג',1000 - 1200,מ.ישראל-502,26
"מחלקה המחלקה לתנ""ך על שם זלמן שמיר",08204-01,א',ה',0800 - 1000,יהדות-410,125
"מחלקה המחלקה לתנ""ך על שם זלמן שמיר",08205-01,א',ב',1800 - 2000,נלמד בזום,999
"מחלקה המחלקה לתנ""ך על שם זלמן שמיר",08210-01,א',ג',0800 - 1000,יהדות-410,46
"מחלקה המחלקה לתנ""ך על שם זלמן שמיר",08211-01,א',ה',1000 - 1200,יהדות-410,125
"מחלקה המחלקה לתנ""ך על שם זלמן שמיר",082284-01,א',ג',0800 - 1000,יהדות-410,125
"מחלקה המחלקה לתנ""ך על שם זלמן שמיר",082285-01,א',ג',0800 - 1000,יהדות-410,125
"מחלקה המחלקה לתנ""ך על שם זלמן שמיר",082400-01,ב',ה',1400 - 1600,יהדות-410,226
"מחלקה המחלקה לתנ""ך על שם זלמן שמיר",082401-01,ב',ה',1400 - 1600,יהדות-410,226
"מחלקה המחלקה לתנ""ך על שם זלמן שמיר",082412-01,א',ג',1600 - 1800,יהדות-410,125
"מחלקה המחלקה לתנ""ך על שם זלמן שמיר",082413-01,ב',ג',1600 - 1800,יהדות-410,125
"מחלקה המחלקה לתנ""ך על שם זלמן שמיר",082430-01,א',ה',1200 - 1400,יהדות-410,226
"מחלקה המחלקה לתנ""ך על שם זלמן שמיר",082431-01,א',ה',1200 - 1400,יהדות-410,226
"מחלקה המחלקה לתנ""ך על שם זלמן שמיר",08250-01,א',ג',1400 - 1600,מ.ישראל-504,1
"מחלקה המחלקה לתנ""ך על שם זלמן שמיר",082680-01,א',ג',1400 - 1600,יהדות-410,125
"מחלקה המחלקה לתנ""ך על שם זלמן שמיר",082681-01,א',ג',1400 - 1600,יהדות-410,125
"מחלקה המחלקה לתנ""ך על שם זלמן שמיר",082682-01,ב',ג',1200 - 1400,מ.ישראל-507,1
"מחלקה המחלקה לתנ""ך על שם זלמן שמיר",082683-01,ב',ג',1200 - 1400,מ.ישראל-507,1
"מחלקה המחלקה לתנ""ך על שם זלמן שמיר",082690-01,ב',ה',1200 - 1400,יהדות-410,226
"מחלקה המחלקה לתנ""ך על שם זלמן שמיר",08269-01,ב',ה',1200 - 1400,יהדות-410,226
"מחלקה המחלקה לתנ""ך על שם זלמן שמיר",08282-01,ב',ה',1600 - 1800,יהדות-410,226
"מחלקה המחלקה לתנ""ך על שם זלמן שמיר",082842-01,א',ה',1600 - 1800,יהדות-410,226
"מחלקה המחלקה לתנ""ך על שם זלמן שמיר",082845-01,א',ה',1600 - 1800,יהדות-410,226
"מחלקה המחלקה לתנ""ך על שם זלמן שמיר",083404-01,ב',ד',0800 - 1000,מ.ישראל-507,1
"מחלקה המחלקה לתנ""ך על שם זלמן שמיר",083531-01,א',ב',1000 - 1200,משפטים-305,133
"מחלקה המחלקה לתנ""ך על שם זלמן שמיר",08365-01,ב',ה',1400 - 1600,יהדות-410,125
"מחלקה המחלקה לתנ""ך על שם זלמן שמיר",08431-01,ב',ג',1600 - 1800,מ.ישראל-507,1
"מחלקה המחלקה לתנ""ך על שם זלמן שמיר",08438-01,א',ה',0800 - 1000,יהדות-410,46
"מחלקה המחלקה לתנ""ך על שם זלמן שמיר",084388-01,א',ה',0800 - 1000,יהדות-410,46
"מחלקה המחלקה לתנ""ך על שם זלמן שמיר",08467-01,א',ד',1400 - 1600,מ.ישראל-507,205
"מחלקה המחלקה לתנ""ך על שם זלמן שמיר",085420-01,א',ג',1600 - 1800,מ.ישראל-502,24
"מחלקה המחלקה לתנ""ך על שם זלמן שמיר",085430-01,א',ג',1600 - 1800,מ.ישראל-502,24
"מחלקה המחלקה לתנ""ך על שם זלמן שמיר",085630-01,ב',ב',0800 - 1000,יהדות-410,125
"מחלקה המחלקה לתנ""ך על שם זלמן שמיר",08563-01,א',ב',0800 - 1000,יהדות-410,125
"מחלקה המחלקה לתנ""ך על שם זלמן שמיר",08568-01,א',ב',1200 - 1400,מ.ישראל-507,6
"מחלקה המחלקה לתנ""ך על שם זלמן שמיר",08572-01,א',ג',1600 - 1800,מ.ישראל-504,3
"מחלקה המחלקה לתנ""ך על שם זלמן שמיר",08583-01,ב',ב',1200 - 1400,מ.ישראל-502,24
"מחלקה המחלקה לתנ""ך על שם זלמן שמיר",086001-01,א',ג',1200 - 1400,מ.ישראל-507,4
"מחלקה המחלקה לתנ""ך על שם זלמן שמיר",086033-01,א',ה',1200 - 1400,יהדות-410,125
"מחלקה המחלקה לתנ""ך על שם זלמן שמיר",086077-01,ב',ה',1200 - 1400,יהדות-410,125
"מחלקה המחלקה לתנ""ך על שם זלמן שמיר",086302-01,ב',ב',1400 - 1600,יהדות-410,125
"מחלקה המחלקה לתנ""ך על שם זלמן שמיר",086303-01,א',ב',1400 - 1600,מ.ישראל-605,65
"מחלקה המחלקה לתנ""ך על שם זלמן שמיר",086422-01,א',ה',1000 - 1200,יהדות-410,46
"מחלקה המחלקה לתנ""ך על שם זלמן שמיר",086423-01,א',ה',1000 - 1200,יהדות-410,46
"מחלקה המחלקה לתנ""ך על שם זלמן שמיר",086424-01,ב',ה',1000 - 1200,יהדות-404,68
"מחלקה המחלקה לתנ""ך על שם זלמן שמיר",086425-01,ב',ה',1000 - 1200,יהדות-404,68
"מחלקה המחלקה לתנ""ך על שם זלמן שמיר",086426-01,א',ב',1000 - 1200,חדר מחלקה,מחלקה
"מחלקה המחלקה לתנ""ך על שם זלמן שמיר",086427-01,א',ב',1000 - 1200,נלמד בזום,999
"מחלקה המחלקה לתנ""ך על שם זלמן שמיר",086510-01,א',ה',1400 - 1600,יהדות-410,46
"מחלקה המחלקה לתנ""ך על שם זלמן שמיר",086511-01,א',ה',1400 - 1600,יהדות-410,46
"מחלקה המחלקה לתנ""ך על שם זלמן שמיר",086551-01,א',ג',1000 - 1200,מ.ישראל-502,25
"מחלקה המחלקה לתנ""ך על שם זלמן שמיר",086552-01,א',ג',1000 - 1200,מ.ישראל-502,25
"מחלקה המחלקה לתנ""ך על שם זלמן שמיר",086930-01,א',ד',0800 - 1000,מ.ישראל-504,1
"מחלקה המחלקה לתנ""ך על שם זלמן שמיר",08787-01,א',ד',1600 - 1800,חדר מחלקה,מחלקה
"מחלקה המחלקה לתנ""ך על שם זלמן שמיר",087910-01,ב',ג',1200 - 1400,יהדות-410,125
"מחלקה המחלקה לתנ""ך על שם זלמן שמיר",087912-01,ב',ג',1400 - 1600,מ.ישראל-507,1
"מחלקה המחלקה לתנ""ך על שם זלמן שמיר",087913-01,ב',ג',1400 - 1600,מ.ישראל-507,1
"מחלקה המחלקה לתנ""ך על שם זלמן שמיר",087914-01,א',ג',1200 - 1400,יהדות-410,125
"מחלקה המחלקה לתנ""ך על שם זלמן שמיר",087915-01,א',ג',1200 - 1400,יהדות-410,125
"מחלקה המחלקה לתנ""ך על שם זלמן שמיר",087916-01,א',ה',1400 - 1600,יהדות-410,226
"מחלקה המחלקה לתנ""ך על שם זלמן שמיר",087917-01,א',ה',1400 - 1600,יהדות-410,226
"מחלקה המחלקה לתנ""ך על שם זלמן שמיר",087951-01,א',ג',1800 - 2000,מ.ישראל-505,3
"מחלקה המחלקה לתנ""ך על שם זלמן שמיר",087952-01,א',ג',1800 - 2000,מ.ישראל-505,3
"מחלקה המחלקה לתנ""ך על שם זלמן שמיר",088101-01,א',ה',1000 - 1200,יהדות-410,226
"מחלקה המחלקה לתנ""ך על שם זלמן שמיר",088102-01,א',ה',1000 - 1200,יהדות-410,226
"מחלקה המחלקה לתנ""ך על שם זלמן שמיר",088225-01,א',ה',1600 - 1800,יהדות-410,125
"מחלקה המחלקה לתנ""ך על שם זלמן שמיר",088226-01,א',ה',1600 - 1800,יהדות-410,125
"מחלקה המחלקה לתנ""ך על שם זלמן שמיר",088252-01,א',ג',1800 - 2000,יהדות-410,125
"מחלקה המחלקה לתנ""ך על שם זלמן שמיר",088253-01,ב',ג',1800 - 2000,יהדות-410,125
"מחלקה המחלקה לתנ""ך על שם זלמן שמיר",088254-01,א',ה',1200 - 1400,מ.ישראל-504,4
"מחלקה המחלקה לתנ""ך על שם זלמן שמיר",088255-01,א',ה',1200 - 1400,מ.ישראל-504,4
"מחלקה המחלקה לתנ""ך על שם זלמן שמיר",088325-01,א',ג',1400 - 1600,מ.ישראל-502,25
"מחלקה המחלקה לתנ""ך על שם זלמן שמיר",088326-01,א',ג',1400 - 1600,מ.ישראל-502,25
"מחלקה המחלקה לתנ""ך על שם זלמן שמיר",088370-01,א',ג',1200 - 1400,מ.ישראל-505,62
"מחלקה המחלקה לתנ""ך על שם זלמן שמיר",088371-01,א',ג',1200 - 1400,מ.ישראל-505,62
"מחלקה המחלקה לתנ""ך על שם זלמן שמיר",088619-01,א',ד',1000 - 1200,מ.ישראל-605,105
"מחלקה המחלקה לתנ""ך על שם זלמן שמיר",088701-01,א',ג',1800 - 2000,מ.ישראל-502,7
"מחלקה המחלקה לתנ""ך על שם זלמן שמיר",088702-01,א',ג',1800 - 2000,מ.ישראל-502,7
"מחלקה המחלקה לתנ""ך על שם זלמן שמיר",0887911-01,ב',ג',1200 - 1400,יהדות-410,125
"מחלקה המחלקה לתנ""ך על שם זלמן שמיר",088877-01,ב',ה',1600 - 1800,יהדות-410,125
"מחלקה המחלקה לתנ""ך על שם זלמן שמיר",088878-01,ב',ה',1600 - 1800,יהדות-410,125
"מחלקה המחלקה לתנ""ך על שם זלמן שמיר",08997-01,א',סוג מפגש קולוקו רשות,1800 - 1900,חדר מחלקה,מחלקה
"מחלקה המחלקה לתנ""ך על שם זלמן שמיר",08998-01,א',סוג מפגש קולוקו רשות,"1800 - 2000
1800 - 2000",חדר מחלקה,מחלקה
"מחלקה המחלקה לתלמוד ותושב""ע ע""ש נפתלי יפה",09014-01,א',ב',1400 - 1600,יהדות-410,142
"מחלקה המחלקה לתלמוד ותושב""ע ע""ש נפתלי יפה",09074-01,ב',ג',1000 - 1200,יהדות-410,142
"מחלקה המחלקה לתלמוד ותושב""ע ע""ש נפתלי יפה",09080-01,א',ו',0800 - 1000,נלמד בזום,999
"מחלקה המחלקה לתלמוד ותושב""ע ע""ש נפתלי יפה",09086-01,א',ד',1600 - 1800,יהדות-410,142
"מחלקה המחלקה לתלמוד ותושב""ע ע""ש נפתלי יפה",09087-01,ב',ד',1600 - 1800,יהדות-410,142
"מחלקה המחלקה לתלמוד ותושב""ע ע""ש נפתלי יפה",09090-01,א',ג',1000 - 1200,יהדות-410,142
"מחלקה המחלקה לתלמוד ותושב""ע ע""ש נפתלי יפה",09091-01,א',ד',1200 - 1400,יהדות-410,142
"מחלקה המחלקה לתלמוד ותושב""ע ע""ש נפתלי יפה",09101-01,א',ג',1400 - 1600,מ.ישראל-505,3
"מחלקה המחלקה לתלמוד ותושב""ע ע""ש נפתלי יפה",091011-01,ב',ג',1400 - 1600,יהדות-403,66
"מחלקה המחלקה לתלמוד ותושב""ע ע""ש נפתלי יפה",091020-01,א',ד',0800 - 1000,יהדות-410,142
"מחלקה המחלקה לתלמוד ותושב""ע ע""ש נפתלי יפה",091036-01,א',ג',0800 - 1000,יהדות-410,142
"מחלקה המחלקה לתלמוד ותושב""ע ע""ש נפתלי יפה",091052-01,א',ו',1000 - 1200,נלמד בזום,999
"מחלקה המחלקה לתלמוד ותושב""ע ע""ש נפתלי יפה",091077-01,א',ד',1000 - 1200,יהדות-410,142
"מחלקה המחלקה לתלמוד ותושב""ע ע""ש נפתלי יפה",091078-01,א',ד',1800 - 2000,נלמד בזום,999
"מחלקה המחלקה לתלמוד ותושב""ע ע""ש נפתלי יפה",091084-01,א',ה',1000 - 1200,יהדות-410,142
"מחלקה המחלקה לתלמוד ותושב""ע ע""ש נפתלי יפה",091086-01,א',ה',1200 - 1400,יהדות-410,142
"מחלקה המחלקה לתלמוד ותושב""ע ע""ש נפתלי יפה",091101-01,א',ג',1400 - 1600,מ.ישראל-505,3
"מחלקה המחלקה לתלמוד ותושב""ע ע""ש נפתלי יפה",091111-01,א',ה',1600 - 1800,מ.ישראל-505,5
"מחלקה המחלקה לתלמוד ותושב""ע ע""ש נפתלי יפה",091281-01,א',ג',1400 - 1600,יהדות-410,142
"מחלקה המחלקה לתלמוד ותושב""ע ע""ש נפתלי יפה",091283-01,ב',ג',1400 - 1600,יהדות-410,142
"מחלקה המחלקה לתלמוד ותושב""ע ע""ש נפתלי יפה",091382-01,א',ג',1600 - 1800,מ.ישראל-504,7
"מחלקה המחלקה לתלמוד ותושב""ע ע""ש נפתלי יפה",091384-01,ב',ג',1600 - 1800,יהדות-410,26
"מחלקה המחלקה לתלמוד ותושב""ע ע""ש נפתלי יפה",091420-01,א',ד',2000 - 2200,נלמד בזום,999
"מחלקה המחלקה לתלמוד ותושב""ע ע""ש נפתלי יפה",091569-01,א',ג',1800 - 2000,מ.ישראל-505,105
"מחלקה המחלקה לתלמוד ותושב""ע ע""ש נפתלי יפה",091609-01,א',ד',1400 - 1600,יהדות-410,142
"מחלקה המחלקה לתלמוד ותושב""ע ע""ש נפתלי יפה",091610-01,ב',ד',1400 - 1600,יהדות-410,142
"מחלקה המחלקה לתלמוד ותושב""ע ע""ש נפתלי יפה",091612-01,א',ה',1400 - 1600,יהדות-410,142
"מחלקה המחלקה לתלמוד ותושב""ע ע""ש נפתלי יפה",091633-01,א',ה',1800 - 2000,מ.ישראל-505,4
"מחלקה המחלקה לתלמוד ותושב""ע ע""ש נפתלי יפה",091634-01,ב',ה',1800 - 2000,מ.ישראל-505,4
"מחלקה המחלקה לתלמוד ותושב""ע ע""ש נפתלי יפה",091663-01,ב',ג',1800 - 2000,יהדות-404,68
"מחלקה המחלקה לתלמוד ותושב""ע ע""ש נפתלי יפה",091818-01,א',ו',1000 - 1200,נלמד בזום,999
"מחלקה המחלקה לתלמוד ותושב""ע ע""ש נפתלי יפה",091821-01,א',ה',1400 - 1600,יהדות-410,142
"מחלקה המחלקה לתלמוד ותושב""ע ע""ש נפתלי יפה",091838-01,א',ג',0800 - 1000,יהדות-410,142
"מחלקה המחלקה לתלמוד ותושב""ע ע""ש נפתלי יפה",091844-01,א',ד',0800 - 1000,יהדות-410,142
"מחלקה המחלקה לתלמוד ותושב""ע ע""ש נפתלי יפה",091856-01,א',ד',1800 - 2000,נלמד בזום,999
"מחלקה המחלקה לתלמוד ותושב""ע ע""ש נפתלי יפה",091863-01,א',ד',1000 - 1200,יהדות-410,142
"מחלקה המחלקה לתלמוד ותושב""ע ע""ש נפתלי יפה",091868-01,א',ה',1600 - 1800,מ.ישראל-505,5
"מחלקה המחלקה לתלמוד ותושב""ע ע""ש נפתלי יפה",091869-01,א',ה',1000 - 1200,יהדות-410,142
"מחלקה המחלקה לתלמוד ותושב""ע ע""ש נפתלי יפה",091871-01,א',ה',1200 - 1400,יהדות-410,142
"מחלקה המחלקה לתלמוד ותושב""ע ע""ש נפתלי יפה",09379-01,א',ב',1400 - 1600,מ.ישראל-508,7
"מחלקה המחלקה לתלמוד ותושב""ע ע""ש נפתלי יפה",09380-01,א',ג',1600 - 1800,יהדות-410,142
"מחלקה המחלקה לתלמוד ותושב""ע ע""ש נפתלי יפה",09389-01,ב',ג',1600 - 1800,יהדות-410,142
"מחלקה המחלקה לתלמוד ותושב""ע ע""ש נפתלי יפה",09394-01,א',"פרטי קורס  קולוקוו מחלקתי
קוד קורס 09394-01
שם קורס באנגלית Departmental Colloquium
מחלקה המחלקה לתלמוד ותושב""ע ע""ש נפתלי יפה
פקולטה מדעי היהדות
סוג מפגש קולוקו רשות
מרצה פרופ' ברק כהן
ד""ר איילת הופמן ליבזון
שעות סמסטר א' - 2.00
סמסטר ב' - 2.00
נ""ז 0.00
הערה
לתלמידי מחקר
 ב'
שעה 1800 - 2000
בניין
יהדות-410
חדר
142
אפיונים
תאריכי בחינות",1800 - 2000,יהדות-410,142
"מחלקה המחלקה לתלמוד ותושב""ע ע""ש נפתלי יפה",09399-01,א',ב',1200 - 1400,יהדות-410,142
"מחלקה המחלקה לתלמוד ותושב""ע ע""ש נפתלי יפה",09401-01,א',ב',1600 - 1800,יהדות-410,142
"מחלקה המחלקה לתלמוד ותושב""ע ע""ש נפתלי יפה",09417-01,א',ג',1200 - 1400,יהדות-410,142
"מחלקה המחלקה לתלמוד ותושב""ע ע""ש נפתלי יפה",09418-01,א',ב',1000 - 1200,יהדות-410,142
"מחלקה המחלקה לתלמוד ותושב""ע ע""ש נפתלי יפה",09563-01,א',ג',1800 - 2000,יהדות-410,142
"מחלקה המחלקה לתלמוד ותושב""ע ע""ש נפתלי יפה",096471-01,א',ג',1600 - 1800,יהדות-403,113
"מחלקה המחלקה לתלמוד ותושב""ע ע""ש נפתלי יפה",096472-01,ב',ג',1600 - 1800,חדר מחלקה,מחלקה
"מחלקה המחלקה לתלמוד ותושב""ע ע""ש נפתלי יפה",09806-01,א',ב',1400 - 1600,יהדות-410,142
"מחלקה המחלקה לתלמוד ותושב""ע ע""ש נפתלי יפה",098250-01,א',ב',1400 - 1600,מ.ישראל-508,7
"מחלקה המחלקה לתלמוד ותושב""ע ע""ש נפתלי יפה",09848-01,א',ב',1200 - 1400,יהדות-410,142
"מחלקה המחלקה לתלמוד ותושב""ע ע""ש נפתלי יפה",098800-01,א',ד',1200 - 1400,יהדות-410,142
"מחלקה המחלקה לתלמוד ותושב""ע ע""ש נפתלי יפה",098801-01,א',ג',1200 - 1400,יהדות-410,142
"מחלקה המחלקה לתלמוד ותושב""ע ע""ש נפתלי יפה",098802-01,א',ב',1000 - 1200,יהדות-410,142
"מחלקה המחלקה לתלמוד ותושב""ע ע""ש נפתלי יפה",09888-01,א',ו',0800 - 1000,נלמד בזום,999
"מחלקה המחלקה לתלמוד ותושב""ע ע""ש נפתלי יפה",09965-01,א',ד',1800 - 2000,נלמד בזום,999
"מחלקה המחלקה לתלמוד ותושב""ע ע""ש נפתלי יפה",09966-01,ב',ד',1800 - 2000,נלמד בזום,999
מחלקה המחלקה לתולדות ישראל ויהדות זמננו,110010-01,א',ב',1200 - 1400,יהדות-403,66
מחלקה המחלקה לתולדות ישראל ויהדות זמננו,11004-01,א',ד',1600 - 1800,מ.ישראל-507,5
מחלקה המחלקה לתולדות ישראל ויהדות זמננו,110041-01,א',ד',1400 - 1600,מ.ישראל-507,5
מחלקה המחלקה לתולדות ישראל ויהדות זמננו,11006-01,א',ד',"1000 - 1200
1000 - 1200","מ.ישראל-604
מ.ישראל-507","62
1"
מחלקה המחלקה לתולדות ישראל ויהדות זמננו,11009-01,א',ד',1800 - 2000,יהדות-410,46
מחלקה המחלקה לתולדות ישראל ויהדות זמננו,11010-01,א',ד',1400 - 1600,יהדות-410,125
מחלקה המחלקה לתולדות ישראל ויהדות זמננו,11038-01,א',א',1600 - 2000,יהדות-410,46
מחלקה המחלקה לתולדות ישראל ויהדות זמננו,11097-01,א',ג',1600 - 1800,חדר מחלקה,מחלקה
מחלקה המחלקה לתולדות ישראל ויהדות זמננו,11098-01,ב',ג',1600 - 1800,מ.ישראל-505,64
מחלקה המחלקה לתולדות ישראל ויהדות זמננו,112881-01,ב',א',1600 - 2000,יהדות-410,46
מחלקה המחלקה לתולדות ישראל ויהדות זמננו,11292-01,א',ב',1800 - 2000,יהדות-410,46
מחלקה המחלקה לתולדות ישראל ויהדות זמננו,112921-01,א',ב',1800 - 2000,יהדות-410,46
מחלקה המחלקה לתולדות ישראל ויהדות זמננו,11302-01,א',ב',1400 - 1600,מ.ישראל-505,104
מחלקה המחלקה לתולדות ישראל ויהדות זמננו,11305-01,א',ב',0800 - 1000,יהדות-410,142
מחלקה המחלקה לתולדות ישראל ויהדות זמננו,11364-01,א',ה',1000 - 1200,מ.ישראל-507,203
מחלקה המחלקה לתולדות ישראל ויהדות זמננו,11386-01,ב',ה',1000 - 1200,יהדות-410,46
מחלקה המחלקה לתולדות ישראל ויהדות זמננו,11387-01,א',ד',1000 - 1200,מ.ישראל-502,9
מחלקה המחלקה לתולדות ישראל ויהדות זמננו,114802-01,א',ד',1600 - 1800,מ.ישראל-505,65
מחלקה המחלקה לתולדות ישראל ויהדות זמננו,11563-01,א',ב',"1600 - 1800
1600 - 1800",מ.ישראל-507,"105
108"
מחלקה המחלקה לתולדות ישראל ויהדות זמננו,11566-01,א',ב',1000 - 1200,יהדות-410,125
מחלקה המחלקה לתולדות ישראל ויהדות זמננו,115661-01,ב',ג',1200 - 1400,מ.ישראל-507,106
מחלקה המחלקה לתולדות ישראל ויהדות זמננו,115662-01,א',ב',1000 - 1200,מ.ישראל-507,5
מחלקה המחלקה לתולדות ישראל ויהדות זמננו,115663-01,א',ב',1000 - 1200,מ.ישראל-507,5
מחלקה המחלקה לתולדות ישראל ויהדות זמננו,115664-01,א',ג',1200 - 1400,מ.ישראל-502,9
מחלקה המחלקה לתולדות ישראל ויהדות זמננו,115665-01,א',ב',1200 - 1400,מ.ישראל-505,1
מחלקה המחלקה לתולדות ישראל ויהדות זמננו,115667-01,א',ב',1600 - 1800,מ.ישראל-507,4
מחלקה המחלקה לתולדות ישראל ויהדות זמננו,115668-01,ב',ב',1800 - 2000,מ.ישראל-507,108
מחלקה המחלקה לתולדות ישראל ויהדות זמננו,115669-01,א',ב',1000 - 1200,מ.ישראל-505,4
מחלקה המחלקה לתולדות ישראל ויהדות זמננו,115670-01,א',ב',1200 - 1400,מ.ישראל-505,101
מחלקה המחלקה לתולדות ישראל ויהדות זמננו,115671-01,ב',ב',1200 - 1400,מ.ישראל-507,203
מחלקה המחלקה לתולדות ישראל ויהדות זמננו,115672-01,א',ב',1400 - 1600,מ.ישראל-507,105
מחלקה המחלקה לתולדות ישראל ויהדות זמננו,115673-01,א',ב',1400 - 1600,מ.ישראל-507,105
מחלקה המחלקה לתולדות ישראל ויהדות זמננו,11587-01,ב',ג',1000 - 1200,מ.ישראל-507,108
מחלקה המחלקה לתולדות ישראל ויהדות זמננו,116081-01,א',ג',1000 - 1200,מ.ישראל-505,105
מחלקה המחלקה לתולדות ישראל ויהדות זמננו,11614-01,א',א',1000 - 1200,מ.ישראל-507,102
מחלקה המחלקה לתולדות ישראל ויהדות זמננו,11616-01,ב',א',1000 - 1200,יהדות-403,67
מחלקה המחלקה לתולדות ישראל ויהדות זמננו,118691-01,א',ג',1800 - 2000,יהדות-410,46
מחלקה המחלקה לתולדות ישראל ויהדות זמננו,118692-01,א',ג',1800 - 2000,יהדות-410,46
מחלקה המחלקה לתולדות ישראל ויהדות זמננו,118872-01,א',ד',0800 - 1000,יהדות-403,113
מחלקה המחלקה לתולדות ישראל ויהדות זמננו,118873-01,ב',ד',0800 - 1000,יהדות-410,46
מחלקה המחלקה לתולדות ישראל ויהדות זמננו,118890-01,ב',ד',"1000 - 1200
1400 - 1600",יהדות-410,46
מחלקה המחלקה לתולדות ישראל ויהדות זמננו,118892-01,א',ה',1200 - 1400,יהדות-410,46
מחלקה המחלקה לתולדות ישראל ויהדות זמננו,118895-01,א',ג',1600 - 1800,יהדות-410,46
מחלקה המחלקה לתולדות ישראל ויהדות זמננו,118896-01,א',ג',1600 - 1800,יהדות-410,46
מחלקה המחלקה לתולדות ישראל ויהדות זמננו,118960-01,א',ב',1200 - 1400,יהדות-410,46
מחלקה המחלקה לתולדות ישראל ויהדות זמננו,118970-01,א',ב',1200 - 1400,יהדות-410,46
מחלקה המחלקה לתולדות ישראל ויהדות זמננו,118980-01,א',ב',0800 - 1000,יהדות-410,46
מחלקה המחלקה לתולדות ישראל ויהדות זמננו,118981-01,א',ב',0800 - 1000,יהדות-410,46
מחלקה המחלקה לתולדות ישראל ויהדות זמננו,118995-01,א',ה',1200 - 1400,יהדות-410,46
מחלקה המחלקה לתולדות ישראל ויהדות זמננו,118996-01,א',ה',1400 - 1800,נלמד בזום,999
מחלקה המחלקה לתולדות ישראל ויהדות זמננו,118997-01,א',ה',1400 - 1800,נלמד בזום,999
מחלקה המחלקה לתולדות ישראל ויהדות זמננו,11926-01,א',ד',1600 - 1800,יהדות-410,46
מחלקה המחלקה לתולדות ישראל ויהדות זמננו,11927-01,א',ד',1600 - 1800,יהדות-410,46
מחלקה המחלקה לתולדות ישראל ויהדות זמננו,119282-01,א',ג',"1400 - 1600
1400 - 1600","מ.ישראל-507
יהדות-410","4
46"
מחלקה המחלקה לתולדות ישראל ויהדות זמננו,119283-01,א',ג',"1400 - 1600
1400 - 1600","מ.ישראל-507
יהדות-410","4
46"
מחלקה המחלקה לתולדות ישראל ויהדות זמננו,119418-01,א',ג',1000 - 1200,יהדות-410,46
מחלקה המחלקה לתולדות ישראל ויהדות זמננו,119419-01,א',ג',1000 - 1200,יהדות-410,46
מחלקה המחלקה לתולדות ישראל ויהדות זמננו,119430-01,א',ד',"1000 - 1200
1400 - 1600",יהדות-410,46
מחלקה המחלקה לתולדות ישראל ויהדות זמננו,119440-01,א',ד',"1000 - 1200
1400 - 1600",יהדות-410,46
מחלקה המחלקה לתולדות ישראל ויהדות זמננו,119501-01,א',ג',1200 - 1400,מ.ישראל-507,208
מחלקה המחלקה לתולדות ישראל ויהדות זמננו,119502-01,ב',ג',1200 - 1400,מ.ישראל-505,3
מחלקה המחלקה לתולדות ישראל ויהדות זמננו,119510-01,א',ג',1000 - 1200,נלמד בזום,999
מחלקה המחלקה לתולדות ישראל ויהדות זמננו,119520-01,א',ג',1000 - 1200,נלמד בזום,999
מחלקה המחלקה לתולדות ישראל ויהדות זמננו,119557-01,א',ג',1400 - 1600,מ.ישראל-505,1
מחלקה המחלקה לתולדות ישראל ויהדות זמננו,119637-01,א',ג',"1400 - 1600
1400 - 1600","יהדות-410
מ.ישראל-505","46
104"
מחלקה המחלקה לתולדות ישראל ויהדות זמננו,119638-01,א',ג',"1400 - 1600
1400 - 1600","יהדות-410
מ.ישראל-505","46
104"
מחלקה המחלקה לתולדות ישראל ויהדות זמננו,11977-01,ב',ב',1600 - 1800,יהדות-410,46
מחלקה המחלקה לתולדות ישראל ויהדות זמננו,11979-01,א',ב',1800 - 2000,נלמד בזום,999
מחלקה המחלקה לתולדות ישראל ויהדות זמננו,11980-01,א',ב',"1000 - 1200
1000 - 1200","מ.ישראל-507
מ.ישראל-604","1
205"
מחלקה המחלקה לתולדות ישראל ויהדות זמננו,11981-01,א',ב',"1000 - 1200
1000 - 1200","מ.ישראל-507
מ.ישראל-604","1
205"
מחלקה המחלקה לתולדות ישראל ויהדות זמננו,119900-01,א',ב',1400 - 1600,יהדות-410,46
מחלקה המחלקה לתולדות ישראל ויהדות זמננו,119910-01,א',ב',1400 - 1600,יהדות-410,46
מחלקה המחלקה לתולדות ישראל ויהדות זמננו,119970-01,א',"פרטי קורס  קולוקוו לתואר שלישי
קוד קורס 119970-01
שם קורס באנגלית Departmental Colloquium p.h.d
מחלקה המחלקה לתולדות ישראל ויהדות זמננו
פקולטה מדעי היהדות
סוג מפגש קולוקו רשות
מרצה פרופ' יגאל לוין
שעות סמסטר א' - 2.00
סמסטר ב' - 2.00
נ""ז 0.00
הערה
 ד'
שעה 1200 - 1400
בניין
מ.ישראל-507
חדר
101
אפיונים מודל - אתר מלווה קורס
תאריכי בחינות",1200 - 1400,מ.ישראל-507,101
מחלקה המחלקה לתולדות ישראל ויהדות זמננו,11997-01,א',"פרטי קורס  קולוקוו מחלקתי
קוד קורס 11997-01
שם קורס באנגלית Departmental Colloquium
מחלקה המחלקה לתולדות ישראל ויהדות זמננו
פקולטה מדעי היהדות
סוג מפגש קולוקו רשות
מרצה פרופ' יגאל לוין
שעות סמסטר א' - 2.00
סמסטר ב' - 2.00
נ""ז 0.00
הערה
 ד'
שעה 1200 - 1400
בניין
מ.ישראל-507
חדר
101
אפיונים מודל - אתר מלווה קורס
תאריכי בחינות",1200 - 1400,מ.ישראל-507,101
מחלקה המחלקה ללשון העברית וללשונות שמיות,12001-01,א',א',1600 - 1800,נלמד בזום,999
מחלקה המחלקה ללשון העברית וללשונות שמיות,12003-01,א',א',1800 - 2000,נלמד בזום,999
מחלקה המחלקה ללשון העברית וללשונות שמיות,12100-01,א',ד',1400 - 1600,מ.ישראל-505,65
מחלקה המחלקה ללשון העברית וללשונות שמיות,12100-02,א',ג',1200 - 1400,יהדות-410,46
מחלקה המחלקה ללשון העברית וללשונות שמיות,12104-01,א',ד',1000 - 1200,יהדות-410,125
מחלקה המחלקה ללשון העברית וללשונות שמיות,12107-01,ב',ד',1000 - 1200,יהדות-410,125
מחלקה המחלקה ללשון העברית וללשונות שמיות,12108-01,ב',ג',1400 - 1600,משפטים-305,133
מחלקה המחלקה ללשון העברית וללשונות שמיות,12110-01,א',ד',1600 - 1800,יהדות-410,125
מחלקה המחלקה ללשון העברית וללשונות שמיות,12114-01,ב',א',1800 - 2000,נלמד בזום,999
מחלקה המחלקה ללשון העברית וללשונות שמיות,12116-01,א',ג',1600 - 1800,מ.ישראל-502,25
מחלקה המחלקה ללשון העברית וללשונות שמיות,12120-01,א',ד',1200 - 1400,יהדות-410,226
מחלקה המחלקה ללשון העברית וללשונות שמיות,12132-01,א',ג',1400 - 1600,מ.ישראל-502,24
מחלקה המחלקה ללשון העברית וללשונות שמיות,12202-01,א',ג',1400 - 1600,יהדות-403,217
מחלקה המחלקה ללשון העברית וללשונות שמיות,12203-01,ב',ג',1400 - 1600,משפטים-305,132
מחלקה המחלקה ללשון העברית וללשונות שמיות,12207-01,א',ג',1000 - 1200,מ.ישראל-604,62
מחלקה המחלקה ללשון העברית וללשונות שמיות,12217-01,א',ד',1600 - 1800,יהדות-410,6
מחלקה המחלקה ללשון העברית וללשונות שמיות,12218-01,ב',ד',1600 - 1800,יהדות-410,6
מחלקה המחלקה ללשון העברית וללשונות שמיות,12220-01,א',ג',1200 - 1400,מ.ישראל-504,4
מחלקה המחלקה ללשון העברית וללשונות שמיות,12222-01,ב',ג',1200 - 1400,יהדות-403,66
מחלקה המחלקה ללשון העברית וללשונות שמיות,12231-01,ב',ד',1200 - 1400,יהדות-404,68
מחלקה המחלקה ללשון העברית וללשונות שמיות,12234-01,א',ד',1400 - 1600,יהדות-410,6
מחלקה המחלקה ללשון העברית וללשונות שמיות,12303-01,א',ד',0800 - 1000,יהדות-410,6
מחלקה המחלקה ללשון העברית וללשונות שמיות,12304-01,ב',ד',1200 - 1400,יהדות-410,6
מחלקה המחלקה ללשון העברית וללשונות שמיות,12315-01,ב',ד',1600 - 1800,יהדות-410,125
מחלקה המחלקה ללשון העברית וללשונות שמיות,12410-01,א',ד',1000 - 1200,יהדות-410,6
מחלקה המחלקה ללשון העברית וללשונות שמיות,12605-01,א',ד',1200 - 1400,יהדות-410,6
מחלקה המחלקה ללשון העברית וללשונות שמיות,12609-01,ב',ג',1600 - 1800,חברה-905,417
מחלקה המחלקה ללשון העברית וללשונות שמיות,12724-01,א',ג',0800 - 1000,יהדות-410,6
מחלקה המחלקה ללשון העברית וללשונות שמיות,12730-01,א',ג',0800 - 1000,יהדות-410,6
מחלקה המחלקה ללשון העברית וללשונות שמיות,12737-01,א',ב',1800 - 2000,נלמד בזום,999
מחלקה המחלקה ללשון העברית וללשונות שמיות,12738-01,א',ב',1800 - 2000,נלמד בזום,999
מחלקה המחלקה ללשון העברית וללשונות שמיות,12741-01,א',ג',1200 - 1400,יהדות-410,6
מחלקה המחלקה ללשון העברית וללשונות שמיות,12742-01,א',ג',1200 - 1400,יהדות-410,6
מחלקה המחלקה ללשון העברית וללשונות שמיות,12750-01,א',ג',1000 - 1200,יהדות-410,6
מחלקה המחלקה ללשון העברית וללשונות שמיות,12751-01,א',ג',1000 - 1200,יהדות-410,6
מחלקה המחלקה ללשון העברית וללשונות שמיות,12772-01,ב',ב',1600 - 1800,נלמד בזום,999
מחלקה המחלקה ללשון העברית וללשונות שמיות,12779-01,א',ב',1400 - 1600,נלמד בזום,999
מחלקה המחלקה ללשון העברית וללשונות שמיות,12780-01,א',ב',1400 - 1600,נלמד בזום,999
מחלקה המחלקה ללשון העברית וללשונות שמיות,12795-01,א',ג',1400 - 1600,מ.ישראל-502,9
מחלקה המחלקה ללשון העברית וללשונות שמיות,12796-01,א',ג',1400 - 1600,מ.ישראל-502,9
מחלקה המחלקה ללשון העברית וללשונות שמיות,12808-01,ב',ד',1400 - 1600,מ.ישראל-505,3
מחלקה המחלקה ללשון העברית וללשונות שמיות,12812-01,א',"פרטי קורס  קולוקו מחלקתי
קוד קורס 12812-01
שם קורס באנגלית Departmental Colloquium
מחלקה המחלקה ללשון העברית וללשונות שמיות
פקולטה מדעי היהדות
סוג מפגש קולוקו רשות
מרצה פרופ' ג'יימס נתן פורד
שעות סמסטר א' - 2.00
סמסטר ב' - 2.00
נ""ז 0.00
הערה
 ב'
שעה 1600 - 1800
בניין
נלמד בזום
חדר
999
אפיונים מודל - אתר מלווה קורס
תאריכי בחינות",1600 - 1800,נלמד בזום,999
מחלקה המחלקה ללשון העברית וללשונות שמיות,12814-01,א',"פרטי קורס  קולוקו מחלקתי
קוד קורס 12814-01
שם קורס באנגלית .
מחלקה המחלקה ללשון העברית וללשונות שמיות
פקולטה מדעי היהדות
סוג מפגש קולוקו רשות
מרצה פרופ' ג'יימס נתן פורד
שעות סמסטר א' - 2.00
סמסטר ב' - 2.00
נ""ז 0.00
הערה
 ב'
שעה 1600 - 1800
בניין
נלמד בזום
חדר
999
אפיונים מודל - אתר מלווה קורס
זום
תאריכי בחינות",1600 - 1800,נלמד בזום,999
מחלקה המחלקה ללשון העברית וללשונות שמיות,12817-01,א',"פרטי קורס  קולוקו מחלקתי
קוד קורס 12817-01
שם קורס באנגלית Departmental Colloquium
מחלקה המחלקה ללשון העברית וללשונות שמיות
פקולטה מדעי היהדות
סוג מפגש קולוקו רשות
מרצה פרופ' ג'יימס נתן פורד
שעות סמסטר א' - 2.00
סמסטר ב' - 2.00
נ""ז 0.00
הערה
 ב'
שעה 1600 - 1800
בניין
נלמד בזום
חדר
999
אפיונים מודל - אתר מלווה קורס
זום
תאריכי בחינות",1600 - 1800,נלמד בזום,999
מחלקה המחלקה ללשון העברית וללשונות שמיות,12819-01,א',"פרטי קורס  קולוקו מחלקתי
קוד קורס 12819-01
שם קורס באנגלית Departmental Colloquium
מחלקה המחלקה ללשון העברית וללשונות שמיות
פקולטה מדעי היהדות
סוג מפגש קולוקו רשות
מרצה פרופ' ג'יימס נתן פורד
שעות סמסטר א' - 2.00
סמסטר ב' - 2.00
נ""ז 0.00
הערה
 ב'
שעה 1600 - 1800
בניין
נלמד בזום
חדר
999
אפיונים מודל - אתר מלווה קורס
זום
תאריכי בחינות",1600 - 1800,נלמד בזום,999
מחלקה המחלקה ללשון העברית וללשונות שמיות,12848-01,א',ג',1800 - 2000,יהדות-410,6
מחלקה המחלקה ללשון העברית וללשונות שמיות,12860-01,א',ג',1400 - 1800,יהדות-410,6
מחלקה המחלקה ללשון העברית וללשונות שמיות,12861-01,ב',ג',1400 - 1800,יהדות-410,6
מחלקה המחלקה ללשון העברית וללשונות שמיות,129040-01,ב',ג',0800 - 1000,יהדות-410,6
מחלקה המחלקה ללשון העברית וללשונות שמיות,129041-01,ב',ג',0800 - 1000,יהדות-410,6
מחלקה המחלקה ללשון העברית וללשונות שמיות,12980-01,א',ג',1000 - 1200,חדר מחלקה,מחלקה
מחלקה המחלקה ללשון העברית וללשונות שמיות,12982-01,א',א',1800 - 2000,יהדות-410,6
מחלקה המחלקה ללשון העברית וללשונות שמיות,12984-01,ב',ג',0800 - 1000,יהדות-410,125
מחלקה המחלקה ללשון העברית וללשונות שמיות,12985-01,ב',ג',0800 - 1000,יהדות-410,125
"מחלקה המחלקה לספרות עם ישראל ע""ש יוסף ונחום ברמן",131063-01,ב',ג',1200 - 1400,מ.ישראל-505,103
"מחלקה המחלקה לספרות עם ישראל ע""ש יוסף ונחום ברמן",131190-01,ב',ד',1600 - 1800,נלמד בזום,999
"מחלקה המחלקה לספרות עם ישראל ע""ש יוסף ונחום ברמן",13133-01,א',ב',1000 - 1200,מ.ישראל-507,2
"מחלקה המחלקה לספרות עם ישראל ע""ש יוסף ונחום ברמן",13147-01,א',א',1000 - 1200,יהדות-410,142
"מחלקה המחלקה לספרות עם ישראל ע""ש יוסף ונחום ברמן",131571-01,ב',ד',1800 - 2000,נלמד בזום,999
"מחלקה המחלקה לספרות עם ישראל ע""ש יוסף ונחום ברמן",131751-01,א',ג',1200 - 1400,מ.ישראל-604,13
"מחלקה המחלקה לספרות עם ישראל ע""ש יוסף ונחום ברמן",131800-01,א',ג',1000 - 1200,מ.ישראל-604,13
"מחלקה המחלקה לספרות עם ישראל ע""ש יוסף ונחום ברמן",131922-01,א',ג',1600 - 1800,מ.ישראל-502,9
"מחלקה המחלקה לספרות עם ישראל ע""ש יוסף ונחום ברמן",132020-01,א',ד',1400 - 1600,יהדות-403,217
"מחלקה המחלקה לספרות עם ישראל ע""ש יוסף ונחום ברמן",132230-01,ב',א',1200 - 1400,מ.ישראל-505,103
"מחלקה המחלקה לספרות עם ישראל ע""ש יוסף ונחום ברמן",13239-01,א',א',1200 - 1400,מ.ישראל-505,63
"מחלקה המחלקה לספרות עם ישראל ע""ש יוסף ונחום ברמן",132490-01,א',ג',1000 - 1200,יהדות-410,125
"מחלקה המחלקה לספרות עם ישראל ע""ש יוסף ונחום ברמן",132530-01,א',ג',1800 - 2000,מ.ישראל-505,5
"מחלקה המחלקה לספרות עם ישראל ע""ש יוסף ונחום ברמן",132720-01,א',ג',1200 - 1400,מ.ישראל-507,206
"מחלקה המחלקה לספרות עם ישראל ע""ש יוסף ונחום ברמן",133090-01,א',ג',1400 - 1600,מ.ישראל-507,209
"מחלקה המחלקה לספרות עם ישראל ע""ש יוסף ונחום ברמן",133140-01,א',ב',1600 - 1800,מ.ישראל-505,103
"מחלקה המחלקה לספרות עם ישראל ע""ש יוסף ונחום ברמן",133181-01,א',ב',1200 - 1400,מ.ישראל-505,64
"מחלקה המחלקה לספרות עם ישראל ע""ש יוסף ונחום ברמן",133332-01,א',א',1400 - 1600,יהדות-410,142
"מחלקה המחלקה לספרות עם ישראל ע""ש יוסף ונחום ברמן",133400-01,א',ד',1200 - 1400,יהדות-403,217
"מחלקה המחלקה לספרות עם ישראל ע""ש יוסף ונחום ברמן",133670-01,א',ב',1400 - 1600,מ.ישראל-505,3
"מחלקה המחלקה לספרות עם ישראל ע""ש יוסף ונחום ברמן",133771-01,א',ב',1600 - 1800,יהדות-410,125
"מחלקה המחלקה לספרות עם ישראל ע""ש יוסף ונחום ברמן",133991-01,א',ב',1800 - 2000,יהדות-410,125
"מחלקה המחלקה לספרות עם ישראל ע""ש יוסף ונחום ברמן",13417-01,א',ב',1000 - 1200,מ.ישראל-507,2
"מחלקה המחלקה לספרות עם ישראל ע""ש יוסף ונחום ברמן",13418-01,א',א',1000 - 1200,יהדות-410,142
"מחלקה המחלקה לספרות עם ישראל ע""ש יוסף ונחום ברמן",134210-01,א',ב',1400 - 1600,מ.ישראל-505,3
"מחלקה המחלקה לספרות עם ישראל ע""ש יוסף ונחום ברמן",134250-01,א',ד',1400 - 1600,יהדות-403,217
"מחלקה המחלקה לספרות עם ישראל ע""ש יוסף ונחום ברמן",134350-01,ב',ג',1400 - 1600,מ.ישראל-505,103
"מחלקה המחלקה לספרות עם ישראל ע""ש יוסף ונחום ברמן",134862-01,א',ב',1200 - 1400,מ.ישראל-505,64
"מחלקה המחלקה לספרות עם ישראל ע""ש יוסף ונחום ברמן",134931-01,א',ד',1200 - 1400,יהדות-403,217
"מחלקה המחלקה לספרות עם ישראל ע""ש יוסף ונחום ברמן",134990-01,א',ג',1200 - 1400,מ.ישראל-502,25
"מחלקה המחלקה לספרות עם ישראל ע""ש יוסף ונחום ברמן",135201-01,ב',א',1600 - 1800,יהדות-410,328
"מחלקה המחלקה לספרות עם ישראל ע""ש יוסף ונחום ברמן",135501-01,ב',ג',1400 - 1600,יהדות-410,328
"מחלקה המחלקה לספרות עם ישראל ע""ש יוסף ונחום ברמן",135582-01,א',ב',1600 - 1800,יהדות-410,328
"מחלקה המחלקה לספרות עם ישראל ע""ש יוסף ונחום ברמן",13559-01,א',ג',1800 - 2000,נלמד בזום,999
"מחלקה המחלקה לספרות עם ישראל ע""ש יוסף ונחום ברמן",135613-01,א',ג',1000 - 1200,מ.ישראל-502,24
"מחלקה המחלקה לספרות עם ישראל ע""ש יוסף ונחום ברמן",135614-01,ב',ג',1000 - 1200,יהדות-403,66
"מחלקה המחלקה לספרות עם ישראל ע""ש יוסף ונחום ברמן",135665-01,ב',א',1800 - 2000,יהדות-410,328
"מחלקה המחלקה לספרות עם ישראל ע""ש יוסף ונחום ברמן",13569-01,ב',א',1400 - 1600,יהדות-410,328
"מחלקה המחלקה לספרות עם ישראל ע""ש יוסף ונחום ברמן",135722-01,א',ג',1600 - 1800,מ.ישראל-502,9
"מחלקה המחלקה לספרות עם ישראל ע""ש יוסף ונחום ברמן",13573-01,א',ג',1000 - 1200,מ.ישראל-604,13
"מחלקה המחלקה לספרות עם ישראל ע""ש יוסף ונחום ברמן",13418-01,א',א',1000 - 1200,יהדות-410,142
"מחלקה המחלקה לספרות עם ישראל ע""ש יוסף ונחום ברמן",134210-01,א',ב',1400 - 1600,מ.ישראל-505,3
"מחלקה המחלקה לספרות עם ישראל ע""ש יוסף ונחום ברמן",134250-01,א',ד',1400 - 1600,יהדות-403,217
"מחלקה המחלקה לספרות עם ישראל ע""ש יוסף ונחום ברמן",134350-01,ב',ג',1400 - 1600,מ.ישראל-505,103
"מחלקה המחלקה לספרות עם ישראל ע""ש יוסף ונחום ברמן",134862-01,א',ב',1200 - 1400,מ.ישראל-505,64
"מחלקה המחלקה לספרות עם ישראל ע""ש יוסף ונחום ברמן",134931-01,א',ד',1200 - 1400,יהדות-403,217
"מחלקה המחלקה לספרות עם ישראל ע""ש יוסף ונחום ברמן",134990-01,א',ג',1200 - 1400,מ.ישראל-502,25
"מחלקה המחלקה לספרות עם ישראל ע""ש יוסף ונחום ברמן",135201-01,ב',א',1600 - 1800,יהדות-410,328
"מחלקה המחלקה לספרות עם ישראל ע""ש יוסף ונחום ברמן",135501-01,ב',ג',1400 - 1600,יהדות-410,328
"מחלקה המחלקה לספרות עם ישראל ע""ש יוסף ונחום ברמן",135582-01,א',ב',1600 - 1800,יהדות-410,328
"מחלקה המחלקה לספרות עם ישראל ע""ש יוסף ונחום ברמן",13559-01,א',ג',1800 - 2000,נלמד בזום,999
"מחלקה המחלקה לספרות עם ישראל ע""ש יוסף ונחום ברמן",135613-01,א',ג',1000 - 1200,מ.ישראל-502,24
"מחלקה המחלקה לספרות עם ישראל ע""ש יוסף ונחום ברמן",135614-01,ב',ג',1000 - 1200,יהדות-403,66
"מחלקה המחלקה לספרות עם ישראל ע""ש יוסף ונחום ברמן",135665-01,ב',א',1800 - 2000,יהדות-410,328
"מחלקה המחלקה לספרות עם ישראל ע""ש יוסף ונחום ברמן",13569-01,ב',א',1400 - 1600,יהדות-410,328
"מחלקה המחלקה לספרות עם ישראל ע""ש יוסף ונחום ברמן",135722-01,א',ג',1600 - 1800,מ.ישראל-502,9
"מחלקה המחלקה לספרות עם ישראל ע""ש יוסף ונחום ברמן",13573-01,א',ג',1000 - 1200,מ.ישראל-604,13
"מחלקה המחלקה לספרות עם ישראל ע""ש יוסף ונחום ברמן",13575-01,א',ג',1200 - 1400,יהדות-410,328
"מחלקה המחלקה לספרות עם ישראל ע""ש יוסף ונחום ברמן",135761-01,א',א',1400 - 1600,יהדות-410,328
"מחלקה המחלקה לספרות עם ישראל ע""ש יוסף ונחום ברמן",13577-01,א',ד',1400 - 1600,יהדות-410,328
"מחלקה המחלקה לספרות עם ישראל ע""ש יוסף ונחום ברמן",137421-01,א',ד',1200 - 1400,יהדות-410,332
"מחלקה המחלקה לספרות עם ישראל ע""ש יוסף ונחום ברמן",137513-01,א',ד',1000 - 1200,יהדות-410,332
"מחלקה המחלקה לספרות עם ישראל ע""ש יוסף ונחום ברמן",137574-01,ב',ד',1000 - 1200,יהדות-410,332
"מחלקה המחלקה לספרות עם ישראל ע""ש יוסף ונחום ברמן",137575-01,א',ב',1800 - 2000,נלמד בזום,999
"מחלקה המחלקה לספרות עם ישראל ע""ש יוסף ונחום ברמן",137593-01,א',ב',1200 - 1400,מ.ישראל-507,2
"מחלקה המחלקה לספרות עם ישראל ע""ש יוסף ונחום ברמן",13779-01,א',ג',1000 - 1200,יהדות-410,332
"מחלקה המחלקה לספרות עם ישראל ע""ש יוסף ונחום ברמן",13782-01,ב',ב',1400 - 1600,יהדות-410,332
"מחלקה המחלקה לספרות עם ישראל ע""ש יוסף ונחום ברמן",13796-01,א',ד',1400 - 1600,יהדות-410,332
"מחלקה המחלקה לספרות עם ישראל ע""ש יוסף ונחום ברמן",138007-01,א',ג',0800 - 1000,נלמד בזום,999
"מחלקה המחלקה לספרות עם ישראל ע""ש יוסף ונחום ברמן",138110-01,א',ד',1800 - 2000,נלמד בזום,999
"מחלקה המחלקה לספרות עם ישראל ע""ש יוסף ונחום ברמן",138150-01,א',ד',1600 - 1800,נלמד בזום,999
"מחלקה המחלקה לספרות עם ישראל ע""ש יוסף ונחום ברמן",138450-01,א',ב',1000 - 1200,מ.ישראל-502,24
"מחלקה המחלקה לספרות עם ישראל ע""ש יוסף ונחום ברמן",138672-01,א',ג',1200 - 1400,מ.ישראל-604,13
"מחלקה המחלקה לספרות עם ישראל ע""ש יוסף ונחום ברמן",138950-01,א',ב',1600 - 1800,מ.ישראל-505,103
"מחלקה המחלקה לספרות עם ישראל ע""ש יוסף ונחום ברמן",13900-01,א',ג',1000 - 1200,מ.ישראל-505,2
"מחלקה המחלקה לספרות עם ישראל ע""ש יוסף ונחום ברמן",13900-02,א',ה',"1000 - 1200
1000 - 1200",יהדות-403,66
"מחלקה המחלקה לספרות עם ישראל ע""ש יוסף ונחום ברמן",13901-01,א',ג',1400 - 1600,חברה-905,116
"מחלקה המחלקה לספרות עם ישראל ע""ש יוסף ונחום ברמן",139032-01,א',ב',1000 - 1200,יהדות-410,328
"מחלקה המחלקה לספרות עם ישראל ע""ש יוסף ונחום ברמן",139050-01,א',ב',1200 - 1400,יהדות-410,328
"מחלקה המחלקה לספרות עם ישראל ע""ש יוסף ונחום ברמן",139270-01,ב',ב',1400 - 1600,יהדות-410,328
"מחלקה המחלקה לספרות עם ישראל ע""ש יוסף ונחום ברמן",139302-01,א',א',1200 - 1400,יהדות-410,328
"מחלקה המחלקה לספרות עם ישראל ע""ש יוסף ונחום ברמן",139422-01,א',ב',1400 - 1600,יהדות-410,328
"מחלקה המחלקה לספרות עם ישראל ע""ש יוסף ונחום ברמן",139430-01,ב',ב',1600 - 1800,יהדות-410,328
"מחלקה המחלקה לספרות עם ישראל ע""ש יוסף ונחום ברמן",13946-01,א',א',1200 - 1400,יהדות-410,328
"מחלקה המחלקה לספרות עם ישראל ע""ש יוסף ונחום ברמן",139593-01,א',ה',1200 - 1400,נלמד בזום,999
"מחלקה המחלקה לספרות עם ישראל ע""ש יוסף ונחום ברמן",139601-01,ב',ה',1200 - 1400,נלמד בזום,999
"מחלקה המחלקה לספרות עם ישראל ע""ש יוסף ונחום ברמן",139782-01,ב',ב',1200 - 1400,יהדות-410,328
"מחלקה המחלקה לספרות עם ישראל ע""ש יוסף ונחום ברמן",139960-01,א',ה',1400 - 1600,נלמד בזום,999
מחלקה המחלקה ללימודי ארץ ישראל וארכיאולוגיה,160007-01,ב',ב',1000 - 1200,יהדות-410,226
מחלקה המחלקה ללימודי ארץ ישראל וארכיאולוגיה,160010-01,א',ד',1400 - 1600,מ.ישראל-604,13
מחלקה המחלקה ללימודי ארץ ישראל וארכיאולוגיה,160015-01,ב',ד',1400 - 1600,מ.ישראל-505,104
מחלקה המחלקה ללימודי ארץ ישראל וארכיאולוגיה,160027-01,א',ג',0800 - 1000,יהדות-410,226
מחלקה המחלקה ללימודי ארץ ישראל וארכיאולוגיה,160031-01,ב',ד',1200 - 1400,יהדות-410,225
מחלקה המחלקה ללימודי ארץ ישראל וארכיאולוגיה,160034-01,ב',ג',1800 - 2000,יהדות-410,225
מחלקה המחלקה ללימודי ארץ ישראל וארכיאולוגיה,160040-01,ב',ב',1000 - 1200,יהדות-410,225
מחלקה המחלקה ללימודי ארץ ישראל וארכיאולוגיה,160042-01,ב',ב',1200 - 1400,מ.ישראל-502,7
מחלקה המחלקה ללימודי ארץ ישראל וארכיאולוגיה,160050-01,ב',ב',1200 - 1400,יהדות-410,225
מחלקה המחלקה ללימודי ארץ ישראל וארכיאולוגיה,160062-01,ב',א',1200 - 1400,יהדות-410,46
מחלקה המחלקה ללימודי ארץ ישראל וארכיאולוגיה,160066-01,א',א',0800 - 1000,יהדות-410,226
מחלקה המחלקה ללימודי ארץ ישראל וארכיאולוגיה,16007-01,א',ג',1000 - 1200,יהדות-410,226
מחלקה המחלקה ללימודי ארץ ישראל וארכיאולוגיה,16016-01,א',ב',1200 - 1400,יהדות-410,225
מחלקה המחלקה ללימודי ארץ ישראל וארכיאולוגיה,16025-01,ב',ג',1600 - 1800,יהדות-410,225
מחלקה המחלקה ללימודי ארץ ישראל וארכיאולוגיה,16092-01,ב',ג',1400 - 1600,מ.ישראל-501,25
מחלקה המחלקה ללימודי ארץ ישראל וארכיאולוגיה,161020-01,א',"פרטי קורס  חיי   בעת העתיקה והשתקפותם בתרבות החומרית
קוד קורס 161020-01
שם קורס באנגלית Daily life in antiquity and its reflection in material culture
מחלקה המחלקה ללימודי ארץ ישראל וארכיאולוגיה
פקולטה מדעי היהדות
סוג מפגש הרצאה
מרצה ד""ר עמית דגן
שעות סמסטר א' - 2.00
נ""ז 2.00
הערה
 א'
שעה 1400 - 1600
בניין
יהדות-410
חדר
46
אפיונים מודל - אתר מלווה קורס
תאריכי בחינות",1400 - 1600,יהדות-410,46
מחלקה המחלקה ללימודי ארץ ישראל וארכיאולוגיה,161025-01,ב',ג',1400 - 1600,מ.ישראל-507,102
מחלקה המחלקה ללימודי ארץ ישראל וארכיאולוגיה,161030-01,א',ב',1000 - 1200,מ.ישראל-507,102
מחלקה המחלקה ללימודי ארץ ישראל וארכיאולוגיה,161041-01,א',ב',1600 - 1800,יהדות-410,226
מחלקה המחלקה ללימודי ארץ ישראל וארכיאולוגיה,161044-01,א',ד',1600 - 1800,יהדות-410,226
מחלקה המחלקה ללימודי ארץ ישראל וארכיאולוגיה,161045-01,ב',ד',1600 - 1800,יהדות-410,225
מחלקה המחלקה ללימודי ארץ ישראל וארכיאולוגיה,161046-01,א',ד',1000 - 1200,יהדות-410,225
מחלקה המחלקה ללימודי ארץ ישראל וארכיאולוגיה,161047-01,ב',ד',1000 - 1200,יהדות-410,225
מחלקה המחלקה ללימודי ארץ ישראל וארכיאולוגיה,161050-01,א',ג',0800 - 1000,יהדות-410,225
מחלקה המחלקה ללימודי ארץ ישראל וארכיאולוגיה,161051-01,ב',ג',0800 - 1000,יהדות-410,225
מחלקה המחלקה ללימודי ארץ ישראל וארכיאולוגיה,161060-01,א',ב',1400 - 1600,יהדות-410,225
מחלקה המחלקה ללימודי ארץ ישראל וארכיאולוגיה,161061-01,ב',ב',1400 - 1600,יהדות-410,225
מחלקה המחלקה ללימודי ארץ ישראל וארכיאולוגיה,161070-01,א',ג',1400 - 1600,יהדות-410,225
מחלקה המחלקה ללימודי ארץ ישראל וארכיאולוגיה,161071-01,ב',ג',1400 - 1600,יהדות-410,225
מחלקה המחלקה ללימודי ארץ ישראל וארכיאולוגיה,161075-01,ב',ב',1600 - 1800,יהדות-410,225
מחלקה המחלקה ללימודי ארץ ישראל וארכיאולוגיה,161081-01,א',ב',1600 - 1800,יהדות-410,225
מחלקה המחלקה ללימודי ארץ ישראל וארכיאולוגיה,161082-01,א',א',1800 - 2000,מ.ישראל-505,4
מחלקה המחלקה ללימודי ארץ ישראל וארכיאולוגיה,161092-01,א',א',1400 - 1600,מ.ישראל-504,2
מחלקה המחלקה ללימודי ארץ ישראל וארכיאולוגיה,161093-01,א',א',1200 - 1400,יהדות-410,226
מחלקה המחלקה ללימודי ארץ ישראל וארכיאולוגיה,161095-01,א',ד',1000 - 1200,יהדות-410,226
מחלקה המחלקה ללימודי ארץ ישראל וארכיאולוגיה,161096-01,ב',ד',1000 - 1200,יהדות-410,226
מחלקה המחלקה ללימודי ארץ ישראל וארכיאולוגיה,161097-01,א',ג',1600 - 1800,יהדות-410,226
מחלקה המחלקה ללימודי ארץ ישראל וארכיאולוגיה,161098-01,א',ג',1600 - 1800,מ.ישראל-505,105
מחלקה המחלקה ללימודי ארץ ישראל וארכיאולוגיה,161099-01,ב',ג',1600 - 1800,מ.ישראל-508,7
מחלקה המחלקה ללימודי ארץ ישראל וארכיאולוגיה,161101-01,ב',ג',0800 - 1000,יהדות-410,226
מחלקה המחלקה ללימודי ארץ ישראל וארכיאולוגיה,161103-01,א',ב',1400 - 1600,יהדות-410,226
מחלקה המחלקה ללימודי ארץ ישראל וארכיאולוגיה,161104-01,א',ג',1000 - 1200,מ.ישראל-507,101
מחלקה המחלקה ללימודי ארץ ישראל וארכיאולוגיה,161105-01,ב',ג',1000 - 1200,יהדות-404,68
מחלקה המחלקה ללימודי ארץ ישראל וארכיאולוגיה,161106-01,א',ד',1000 - 1200,יהדות-402,63
מחלקה המחלקה ללימודי ארץ ישראל וארכיאולוגיה,161107-01,ב',ד',1000 - 1200,מ.ישראל-507,3
מחלקה המחלקה ללימודי ארץ ישראל וארכיאולוגיה,161109-01,א',ד',1400 - 1600,יהדות-410,142
מחלקה המחלקה ללימודי ארץ ישראל וארכיאולוגיה,161110-01,ב',ד',1400 - 1600,יהדות-410,142
מחלקה המחלקה ללימודי ארץ ישראל וארכיאולוגיה,161113-01,ב',ב',1400 - 1600,מ.ישראל-502,24
מחלקה המחלקה ללימודי ארץ ישראל וארכיאולוגיה,161114-01,ב',ד',1600 - 1800,מ.ישראל-505,106
מחלקה המחלקה ללימודי ארץ ישראל וארכיאולוגיה,161116-01,א',א',1200 - 1400,יהדות-404,114
מחלקה המחלקה ללימודי ארץ ישראל וארכיאולוגיה,161117-01,ב',א',1200 - 1400,יהדות-404,114
מחלקה המחלקה ללימודי ארץ ישראל וארכיאולוגיה,161118-01,א',ד',1200 - 1400,מ.ישראל-504,5
מחלקה המחלקה ללימודי ארץ ישראל וארכיאולוגיה,161119-01,ב',ד',1200 - 1400,יהדות-410,226
מחלקה המחלקה ללימודי ארץ ישראל וארכיאולוגיה,16148-01,א',ב',1000 - 1200,יהדות-410,226
מחלקה המחלקה ללימודי ארץ ישראל וארכיאולוגיה,16151-01,א',ב',0800 - 1000,יהדות-410,225
מחלקה המחלקה ללימודי ארץ ישראל וארכיאולוגיה,16152-01,א',ב',1000 - 1200,יהדות-410,225
מחלקה המחלקה ללימודי ארץ ישראל וארכיאולוגיה,16158-01,א',ד',0800 - 1000,יהדות-410,225
מחלקה המחלקה ללימודי ארץ ישראל וארכיאולוגיה,16189-01,ב',א',1000 - 1200,יהדות-410,226
מחלקה המחלקה ללימודי ארץ ישראל וארכיאולוגיה,16214-01,א',ג',1600 - 1800,יהדות-410,225
מחלקה המחלקה ללימודי ארץ ישראל וארכיאולוגיה,16215-01,ב',ג',1600 - 1800,חברה-905,116
מחלקה המחלקה ללימודי ארץ ישראל וארכיאולוגיה,16224-01,א',א',1200 - 1400,יהדות-410,46
מחלקה המחלקה ללימודי ארץ ישראל וארכיאולוגיה,16252-01,ב',א',1400 - 1800,מ.ישראל-502,26
מחלקה המחלקה ללימודי ארץ ישראל וארכיאולוגיה,16304-01,א',ב',1200 - 1400,מ.ישראל-502,24
מחלקה המחלקה ללימודי ארץ ישראל וארכיאולוגיה,16312-01,א',ג',"1000 - 1200
1000 - 1200",מ.ישראל-605,"65
61"
מחלקה המחלקה ללימודי ארץ ישראל וארכיאולוגיה,16314-01,א',א',1000 - 1200,יהדות-410,226
מחלקה המחלקה ללימודי ארץ ישראל וארכיאולוגיה,16401-01,א',ד',1200 - 1400,מ.ישראל-505,5
מחלקה המחלקה ללימודי ארץ ישראל וארכיאולוגיה,16417-01,א',ב',1600 - 1800,מ.ישראל-604,102
מחלקה המחלקה ללימודי ארץ ישראל וארכיאולוגיה,16418-01,א',א',"1400 - 1600
1400 - 1600","יהדות-410
מ.ישראל-502","226
25"
מחלקה המחלקה ללימודי ארץ ישראל וארכיאולוגיה,16427-01,ב',ד',1800 - 2000,יהדות-410,225
מחלקה המחלקה ללימודי ארץ ישראל וארכיאולוגיה,16437-01,א',ג',1400 - 1600,יהדות-410,226
מחלקה המחלקה ללימודי ארץ ישראל וארכיאולוגיה,16488-01,א',ג',1400 - 1600,מ.ישראל-505,104
מחלקה המחלקה ללימודי ארץ ישראל וארכיאולוגיה,16526-01,ב',ד',1400 - 1600,מ.ישראל-604,11
מחלקה המחלקה ללימודי ארץ ישראל וארכיאולוגיה,16528-01,א',ד',1200 - 1400,יהדות-410,225
מחלקה המחלקה ללימודי ארץ ישראל וארכיאולוגיה,16533-01,א',ד',1400 - 1600,יהדות-410,225
מחלקה המחלקה ללימודי ארץ ישראל וארכיאולוגיה,16545-01,א',א',1600 - 1800,יהדות-410,125
מחלקה המחלקה ללימודי ארץ ישראל וארכיאולוגיה,16627-01,א',א',1600 - 1800,יהדות-410,226
מחלקה המחלקה ללימודי ארץ ישראל וארכיאולוגיה,16828-01,א',ב',1200 - 1400,יהדות-410,226
מחלקה המחלקה ללימודי ארץ ישראל וארכיאולוגיה,16838-01,ב',ג',1000 - 1200,יהדות-410,226
מחלקה המחלקה ללימודי ארץ ישראל וארכיאולוגיה,16871-01,ב',ד',1400 - 1600,יהדות-410,225
מחלקה המחלקה ללימודי ארץ ישראל וארכיאולוגיה,16946-01,ב',ב',1600 - 1800,יהדות-404,101
"פרטי קורס : שעות מחלקה - החוג הרב תחומי למדעי היהדות
קוד קורס 17100-01
שם קורס באנגלית *
מחלקה החוג הרב-תחומי במדעי היהדות
פקולטה מדעי היהדות
סוג מפגש ש.מחלקה
מרצה פרופ' טובה גנזל
שעות סמסטר א' - 2.00
סמסטר ב' - 2.00
נ""ז 0.00
הערה
יום א'
שעה 18:00 - 20:00
בניין
חדר מחלקה
חדר
999
אפיונים כרמים
תאריכי בחינות",17100-01,א',א',1800 - 2000,חדר מחלקה,מחלקה
מחלקה החוג הרב-תחומי במדעי היהדות,172011-01,ב',א',1000 - 1200,יהדות-410,125
מחלקה החוג הרב-תחומי במדעי היהדות,172336-01,ב',א',1400 - 1600,יהדות-410,46
מחלקה החוג הרב-תחומי במדעי היהדות,172340-01,א',א',1000 - 1200,יהדות-410,125
מחלקה החוג הרב-תחומי במדעי היהדות,172349-01,א',א',1000 - 1200,יהדות-404,68
מחלקה החוג הרב-תחומי במדעי היהדות,172350-01,א',א',1400 - 1600,יהדות-403,66
מחלקה החוג הרב-תחומי במדעי היהדות,172351-01,א',א',1200 - 1400,יהדות-403,66
מחלקה החוג הרב-תחומי במדעי היהדות,172352-01,א',א',1200 - 1400,יהדות-404,68
מחלקה החוג הרב-תחומי במדעי היהדות,172353-01,ב',א',1200 - 1400,יהדות-403,217
מחלקה החוג הרב-תחומי במדעי היהדות,172354-01,ב',א',1200 - 1400,מ.ישראל-502,7
מחלקה החוג הרב-תחומי במדעי היהדות,172356-01,א',א',1200 - 1400,מ.ישראל-502,26
מחלקה החוג הרב-תחומי במדעי היהדות,172357-01,ב',א',1200 - 1400,מ.ישראל-502,25
מחלקה החוג הרב-תחומי במדעי היהדות,172358-01,א',א',1400 - 1600,יהדות-404,68
מחלקה החוג הרב-תחומי במדעי היהדות,172359-01,ב',א',1400 - 1600,יהדות-404,68
מחלקה החוג הרב-תחומי במדעי היהדות,172360-01,א',א',1400 - 1600,יהדות-403,218
מחלקה החוג הרב-תחומי במדעי היהדות,172361-01,א',א',1600 - 1800,מ.ישראל-502,26
מחלקה החוג הרב-תחומי במדעי היהדות,172362-01,ב',א',1600 - 1800,יהדות-403,113
מחלקה החוג הרב-תחומי במדעי היהדות,172363-01,א',א',1200 - 1400,יהדות-402,63
מחלקה החוג הרב-תחומי במדעי היהדות,172364-01,ב',א',1400 - 1600,יהדות-403,217
מחלקה החוג הרב-תחומי במדעי היהדות,172365-01,ב',א',1000 - 1200,יהדות-403,66
מחלקה החוג הרב-תחומי במדעי היהדות,172505-02,א',א',1800 - 2000,יהדות-410,125
מחלקה החוג הרב-תחומי במדעי היהדות,172506-02,ב',א',1800 - 2000,יהדות-410,142
מחלקה החוג הרב-תחומי במדעי היהדות,17777-01,א',ה',1000 - 1200,יהדות-403,217
מחלקה המחלקה להיסטוריה כללית,180540-01,א',ב',1600 - 1800,מ.ישראל-505,63
מחלקה המחלקה להיסטוריה כללית,180550-01,א',ד',1600 - 1800,מ.ישראל-507,2
מחלקה המחלקה להיסטוריה כללית,18056-01,ב',ב',1600 - 1800,מ.ישראל-505,3
מחלקה המחלקה להיסטוריה כללית,18057-01,ב',ד',1600 - 1800,מ.ישראל-505,64
מחלקה המחלקה להיסטוריה כללית,181010-01,א',ב',1400 - 1600,מ.ישראל-604,14
מחלקה המחלקה להיסטוריה כללית,181011-01,א',ב',1800 - 2000,יהדות-404,102
מחלקה המחלקה להיסטוריה כללית,181012-01,ב',ב',1800 - 2000,חדר מחלקה,מחלקה
מחלקה המחלקה להיסטוריה כללית,181013-01,א',ד',1400 - 1600,מ.ישראל-507,209
מחלקה המחלקה להיסטוריה כללית,181014-01,ב',ד',1400 - 1600,חדר מחלקה,מחלקה
מחלקה המחלקה להיסטוריה כללית,181015-01,ב',ד',1800 - 2000,יהדות-404,68
מחלקה המחלקה להיסטוריה כללית,181020-01,א',ב',1000 - 1200,מ.ישראל-502,7
מחלקה המחלקה להיסטוריה כללית,181021-01,א',ב',1200 - 1400,מ.ישראל-502,7
מחלקה המחלקה להיסטוריה כללית,181022-01,ב',ב',1000 - 1200,יהדות-404,68
מחלקה המחלקה להיסטוריה כללית,181023-01,ב',ב',1200 - 1400,יהדות-404,68
מחלקה המחלקה להיסטוריה כללית,18122-01,א',ג',1000 - 1200,רוח-1002,305
מחלקה המחלקה להיסטוריה כללית,18208-01,ב',ג',1000 - 1200,מ.ישראל-604,14
מחלקה המחלקה להיסטוריה כללית,183014-01,א',ג',1800 - 2000,מ.ישראל-502,9
מחלקה המחלקה להיסטוריה כללית,183015-01,ב',ב',1800 - 2000,מ.ישראל-505,104
מחלקה המחלקה להיסטוריה כללית,183053-01,ב',ב',1600 - 1800,מ.ישראל-505,62
מחלקה המחלקה להיסטוריה כללית,183054-20,א',ב',1200 - 1400,חדר מחלקה,מחלקה
מחלקה המחלקה להיסטוריה כללית,183064-10,א',ד',"1400 - 1600
1400 - 1600","יהדות-404
מ.ישראל-604","101
104"
מחלקה המחלקה להיסטוריה כללית,183064-20,א',ד',"1400 - 1600
1400 - 1600","יהדות-404
מ.ישראל-604","101
104"
מחלקה המחלקה להיסטוריה כללית,183081-01,א',ב',1400 - 1600,חדר מחלקה,מחלקה
מחלקה המחלקה להיסטוריה כללית,183082-01,ב',ג',1600 - 1800,מ.ישראל-505,63
מחלקה המחלקה להיסטוריה כללית,183083-01,א',ג',1000 - 1200,יהדות-403,66
מחלקה המחלקה להיסטוריה כללית,183084-01,ב',א',1000 - 1200,יהדות-410,46
מחלקה המחלקה להיסטוריה כללית,183086-01,א',ג',1200 - 1400,יהדות-403,217
מחלקה המחלקה להיסטוריה כללית,183087-01,ב',א',1200 - 1400,מ.ישראל-505,104
מחלקה המחלקה להיסטוריה כללית,183098-01,ב',ד',1000 - 1200,יהדות-404,102
מחלקה המחלקה להיסטוריה כללית,183100-01,ב',א',1400 - 1600,מ.ישראל-505,63
מחלקה המחלקה להיסטוריה כללית,183112-01,ב',ג',1800 - 2000,מ.ישראל-505,5
מחלקה המחלקה להיסטוריה כללית,183117-01,א',ב',1800 - 2000,מ.ישראל-507,2
מחלקה המחלקה להיסטוריה כללית,183118-01,ב',ג',1200 - 1400,מ.ישראל-504,2
מחלקה המחלקה להיסטוריה כללית,183119-01,א',א',1400 - 1600,מ.ישראל-505,5
מחלקה המחלקה להיסטוריה כללית,183120-01,א',א',1000 - 1200,מ.ישראל-502,8
מחלקה המחלקה להיסטוריה כללית,183121-01,א',ב',1000 - 1200,מ.ישראל-605,14
מחלקה המחלקה להיסטוריה כללית,183132-01,א',ג',1600 - 1800,מ.ישראל-605,65
מחלקה המחלקה להיסטוריה כללית,183141-01,ב',א',1000 - 1200,מ.ישראל-505,63
מחלקה המחלקה להיסטוריה כללית,183176-01,ב',ו',1000 - 1200,נלמד בזום,999
מחלקה המחלקה להיסטוריה כללית,183177-01,ב',ד',1000 - 1200,יהדות-403,218
מחלקה המחלקה להיסטוריה כללית,183178-01,א',ו',0800 - 1000,נלמד בזום,999
מחלקה המחלקה להיסטוריה כללית,183179-01,א',א',1200 - 1400,מ.ישראל-502,8
מחלקה המחלקה להיסטוריה כללית,183180-01,ב',ד',1200 - 1400,מ.ישראל-505,105
מחלקה המחלקה להיסטוריה כללית,183181-01,א',ג',1800 - 2000,מ.ישראל-502,8
מחלקה המחלקה להיסטוריה כללית,183182-01,ב',א',1600 - 1800,מ.ישראל-505,63
מחלקה המחלקה להיסטוריה כללית,183183-20,א',ג',1200 - 1400,מ.ישראל-502,24
מחלקה המחלקה להיסטוריה כללית,183184-01,ב',ג',1400 - 1600,מ.ישראל-505,106
מחלקה המחלקה להיסטוריה כללית,183185-01,ב',ב',1400 - 1600,מ.ישראל-505,1
מחלקה המחלקה להיסטוריה כללית,183186-01,ב',ב',1200 - 1400,יהדות-404,114
מחלקה המחלקה להיסטוריה כללית,183187-01,ב',ג',1000 - 1200,מ.ישראל-505,62
מחלקה המחלקה להיסטוריה כללית,183188-01,א',ב',1400 - 1600,מ.ישראל-604,104
מחלקה המחלקה להיסטוריה כללית,183189-01,א',א',1800 - 2000,מ.ישראל-505,62
מחלקה המחלקה להיסטוריה כללית,183190-01,א',ג',1400 - 1600,מ.ישראל-504,4
מחלקה המחלקה להיסטוריה כללית,183191-01,ב',ג',1400 - 1600,מ.ישראל-505,62
מחלקה המחלקה להיסטוריה כללית,183193-01,א',ד',1000 - 1200,מ.ישראל-502,8
מחלקה המחלקה להיסטוריה כללית,183194-01,א',ד',1800 - 2000,יהדות-404,115
מחלקה המחלקה להיסטוריה כללית,183195-01,ב',א',1200 - 1400,מ.ישראל-505,63
מחלקה המחלקה להיסטוריה כללית,183196-01,ב',ב',1000 - 1200,מ.ישראל-505,103
מחלקה המחלקה להיסטוריה כללית,18395-01,ב',ו',0800 - 1000,נלמד בזום,999
מחלקה המחלקה להיסטוריה כללית,184076-20,א',א',1400 - 1600,מ.ישראל-505,64
מחלקה המחלקה להיסטוריה כללית,184078-20,א',א',1800 - 2000,חדר מחלקה,מחלקה
מחלקה המחלקה להיסטוריה כללית,185556-01,ב',ב',1400 - 1600,יהדות-404,114
מחלקה המחלקה להיסטוריה כללית,18753-01,א',ו',1000 - 1200,נלמד בזום,999
מחלקה המחלקה להיסטוריה כללית,18755-01,א',ב',1200 - 1400,מ.ישראל-604,14
מחלקה המחלקה להיסטוריה כללית,18772-01,א',א',1600 - 1800,מ.ישראל-505,62
מחלקה המחלקה להיסטוריה כללית,18801-01,א',"פרטי קורס  קולוקו מחלקתי ופורום תלמידי מחקר
קוד קורס 18801-01
שם קורס באנגלית Forum for Graduate Students
מחלקה המחלקה להיסטוריה כללית
פקולטה מדעי הרוח
סוג מפגש קולוקו רשות
מרצה פרופ' דב סטוצינסקי
שעות סמסטר א' - 2.00
סמסטר ב' - 2.00
נ""ז 0.00
הערה
 ג'
שעה 1400 - 1600
1400 - 1600
בניין
מ.ישראל-507
מ.ישראל-504
חדר
208
5
אפיונים מודל - אתר מלווה קורס
תאריכי בחינות","1400 - 1600
1400 - 1600","מ.ישראל-507
מ.ישראל-504","208
5"
מחלקה המחלקה להיסטוריה כללית,18803-01,א',ג',"1600 - 1800
1600 - 1800","מ.ישראל-502
יהדות-404","7
68"
מחלקה המחלקה להיסטוריה כללית,18858-01,א',ד',1200 - 1400,מ.ישראל-505,101
מחלקה המחלקה ללימודי המזרח התיכון,19101-01,א',ג',0800 - 1000,מ.ישראל-501,25
מחלקה המחלקה ללימודי המזרח התיכון,19102-01,א',ה',"1200 - 1400
1200 - 1400","מ.ישראל-501
טבע-213","25
4"
מחלקה המחלקה ללימודי המזרח התיכון,19103-01,א',ה',"0800 - 1000
0800 - 1000","מ.ישראל-501
מ.ישראל-503","25
1"
מחלקה המחלקה ללימודי המזרח התיכון,19105-01,א',ה',"1000 - 1200
1000 - 1200","מ.ישראל-501
מ.ישראל-503","25
1"
מחלקה המחלקה ללימודי המזרח התיכון,192011-01,א',ג',1000 - 1200,מ.ישראל-604,61
מחלקה המחלקה ללימודי המזרח התיכון,192012-01,א',ג',1000 - 1200,מ.ישראל-604,61
מחלקה המחלקה ללימודי המזרח התיכון,192029-01,א',ג',1400 - 1600,מ.ישראל-604,13
מחלקה המחלקה ללימודי המזרח התיכון,192030-01,א',ג',1400 - 1600,מ.ישראל-604,13
מחלקה המחלקה ללימודי המזרח התיכון,192037-01,א',ד',1600 - 1800,מ.ישראל-604,11
מחלקה המחלקה ללימודי המזרח התיכון,192038-01,א',ד',1600 - 1800,מ.ישראל-604,11
מחלקה המחלקה ללימודי המזרח התיכון,192041-01,א',ד',1000 - 1200,מ.ישראל-507,5
מחלקה המחלקה ללימודי המזרח התיכון,192042-01,א',ד',1000 - 1200,מ.ישראל-507,5
מחלקה המחלקה ללימודי המזרח התיכון,19217-01,א',ב',1000 - 1200,מ.ישראל-505,1
מחלקה המחלקה ללימודי המזרח התיכון,19218-01,א',ב',1000 - 1200,מ.ישראל-505,1
מחלקה המחלקה ללימודי המזרח התיכון,19225-01,א',ג',1200 - 1400,מ.ישראל-507,209
מחלקה המחלקה ללימודי המזרח התיכון,19226-01,א',ג',1200 - 1400,מ.ישראל-507,209
מחלקה המחלקה ללימודי המזרח התיכון,19327-01,א',ה',1000 - 1200,מ.ישראל-504,7
מחלקה המחלקה ללימודי המזרח התיכון,19328-01,א',ה',1000 - 1200,מ.ישראל-504,7
מחלקה המחלקה ללימודי המזרח התיכון,19347-01,א',ה',1400 - 1600,מ.ישראל-504,4
מחלקה המחלקה ללימודי המזרח התיכון,19348-01,א',ה',1400 - 1600,מ.ישראל-504,4
מחלקה המחלקה ללימודי המזרח התיכון,193861-01,ב',ה',1000 - 1200,יהדות-410,46
מחלקה המחלקה ללימודי המזרח התיכון,194011-01,א',ג',1200 - 1400,מ.ישראל-604,61
מחלקה המחלקה ללימודי המזרח התיכון,194012-01,א',ג',1200 - 1400,מ.ישראל-604,61
מחלקה המחלקה ללימודי המזרח התיכון,194015-01,א',ג',1000 - 1200,מ.ישראל-507,6
מחלקה המחלקה ללימודי המזרח התיכון,194016-01,א',ג',1000 - 1200,מ.ישראל-507,6
מחלקה המחלקה ללימודי המזרח התיכון,194021-01,א',ה',0800 - 1000,מ.ישראל-605,104
מחלקה המחלקה ללימודי המזרח התיכון,194022-01,א',ה',0800 - 1000,מ.ישראל-605,104
מחלקה המחלקה ללימודי המזרח התיכון,194033-01,א',ג',"1400 - 1600
1400 - 1600",מ.ישראל-605,102
מחלקה המחלקה ללימודי המזרח התיכון,194034-01,א',ג',"1400 - 1600
1400 - 1600",מ.ישראל-605,102
מחלקה המחלקה ללימודי המזרח התיכון,194039-01,א',ד',2000 - 2200,מ.ישראל-504,6
מחלקה המחלקה ללימודי המזרח התיכון,194040-01,א',ד',2000 - 2200,מ.ישראל-504,6
מחלקה המחלקה ללימודי המזרח התיכון,194047-01,א',ב',1800 - 2000,מ.ישראל-501,25
מחלקה המחלקה ללימודי המזרח התיכון,194048-01,א',ב',1800 - 2000,מ.ישראל-501,25
מחלקה המחלקה ללימודי המזרח התיכון,194053-01,א',ג',1800 - 2000,נלמד בזום,999
מחלקה המחלקה ללימודי המזרח התיכון,194054-01,ב',ג',1800 - 2000,נלמד בזום,999
מחלקה המחלקה ללימודי המזרח התיכון,194073-01,א',ד',0800 - 1000,מ.ישראל-507,104
מחלקה המחלקה ללימודי המזרח התיכון,194074-01,א',ד',0800 - 1000,מ.ישראל-507,104
מחלקה המחלקה ללימודי המזרח התיכון,19427-01,א',ג',"1600 - 1800
1600 - 1800",מ.ישראל-504,"6
7"
מחלקה המחלקה ללימודי המזרח התיכון,19428-01,א',ג',"1600 - 1800
1600 - 1800",מ.ישראל-504,"6
7"
מחלקה המחלקה ללימודי המזרח התיכון,19527-01,א',ב',0800 - 1000,מ.ישראל-507,107
מחלקה המחלקה ללימודי המזרח התיכון,19528-01,א',ב',0800 - 1000,מ.ישראל-507,107
מחלקה המחלקה ללימודי המזרח התיכון,19565-01,א',ב',1600 - 1800,מ.ישראל-604,12
מחלקה המחלקה ללימודי המזרח התיכון,19566-01,א',ב',1600 - 1800,מ.ישראל-604,12
מחלקה המחלקה ללימודי המזרח התיכון,19605-01,א',ד',1200 - 1400,מ.ישראל-604,12
מחלקה המחלקה ללימודי המזרח התיכון,197002-01,א',ג',1200 - 1400,מ.ישראל-507,207
מחלקה המחלקה ללימודי המזרח התיכון,19720-56,א',ו',1000 - 1200,נלמד בזום,999
מחלקה המחלקה ללימודי המזרח התיכון,19738-01,א',ד',1000 - 1200,מ.ישראל-505,101
מחלקה המחלקה ללימודי המזרח התיכון,19739-01,א',ד',1800 - 2000,מ.ישראל-605,64
מחלקה המחלקה ללימודי המזרח התיכון,19745-01,א',ג',1000 - 1200,מ.ישראל-502,8
מחלקה המחלקה ללימודי המזרח התיכון,19750-01,א',ג',0800 - 1000,מ.ישראל-505,1
מחלקה המחלקה ללימודי המזרח התיכון,19801-01,א',ג',1800 - 2000,מ.ישראל-604,14
מחלקה המחלקה ללימודי המזרח התיכון,19801-56,א',ה',2000 - 2200,מ.ישראל-507,206
מחלקה המחלקה ללימודי המזרח התיכון,19828-01,א',ו',0800 - 1000,נלמד בזום,999
מחלקה המחלקה ללימודי המזרח התיכון,19831-01,א',ג',2000 - 2200,יהדות-410,125
מחלקה המחלקה ללימודי המזרח התיכון,19831-02,א',ג',2000 - 2200,חדר מחלקה,מחלקה
מחלקה המחלקה ללימודי המזרח התיכון,19832-01,א',ו',1000 - 1200,נלמד בזום,999
מחלקה המחלקה ללימודי המזרח התיכון,19833-01,א',ג',1800 - 2000,מ.ישראל-605,102
מחלקה המחלקה ללימודי המזרח התיכון,19868-56,א',ו',1000 - 1200,נלמד בזום,999
מחלקה המחלקה ללימודי המזרח התיכון,19869-56,א',ה',1600 - 1800,מ.ישראל-507,206
מחלקה המחלקה ללימודי המזרח התיכון,19879-01,א',ו',1000 - 1200,מ.ישראל-604,14
מחלקה המחלקה ללימודי המזרח התיכון,19901-01,א',ג',"1600 - 1800
1600 - 1800",מ.ישראל-507,"104
202"
מחלקה המחלקה ללימודי המזרח התיכון,19901-02,א',ו',1200 - 1400,נלמד בזום,999
מחלקה המחלקה ללימודי המזרח התיכון,19901-56,א',ו',1200 - 1400,נלמד בזום,999
מחלקה המחלקה ללימודי המזרח התיכון,19901-57,א',ה',1800 - 2000,מ.ישראל-507,2
מחלקה המחלקה ללימודי המזרח התיכון,19901-58,א',ה',1800 - 2000,מ.ישראל-507,206
מחלקה המחלקה ללימודי המזרח התיכון,19964-56,ב',ו',0800 - 1000,נלמד בזום,999
מחלקה המחלקה ללימודי המזרח התיכון,19982-56,א',"ו',ה'","0800 - 1000
1600 - 1800","נלמד בזום
מ.ישראל-507","999
206"
מחלקה המחלקה לאומנות יהודית,21001-01,א',ג',1000 - 1400,מ.ישראל-505,102
מחלקה המחלקה לאומנות יהודית,21001-02,א',ג',1000 - 1400,מ.ישראל-505,61
מחלקה המחלקה לאומנות יהודית,21001-03,א',ג',1600 - 2000,חדר מחלקה,מחלקה
מחלקה המחלקה לאומנות יהודית,21001-04,א',ג',1600 - 1900,חדר מחלקה,מחלקה
מחלקה המחלקה לאומנות יהודית,21001-05,א',ג',1600 - 2000,חדר מחלקה,מחלקה
מחלקה המחלקה לאומנות יהודית,21001-06,א',ג',1000 - 1400,חדר מחלקה,מחלקה
מחלקה המחלקה לאומנות יהודית,21001-07,א',ג',1600 - 1900,מ.ישראל-505,102
מחלקה המחלקה לאומנות יהודית,21003-01,ב',ג',1400 - 1600,מ.ישראל-505,61
מחלקה המחלקה לאומנות יהודית,21003-02,ב',ג',1400 - 1600,מ.ישראל-505,102
מחלקה המחלקה לאומנות יהודית,21006-01,א',סוג מפגש קולוקו רשות,2000 - 2200,נלמד בזום,999
מחלקה המחלקה לאומנות יהודית,21007-01,א',ג',1400 - 1600,מ.ישראל-505,61
מחלקה המחלקה לאומנות יהודית,21007-02,א',ג',1400 - 1600,מ.ישראל-505,102
מחלקה המחלקה לאומנות יהודית,21149-01,א',ג',1200 - 1400,מ.ישראל-505,106
מחלקה המחלקה לאומנות יהודית,21232-01,א',ד',0800 - 1000,מ.ישראל-505,102
מחלקה המחלקה לאומנות יהודית,21234-01,ב',ד',0800 - 1000,מ.ישראל-505,102
מחלקה המחלקה לאומנות יהודית,21284-01,ב',ה',0900 - 1200,מ.ישראל-505,61
מחלקה המחלקה לאומנות יהודית,21300-01,א',ד',1400 - 1600,חדר מחלקה,מחלקה
מחלקה המחלקה לאומנות יהודית,21301-01,א',ד',1200 - 1400,חדר מחלקה,מחלקה
מחלקה המחלקה לאומנות יהודית,21302-01,א',ד',1600 - 1800,נלמד בזום,999
מחלקה המחלקה לאומנות יהודית,21304-01,ב',ד',1000 - 1200,חדר מחלקה,מחלקה
מחלקה המחלקה לאומנות יהודית,21305-01,א',ה',1200 - 1400,חדר מחלקה,מחלקה
מחלקה המחלקה לאומנות יהודית,21311-01,א',ה',1600 - 1800,חדר מחלקה,מחלקה
מחלקה המחלקה לאומנות יהודית,21408-01,ב',ד',1400 - 1600,מ.ישראל-505,102
מחלקה המחלקה לאומנות יהודית,21501-01,א',א',1500 - 1700,מ.ישראל-505,102
מחלקה המחלקה לאומנות יהודית,21501-02,א',א',1700 - 1900,מ.ישראל-505,102
מחלקה המחלקה לאומנות יהודית,21501-03,א',א',1500 - 1700,מ.ישראל-505,61
מחלקה המחלקה לאומנות יהודית,21501-04,א',א',1700 - 1900,מ.ישראל-505,61
מחלקה המחלקה לאומנות יהודית,21503-01,א',א',1100 - 1300,מ.ישראל-505,61
מחלקה המחלקה לאומנות יהודית,21503-02,א',א',1100 - 1300,מ.ישראל-505,102
מחלקה המחלקה לאומנות יהודית,215060-01,ב',א',0900 - 1100,מ.ישראל-505,102
מחלקה המחלקה לאומנות יהודית,215060-02,ב',א',0900 - 1100,מ.ישראל-505,61
מחלקה המחלקה לאומנות יהודית,21506-01,א',א',0900 - 1100,מ.ישראל-505,102
מחלקה המחלקה לאומנות יהודית,21506-02,א',א',0900 - 1100,מ.ישראל-505,61
מחלקה המחלקה לאומנות יהודית,21521-01,ב',א',1100 - 1300,מ.ישראל-505,102
מחלקה המחלקה לאומנות יהודית,21521-02,ב',א',1100 - 1300,מ.ישראל-505,61
מחלקה המחלקה לאומנות יהודית,21522-01,ב',א',1500 - 1700,מ.ישראל-505,102
מחלקה המחלקה לאומנות יהודית,21522-02,ב',א',1700 - 1900,מ.ישראל-505,102
מחלקה המחלקה לאומנות יהודית,21522-03,ב',א',1500 - 1700,מ.ישראל-505,61
מחלקה המחלקה לאומנות יהודית,21522-04,ב',א',1700 - 1900,מ.ישראל-505,61
מחלקה המחלקה לאומנות יהודית,215230-01,ב',ב',1500 - 1700,מ.ישראל-505,102
מחלקה המחלקה לאומנות יהודית,215230-02,ב',ב',1500 - 1700,מ.ישראל-505,61
מחלקה המחלקה לאומנות יהודית,21532-01,ב',א',1900 - 2100,מ.ישראל-505,102
מחלקה המחלקה לאומנות יהודית,21532-02,ב',א',1900 - 2100,מ.ישראל-505,61
מחלקה המחלקה לאומנות יהודית,21535-01,א',א',1800 - 2000,חדר מחלקה,מחלקה
מחלקה המחלקה לאומנות יהודית,21535-02,א',א',2000 - 2200,מ.ישראל-505,102
מחלקה המחלקה לאומנות יהודית,21535-03,א',א',1800 - 2000,חדר מחלקה,מחלקה
מחלקה המחלקה לאומנות יהודית,21535-04,א',א',2000 - 2200,מ.ישראל-505,61
מחלקה המחלקה לאומנות יהודית,21536-01,א',ב',1700 - 1900,מ.ישראל-505,102
מחלקה המחלקה לאומנות יהודית,21536-02,א',ב',1700 - 1900,מ.ישראל-505,61
מחלקה המחלקה לאומנות יהודית,21537-01,א',ב',1500 - 1700,מ.ישראל-505,102
מחלקה המחלקה לאומנות יהודית,21540-01,א',ב',0900 - 1300,מ.ישראל-505,102
מחלקה המחלקה לאומנות יהודית,21540-02,ב',ב',0900 - 1300,מ.ישראל-505,102
מחלקה החוג הרב-תחומי במדעי היהדות,21542-01,א',ב',0900 - 1300,מ.ישראל-505,61
מחלקה החוג הרב-תחומי במדעי היהדות,21542-02,ב',ב',0900 - 1300,מ.ישראל-505,61
מחלקה המחלקה לאומנות יהודית,21590-01,א',א',1300 - 1500,מ.ישראל-505,102
מחלקה המחלקה לאומנות יהודית,21590-02,א',א',1300 - 1500,חדר מחלקה,מחלקה
מחלקה המחלקה לאומנות יהודית,21590-03,א',א',1300 - 1500,חדר מחלקה,מחלקה
מחלקה המחלקה לאומנות יהודית,21590-04,א',א',1300 - 1500,יהדות-410,26
מחלקה המחלקה לאומנות יהודית,21590-05,א',א',1300 - 1500,מ.ישראל-505,61
מחלקה המחלקה לאומנות יהודית,21590-06,א',א',1300 - 1500,יהדות-410,125
מחלקה המחלקה לאומנות יהודית,21591-01,א',ב',1300 - 1500,חדר מחלקה,מחלקה
מחלקה המחלקה לאומנות יהודית,21591-02,א',ב',1300 - 1500,מ.ישראל-505,61
מחלקה המחלקה לאומנות יהודית,21591-03,א',ב',1300 - 1500,מ.ישראל-505,102
מחלקה המחלקה לאומנות יהודית,21591-04,א',ב',1300 - 1500,חדר מחלקה,מחלקה
מחלקה המחלקה לאומנות יהודית,21591-05,א',ב',1300 - 1500,יהדות-410,26
מחלקה המחלקה לאומנות יהודית,21591-06,א',ב',1300 - 1500,יהדות-410,6
מחלקה המחלקה לאומנות יהודית,21599-01,א',ב',1900 - 2100,מ.ישראל-505,102
מחלקה המחלקה לאומנות יהודית,21599-02,ב',ב',1800 - 2000,מ.ישראל-505,102
מחלקה המחלקה לאומנות יהודית,21600-01,ב',א',1600 - 1800,מ.ישראל-505,106
מחלקה החוג הרב-תחומי במדעי היהדות,21601-01,א',ה',0900 - 1200,מ.ישראל-505,61
מחלקה המחלקה לאומנות יהודית,21602-01,א',ה',1400 - 1800,מ.ישראל-505,61
מחלקה המחלקה לאומנות יהודית,21603-01,א',ד',1000 - 1200,מ.ישראל-505,102
מחלקה המחלקה לאומנות יהודית,21604-01,ב',ג',1000 - 1200,מ.ישראל-505,106
מחלקה המחלקה לאומנות יהודית,21605-01,א',ב',1400 - 1600,מ.ישראל-505,106
מחלקה המחלקה לאומנות יהודית,21606-01,א',ב',1400 - 1600,מ.ישראל-505,106
מחלקה המחלקה לאומנות יהודית,21607-01,א',א',1600 - 1800,נלמד בזום,999
מחלקה המחלקה לאומנות יהודית,21608-01,ב',ה',1400 - 1600,מ.ישראל-505,102
מחלקה המחלקה לאומנות יהודית,21609-01,ב',ה',1200 - 1400,מ.ישראל-505,102
מחלקה המחלקה לאומנות יהודית,21613-01,ב',ב',1000 - 1200,מ.ישראל-505,106
מחלקה המחלקה לאומנות יהודית,21701-01,א',ב',1200 - 1400,מ.ישראל-507,108
מחלקה המחלקה לאומנות יהודית,21704-01,ב',ב',1200 - 1400,מ.ישראל-507,101
מחלקה המחלקה לאומנות יהודית,21706-01,א',ב',0800 - 1000,מ.ישראל-505,101
מחלקה המחלקה לאומנות יהודית,21707-01,א',ג',"1600 - 1800
1600 - 1800",מ.ישראל-505,106
מחלקה המחלקה לאומנות יהודית,21746-01,א',ב',1000 - 1200,מ.ישראל-505,106
מחלקה המחלקה לאומנות יהודית,21760-01,ב',ג',1200 - 1400,מ.ישראל-505,106
מחלקה המחלקה לאומנות יהודית,21802-01,א',ג',1800 - 2000,נלמד בזום,999
מחלקה המחלקה לאומנות יהודית,21803-01,ב',ג',1800 - 2000,נלמד בזום,999
מחלקה המחלקה לאומנות יהודית,21858-01,א',ג',1000 - 1200,מ.ישראל-501,25
מחלקה המחלקה לאומנות יהודית,21867-01,ב',ב',0800 - 1000,מ.ישראל-505,106
מחלקה המחלקה לאומנות יהודית,21994-01,א',סוג מפגש קולוקו רשות,1600 - 1800,נלמד בזום,999
מחלקה המחלקה לאומנות יהודית,21996-01,א',סוג מפגש קולוקו רשות,1600 - 1800,נלמד בזום,999
מחלקה המחלקה לאומנות יהודית,21997-01,א',סוג מפגש קולוקו רשות,1600 - 1800,נלמד בזום,999
מחלקה תכנית ברוקדייל,25101-01,א',א',1000 - 1200,פלדמן-301,202
מחלקה תכנית ברוקדייל,251121-01,א',ג',1000 - 1200,משפטים-305,10
מחלקה תכנית ברוקדייל,251121-02,א',ד',1000 - 1200,חדר מחלקה,מחלקה
מחלקה תכנית ברוקדייל,25115-01,א',ב',1200 - 1400,רוח-1002,1
מחלקה תכנית ברוקדייל,251301-01,א',ד',1000 - 1200,פלדמן-301,202
מחלקה תכנית ברוקדייל,25201-01,ב',א',1000 - 1200,פלדמן-301,202
מחלקה תכנית ברוקדייל,252121-01,ב',ג',1000 - 1200,משפטים-306,111
מחלקה תכנית ברוקדייל,252121-02,ב',ד',1000 - 1200,חדר מחלקה,מחלקה
מחלקה תכנית ברוקדייל,25215-01,ב',ב',1200 - 1400,רוח-1002,1
מחלקה תכנית ברוקדייל,25230-01,ב',ד',1000 - 1200,פלדמן-301,202
מחלקה תכנית ברוקדייל,25406-01,א',ב',1000 - 1200,משפטים-305,6
מחלקה תכנית ברוקדייל,25408-01,ב',ב',1000 - 1200,מ.ישראל-505,4
מחלקה תכנית ברוקדייל,25409-01,א',ד',1200 - 1400,פלדמן-301,202
מחלקה תכנית ברוקדייל,25411-01,א',א',1200 - 1400,פלדמן-301,202
מחלקה תכנית ברוקדייל,25412-01,ב',א',1200 - 1400,פלדמן-301,202
מחלקה תכנית ברוקדייל,25413-01,א',א',1200 - 1400,משפטים-306,111
מחלקה תכנית ברוקדייל,25414-01,ב',א',1200 - 1400,משפטים-306,111
מחלקה תכנית ברוקדייל,25416-01,א',ד',1000 - 1200,משפטים-305,6
מחלקה תכנית ברוקדייל,25417-01,ב',ד',1000 - 1200,משפטים-305,134
מחלקה תכנית ברוקדייל,25418-01,א',ג',1000 - 1200,טבע-207,1
מחלקה תכנית ברוקדייל,25418-02,א',ג',1000 - 1200,מ.ישראל-505,1
מחלקה תכנית ברוקדייל,25419-01,א',ג',1200 - 1400,מ.ישראל-505,2
מחלקה תכנית ברוקדייל,25423-01,ב',ג',1200 - 1400,משפטים-306,111
מחלקה תכנית ברוקדייל,25424-01,ב',ד',1200 - 1400,פלדמן-301,202
מחלקה תכנית ברוקדייל,25425-01,א',ב',1700 - 1900,חדר מחלקה,מחלקה
מחלקה פרשנות ותרבות,27100-01,א',ד',1600 - 1800,מ.ישראל-507,1
מחלקה פרשנות ותרבות,27105-01,א',ג',"1600 - 1800
1600 - 1800","מ.ישראל-507
טרם שובץ","1
טרם שובץ"
מחלקה פרשנות ותרבות,271055-01,א',ג',"1600 - 1800
1600 - 1800","מ.ישראל-507
טרם שובץ","1
טרם שובץ"
מחלקה פרשנות ותרבות,27106-01,א',ג',1600 - 1800,מ.ישראל-502,26
מחלקה פרשנות ותרבות,27110-01,א',ד',1000 - 1200,מ.ישראל-507,2
מחלקה פרשנות ותרבות,27116-01,א',ג',1600 - 2000,חברה-905,217
מחלקה פרשנות ותרבות,271231-01,ב',ד',1000 - 1200,חברה-902,201
מחלקה פרשנות ותרבות,271232-01,ב',ד',1000 - 1200,חברה-902,201
מחלקה פרשנות ותרבות,271257-01,א',ד',0800 - 1000,מ.ישראל-505,105
מחלקה פרשנות ותרבות,271260-01,א',ד',1000 - 1200,חברה-902,103
מחלקה פרשנות ותרבות,271270-01,א',ד',1200 - 1400,חברה-902,102
מחלקה פרשנות ותרבות,27127-01,א',ג',"1200 - 1400
1200 - 1400","מ.ישראל-508
חברה-902","7
12"
מחלקה פרשנות ותרבות,271273-01,א',ד',1200 - 1400,חדר מחלקה,מחלקה
מחלקה פרשנות ותרבות,271300-01,א',ג',"1000 - 1200
1000 - 1200","מ.ישראל-605
מ.ישראל-505","63
1"
מחלקה פרשנות ותרבות,271302-01,א',"פרטי קורס  קולוקוו כללי- פרשנות ותרבות- תשפ""ו
קוד קורס 271302-01
שם קורס באנגלית Bar-Ilan Colloquium for Hermeneutics and Culture – 2026
מחלקה פרשנות ותרבות
פקולטה יחידה ללימודים בין תחומיים
סוג מפגש קולוקו רשות
מרצה ד""ר יעל משעני אובל
ד""ר אלה קליק
שעות סמסטר א' - 2.00
סמסטר ב' - 2.00
נ""ז 0.00
הערה
 ד'
שעה 1400 - 1600
בניין
חדר מחלקה
חדר
999
אפיונים פרשנות ותרבות
מודל - אתר מלווה קורס
תאריכי בחינות",1400 - 1600,חדר מחלקה,מחלקה
מחלקה פרשנות ותרבות,271303-01,א',"פרטי קורס  קולוקוו בר אילן לפסיכואנליזה, תרבות וחברה תשפ""ו
קוד קורס 271303-01
שם קורס באנגלית Bar-Ilan Colloquium for Psychoanalysis, Cultur and society 2026
מחלקה פרשנות ותרבות
פקולטה יחידה ללימודים בין תחומיים
סוג מפגש קולוקו רשות
מרצה ד""ר זהורית אסולין
שעות סמסטר א' - 2.00
סמסטר ב' - 2.00
נ""ז 0.00
הערה
 ד'
שעה 1400 - 1600
בניין
רוח-1002
חדר
1
אפיונים פרשנות ותרבות
מודל - אתר מלווה קורס
תאריכי בחינות",1400 - 1600,רוח-1002,1
מחלקה פרשנות ותרבות,27131-01,א',ד',1200 - 1400,מ.ישראל-604,14
מחלקה פרשנות ותרבות,271561-01,א',ג',1600 - 1800,חברה-902,201
מחלקה פרשנות ותרבות,271562-01,א',ג',1600 - 1800,חברה-902,201
מחלקה פרשנות ותרבות,271701-01,א',ג',1200 - 1600,חברה-905,417
מחלקה פרשנות ותרבות,271702-01,א',ג',1200 - 1600,חברה-905,417
מחלקה פרשנות ותרבות,271707-01,א',ג',1800 - 2000,חדר מחלקה,מחלקה
מחלקה פרשנות ותרבות,271801-01,א',ד',"1600 - 1800
1600 - 1800","מ.ישראל-604
מ.ישראל-605","205
105"
מחלקה פרשנות ותרבות,271802-01,א',ד',"1600 - 1800
1600 - 1800","מ.ישראל-604
מ.ישראל-605","205
105"
מחלקה פרשנות ותרבות,271808-01,א',ג',1200 - 1400,מ.ישראל-604,309
מחלקה פרשנות ותרבות,2719000-01,א',"פרטי קורס  קולוק מחשבה ביקורתית וטכנולוגיות עכשוויות תשפו
קוד קורס 2719000-01
שם קורס באנגלית Critical Studies of Emerging Technologies colloquium 2026
מחלקה פרשנות ותרבות
פקולטה יחידה ללימודים בין תחומיים
סוג מפגש הרצאה
מרצה פרופ' לירן רזינסקי
שעות סמסטר א' - 2.00
סמסטר ב' - 2.00
נ""ז 4.00
הערה
 ג'
שעה 1400 - 1600
בניין
מ.ישראל-604
חדר
309
אפיונים פרשנות ותרבות
מודל - אתר מלווה קורס
תאריכי בחינות",1400 - 1600,מ.ישראל-604,309
מחלקה פרשנות ותרבות,271901-01,א',ד',0800 - 1000,מ.ישראל-507,2
מחלקה פרשנות ותרבות,271902-01,א',ד',0800 - 1000,מ.ישראל-507,2
מחלקה פרשנות ותרבות,271904-01,א',ג',1000 - 1200,מ.ישראל-604,309
מחלקה פרשנות ותרבות,271905-01,א',ג',1000 - 1200,מ.ישראל-604,309
מחלקה פרשנות ותרבות,271906-01,א',ג',1000 - 1200,מ.ישראל-604,309
מחלקה פרשנות ותרבות,271907-01,א',ד',1000 - 1200,חברה-905,116
מחלקה פרשנות ותרבות,271908-01,א',ד',1200 - 1400,חברה-902,210
מחלקה פרשנות ותרבות,271909-01,א',ג',1800 - 2000,מ.ישראל-505,62
מחלקה פרשנות ותרבות,27197-01,א',ד',"1800 - 2000
1800 - 2000","מ.ישראל-507
מ.ישראל-505","1
65"
מחלקה מדעי המוח,272000-01,ב',א',1200 - 1400,חברה-901,101
מחלקה מדעי המוח,272000-02,ב',ב',0800 - 1000,מ.ישראל-605,63
מחלקה מדעי המוח,272000-03,ב',ה',1700 - 1900,מ.ישראל-507,208
מחלקה מדעי המוח,272000-04,ב',ב',1200 - 1400,מ.ישראל-605,14
מחלקה מדעי המוח,272011-01,א',ג',0800 - 1200,חברה-901,61
מחלקה מדעי המוח,272011-02,א',א',1400 - 1600,מ.ישראל-507,208
מחלקה מדעי המוח,272011-03,א',ג',1400 - 1600,מ.ישראל-507,201
מחלקה מדעי המוח,272011-04,א',ד',1600 - 1800,חברה-901,101
מחלקה מדעי המוח,272011-05,א',ב',0800 - 1000,טבע-203,226
מחלקה מדעי המוח,272011-06,א',ב',1000 - 1200,טבע-203,226
מחלקה מדעי המוח,272012-01,ב',ג',1000 - 1200,חברה-905,62
מחלקה מדעי המוח,272012-02,ב',א',1600 - 1700,מ.ישראל-604,14
מחלקה מדעי המוח,272012-03,ב',ד',1600 - 1700,חברה-902,12
מחלקה מדעי המוח,272012-04,ב',ה',0900 - 1000,מ.ישראל-604,63
מחלקה מדעי המוח,272012-05,ב',ב',0900 - 1000,חברה-902,201
מחלקה מדעי המוח,272012-06,ב',ג',0900 - 1000,חברה-902,103
מחלקה מדעי המוח,27202-01,ב',ה',1300 - 1700,חברה-905,61
מחלקה מדעי המוח,27202-02,ב',ב',1200 - 1400,מ.ישראל-605,13
מחלקה מדעי המוח,27202-03,ב',ב',1600 - 1800,מ.ישראל-605,14
מחלקה מדעי המוח,27202-04,ב',ד',0900 - 1100,מ.ישראל-604,13
מחלקה מדעי המוח,27205-01,א',ה',1200 - 1400,מ.ישראל-604,101
מחלקה מדעי המוח,27207-01,א',ד',0800 - 1200,חברה-901,101
מחלקה מדעי המוח,27207-02,א',ב',0800 - 1000,מ.ישראל-505,104
מחלקה מדעי המוח,27207-03,א',ד',1400 - 1600,מ.ישראל-507,207
מחלקה מדעי המוח,27207-05,א',ד',1600 - 1800,מ.ישראל-502,6
מחלקה מדעי המוח,27208-01,א',ב',1000 - 1200,מ.ישראל-605,12
מחלקה מדעי המוח,27208-02,א',ב',1200 - 1400,מ.ישראל-505,4
מחלקה מדעי המוח,27208-03,א',ה',1400 - 1600,מ.ישראל-604,64
מחלקה מדעי המוח,27209-01,ב',ד',1400 - 1600,מ.ישראל-604,102
מחלקה מדעי המוח,27209-02,ב',א',1000 - 1200,חברה-901,101
מחלקה מדעי המוח,27209-03,ב',ג',1400 - 1600,מ.ישראל-507,209
מחלקה מדעי המוח,27209-04,ב',ד',1600 - 1800,מ.ישראל-604,14
מחלקה מדעי המוח,27211-01,א',א',0900 - 1200,חברה-905,61
מחלקה מדעי המוח,27212-01,ב',ג',0800 - 1000,חברה-901,101
מחלקה מדעי המוח,27213-01,ב',ה',1000 - 1300,רוח-1002,61
מחלקה מדעי המוח,27213-02,ב',א',1400 - 1600,חברה-901,101
מחלקה מדעי המוח,27213-03,ב',ג',1600 - 1800,חברה-901,101
מחלקה מדעי המוח,27213-04,ב',ד',0900 - 1100,מ.ישראל-604,63
מחלקה מדעי המוח,27214-01,א',א',1200 - 1400,מ.ישראל-501,25
מחלקה מדעי המוח,27214-02,א',ב',1400 - 1600,מ.ישראל-505,105
מחלקה מדעי המוח,27214-03,א',ב',1600 - 1800,מ.ישראל-505,105
מחלקה מדעי המוח,27214-04,א',ה',1000 - 1200,מ.ישראל-605,14
מחלקה מדעי המוח,27215-01,א',ד',1200 - 1400,רוח-1002,1
מחלקה מדעי המוח,27216-01,ב',ב',1400 - 1600,מ.ישראל-605,61
מחלקה מדעי המוח,27219-01,ב',ד',1100 - 1400,רוח-1002,1
מחלקה מדעי המוח,27219-02,ב',ב',1000 - 1200,מ.ישראל-605,13
מחלקה מדעי המוח,27219-03,ב',ב',1400 - 1600,מ.ישראל-604,13
מחלקה מדעי המוח,27219-04,ב',א',0800 - 1000,מ.ישראל-604,103
"פרטי קורס : שעת מחלקה שנה א
קוד קורס 27223-01
שם קורס באנגלית Departmental Hours Year I
מחלקה מדעי המוח
פקולטה יחידה ללימודים בין תחומיים
סוג מפגש ש.מחלקה
מרצה נקבע טרם
שעות סמסטר א' - 4.00
נ""ז 0.00
הערה
יום ג',ד'
שעה 12:00 - 14:00
18:00 - 20:00
בניין
חדר מחלקה
חברה-901
חדר
999
101
אפיונים מודל - אתר מלווה קורס
פרונטלי
תאריכי בחינות",27223-01,א',"ג',ד'","1200 - 1400
1800 - 2000","חדר מחלקה
חברה-901",מחלקה
"פרטי קורס : שעת מחלקה שנה א
קוד קורס 27223-02
שם קורס באנגלית Departmental Hours Year I
מחלקה מדעי המוח
פקולטה יחידה ללימודים בין תחומיים
סוג מפגש ש.מחלקה
מרצה
שעות סמסטר ב' - 4.00
נ""ז 0.00
הערה
יום ג',ד'
שעה 12:00 - 14:00
18:00 - 20:00
בניין
חדר מחלקה
חברה-901
חדר
999
101
אפיונים מודל - אתר מלווה קורס
פרונטלי
תאריכי בחינות",27223-02,ב',"ג',ד'","1200 - 1400
1800 - 2000","חדר מחלקה
חברה-901",מחלקה
מחלקה מדעי המוח,273003-01,א',ה',0800 - 1000,חברה-901,101
מחלקה מדעי המוח,273003-02,א',א',1400 - 1600,מ.ישראל-502,23
מחלקה מדעי המוח,273003-03,א',ד',1000 - 1200,מ.ישראל-505,3
מחלקה מדעי המוח,273003-04,א',א',1600 - 1800,מ.ישראל-505,64
מחלקה מדעי המוח,27302-01,א',א',1200 - 1400,מ.ישראל-507,106
מחלקה מדעי המוח,27305-01,ב',ב',1200 - 1400,משפטים-305,10
מחלקה מדעי המוח,27305-02,ב',ג',1400 - 1600,מ.ישראל-505,3
מחלקה מדעי המוח,27305-03,ב',ד',1000 - 1200,חברה-902,12
מחלקה מדעי המוח,27305-04,ב',ג',1400 - 1600,יהדות-404,115
מחלקה מדעי המוח,27312-01,א',ג',1400 - 1600,חברה-901,101
מחלקה מדעי המוח,27316-01,א',"ה',ב'","1500 - 1600
1000 - 1200",חברה-901,102
מחלקה מדעי המוח,27316-02,א',ג',"1300 - 1400
1200 - 1400",חברה-901,102
מחלקה מדעי המוח,27316-04,א',"ה',ד'","1400 - 1500
1500 - 1700","חברה-901
מ.ישראל-604","102
205"
מחלקה מדעי המוח,273218-01,א',ה',1200 - 1400,חברה-905,62
מחלקה מדעי המוח,27324-01,א',ג',0800 - 1000,מ.ישראל-604,62
מחלקה מדעי המוח,27345-01,ב',ב',1400 - 1700,חדר מחלקה,מחלקה
מחלקה מדעי המוח,27346-01,ב',ג',1000 - 1200,חברה-901,101
מחלקה מדעי המוח,27350-01,א',"ב',ג'","0800 - 1000
1600 - 1800",חברה-901,101
מחלקה מדעי המוח,27354-01,א',ב',1200 - 1400,מ.ישראל-507,207
"פרטי קורס : שעות מחלקה שנה ב'
קוד קורס 27360-01
שם קורס באנגלית Departmental Hours Year II
מחלקה מדעי המוח
פקולטה יחידה ללימודים בין תחומיים
סוג מפגש ש.מחלקה
מרצה נקבע טרם

שעות סמסטר א' - 2.00
סמסטר ב' - 2.00
נ""ז 0.00
הערה
יום א',ב'
שעה 08:00 - 10:00
08:00 - 10:00
בניין
חדר מחלקה
מ.ישראל-604
חדר
999
101
אפיונים מודל - אתר מלווה קורס
תאריכי בחינות",27360-01,א',"א',ב'","0800 - 1000
0800 - 1000","חדר מחלקה
מ.ישראל-604",מחלקה
מחלקה מדעי המוח,27402-01,א',ד',1400 - 1600,חברה-902,12
מחלקה מדעי המוח,27403-01,ב',ד',1000 - 1200,חברה-901,101
מחלקה מדעי המוח,27405-01,ב',ד',1400 - 1600,חברה-901,102
מחלקה מדעי המוח,27406-01,א',ב',1200 - 1400,מ.ישראל-504,1
"פרטי קורס : שעות מחלקה שנה ג'
קוד קורס 27410-01
שם קורס באנגלית Departmental Hours Year III
מחלקה מדעי המוח
פקולטה יחידה ללימודים בין תחומיים
סוג מפגש ש.מחלקה
מרצה נקבע טרם
שעות סמסטר א' - 2.00
סמסטר ב' - 2.00
נ""ז 0.00
הערה
יום ב',ג'
שעה 08:00 - 10:00
08:00 - 10:00
בניין
חדר מחלקה
מ.ישראל-604
חדר
999
61
אפיונים מודל - אתר מלווה קורס
פרונטלי
תאריכי בחינות",27410-01,א',"ב',ג'","0800 - 1000
0800 - 1000","חדר מחלקה
מ.ישראל-604",מחלקה
מחלקה מדעי המוח,27425-01,א',ו',1000 - 1200,חדר מחלקה,מחלקה
מחלקה מדעי המוח,27427-01,א',א',1000 - 1200,מ.ישראל-505,104
מחלקה מדעי המוח,27428-01,א',ב',1600 - 1800,חברה-902,12
מחלקה מדעי המוח,27430-01,ב',ג',1600 - 1800,מ.ישראל-505,3
מחלקה מדעי המוח,27431-01,א',ג',1600 - 1800,מ.ישראל-605,12
מחלקה מדעי המוח,27431-02,א',ד',1400 - 1600,מ.ישראל-505,5
מחלקה מדעי המוח,27431-03,א',ד',1600 - 1800,חברה-902,12
מחלקה מדעי המוח,27431-04,א',ד',1800 - 2000,חברה-902,12
מחלקה מדעי המוח,27432-01,א',ג',0800 - 1000,חברה-901,101
מחלקה מדעי המוח,27434-01,א',א',1200 - 1600,חדר מחלקה,מחלקה
מחלקה מדעי המוח,27434-02,א',א',1400 - 1800,חדר מחלקה,מחלקה
מחלקה מדעי המוח,27434-03,א',ד',0800 - 1200,חדר מחלקה,מחלקה
מחלקה מדעי המוח,27434-04,א',ד',1000 - 1400,חדר מחלקה,מחלקה
מחלקה מדעי המוח,27436-01,ב',ג',1400 - 1600,חברה-901,101
מחלקה מדעי המוח,27436-02,ב',ד',1400 - 1600,חברה-902,102
מחלקה מדעי המוח,27436-03,ב',ד',1600 - 1800,חברה-902,102
מחלקה מדעי המוח,27436-04,ב',ד',1800 - 2000,חברה-902,102
מחלקה מדעי המוח,274470-01,א',ד',1600 - 1800,מ.ישראל-505,103
מחלקה מדעי המוח,27448-01,ב',א',1600 - 1900,חברה-901,101
מחלקה מדעי המוח,274481-01,א',ג',1000 - 1200,חברה-901,101
מחלקה מדעי המוח,274484-01,א',ו',1000 - 1200,חדר מחלקה,מחלקה
מחלקה מדעי המוח,274490-01,א',ג',1200 - 1400,חברה-901,101
מחלקה מדעי המוח,27456-01,א',ד',1600 - 1800,חברה-901,102
מחלקה מדעי המוח,27461-01,ב',ד',1200 - 1400,מ.ישראל-605,13
מחלקה מדעי המוח,27467-01,ב',א',1200 - 1400,מ.ישראל-605,103
מחלקה מדעי המוח לתארים מתקדמים,275016-01,א',"ב',ה'","1600 - 1800
1400 - 1600",חברה-901,101
מחלקה מדעי המוח,275019-01,א',ג',0800 - 1000,חדר מחלקה,מחלקה
מחלקה מדעי המוח לתארים מתקדמים,275020-01,א',א',1400 - 1600,חברה-901,101
מחלקה מדעי המוח לתארים מתקדמים,275020-02,א',ה',1200 - 1400,חברה-901,102
מחלקה מדעי המוח לתארים מתקדמים,275021-01,ב',ב',1000 - 1200,חברה-901,101
מחלקה מדעי המוח לתארים מתקדמים,275023-01,ב',"ב',ה'","1600 - 1800
1400 - 1600",חברה-901,101
מחלקה מדעי המוח לתארים מתקדמים,275024-01,א',א',1200 - 1400,חברה-901,102
מחלקה מדעי המוח לתארים מתקדמים,275025-01,א',א',1200 - 1400,חדר מחלקה,מחלקה
מחלקה מדעי המוח לתארים מתקדמים,275026-01,א',א',1300 - 1400,חדר מחלקה,מחלקה
מחלקה מדעי המוח לתארים מתקדמים,275027-01,א',ב',1200 - 1400,חברה-901,102
מחלקה מדעי המוח לתארים מתקדמים,275027-02,א',ד',1200 - 1400,חדר מחלקה,מחלקה
מחלקה מדעי המוח לתארים מתקדמים,275029-01,א',א',0800 - 1000,חברה-901,102
מחלקה מדעי המוח לתארים מתקדמים,275030-01,ב',א',0800 - 1000,חדר מחלקה,מחלקה
מחלקה מדעי המוח לתארים מתקדמים,27503-01,ב',"ד',ה'","1200 - 1400
1200 - 1400",חברה-901,101
מחלקה מדעי המוח,275036-01,א',ה',0800 - 1000,חברה-902,101
מחלקה מדעי המוח לתארים מתקדמים,275037-01,ב',ד',1000 - 1200,מ.ישראל-505,5
מחלקה מדעי המוח לתארים מתקדמים,27504-01,א',"ב',ד'","1200 - 1400
1400 - 1600",חברה-901,101
מחלקה מדעי המוח לתארים מתקדמים,27504-02,א',א',1200 - 1400,חברה-901,101
מחלקה מדעי המוח לתארים מתקדמים,27504-03,א',א',1600 - 1800,חברה-901,101
מחלקה מדעי המוח לתארים מתקדמים,27505-01,ב',"ב',ד'","0800 - 1000
0800 - 1000",חברה-901,101
מחלקה מדעי המוח לתארים מתקדמים,27505-02,ב',ב',1200 - 1400,חברה-901,101
מחלקה מדעי המוח לתארים מתקדמים,27505-03,ב',ה',0800 - 1000,חברה-901,101
מחלקה מדעי המוח לתארים מתקדמים,27510-01,א',ב',"1400 - 1600
1400 - 1600","חדר מחלקה
חברה-901",מחלקה
מחלקה מדעי המוח לתארים מתקדמים,27525-01,ב',ד',1400 - 1800,חברה-901,101
מחלקה מדעי המוח לתארים מתקדמים,27593-01,ב',ד',1600 - 1800,חברה-901,102
מחלקה מדעי המוח לתארים מתקדמים,27595-01,א',ב',1000 - 1200,חברה-901,101
מחלקה מדעי המוח לתארים מתקדמים,27613-01,א',א',1000 - 1200,חברה-901,101
מחלקה ניהול ויישוב סכסוכים,27714-02,ב',ג',1000 - 1200,חברה-905,116
מחלקה ניהול ויישוב סכסוכים,277422-01,ב',ג',1000 - 1200,חברה-902,201
"מחלקה מדע, טכנולוגיה וחברה",27800-01,א',א',"1400 - 1600
1400 - 1600","מ.ישראל-507
מ.ישראל-604","1
205"
"מחלקה מדע, טכנולוגיה וחברה",278110-01,א',א',1400 - 1600,חברה-902,104
"מחלקה מדע, טכנולוגיה וחברה",278112-01,ב',ג',1000 - 1200,חברה-902,104
"מחלקה מדע, טכנולוגיה וחברה",278118-01,א',א',1200 - 1400,חברה-902,101
"מחלקה מדע, טכנולוגיה וחברה",278119-01,א',א',1600 - 1800,מ.ישראל-604,309
"מחלקה מדע, טכנולוגיה וחברה",278120-01,ב',א',1600 - 1800,מ.ישראל-604,309
"מחלקה מדע, טכנולוגיה וחברה",278121-01,א',א',"1400 - 1600
1400 - 1600",מ.ישראל-604,309
"מחלקה מדע, טכנולוגיה וחברה",278122-01,א',"פרטי קורס  קולוק מחשבה ביקורתית וטכנולוגיות עכשוויות
קוד קורס 278122-01
שם קורס באנגלית Critical Studies of Emerging Technologies colloquium
מחלקה מדע, טכנולוגיה וחברה
פקולטה יחידה ללימודים בין תחומיים
סוג מפגש הרצאה
מרצה ד""ר נועם יורן
שעות סמסטר א' - 2.00
סמסטר ב' - 2.00
נ""ז 4.00
הערה
 ג'
שעה 1400 - 1600
בניין
חברה-902
חדר
104
אפיונים מדע,טכנולוגיה וחברה
מודל - אתר מלווה קורס
תאריכי בחינות",1400 - 1600,חברה-902,104
"מחלקה מדע, טכנולוגיה וחברה",278124-01,ב',ג',1600 - 1800,חברה-902,210
"מחלקה מדע, טכנולוגיה וחברה",278125-01,ב',ג',1600 - 1800,חברה-902,202
"מחלקה מדע, טכנולוגיה וחברה",278126-01,ב',ג',1800 - 2000,חברה-902,201
"מחלקה מדע, טכנולוגיה וחברה",278127-01,ב',ג',1200 - 1400,חברה-902,104
"מחלקה מדע, טכנולוגיה וחברה",278128-01,א',ג',1000 - 1400,מ.ישראל-507,2
"מחלקה מדע, טכנולוגיה וחברה",278129-01,א',ג',"1800 - 2000
1800 - 2000",חברה-902,"104
103"
"מחלקה מדע, טכנולוגיה וחברה",278130-01,ב',א',1600 - 1800,חברה-902,104
"מחלקה מדע, טכנולוגיה וחברה",278131-01,א',א',1000 - 1200,מ.ישראל-604,309
"מחלקה מדע, טכנולוגיה וחברה",27815-01,א',א',"1600 - 1800
1600 - 1800","מ.ישראל-604
מ.ישראל-505","13
3"
"מחלקה מדע, טכנולוגיה וחברה",27825-01,א',א',1200 - 1400,מ.ישראל-507,1
"מחלקה מדע, טכנולוגיה וחברה",27826-01,ב',א',1200 - 1400,מ.ישראל-507,1
"מחלקה מדע, טכנולוגיה וחברה",27830-01,א',"פרטי קורס  קולוקוו מחלקתי
קוד קורס 27830-01
שם קורס באנגלית Departmental Seminar
מחלקה מדע, טכנולוגיה וחברה
פקולטה יחידה ללימודים בין תחומיים
סוג מפגש קולוקו חובה
מרצה ד""ר נועם יורן
שעות סמסטר א' - 2.00
סמסטר ב' - 2.00
נ""ז 0.00
הערה
 א'
שעה 1900 - 2100
1900 - 2100
בניין
חדר מחלקה
חדר
999
אפיונים מדע,טכנולוגיה וחברה
מודל - אתר מלווה קורס
פרונטלי
תאריכי בחינות","1900 - 2100
1900 - 2100",חדר מחלקה,מחלקה
"מחלקה מדע, טכנולוגיה וחברה",27832-01,א',"פרטי קורס  קולוקו חוקרים
קוד קורס 27832-01
שם קורס באנגלית Research Seminar
מחלקה מדע, טכנולוגיה וחברה
פקולטה יחידה ללימודים בין תחומיים
סוג מפגש קולוקו רשות
מרצה פרופ' נח עפרון
שעות סמסטר א' - 1.00
סמסטר ב' - 1.00
נ""ז 0.00
הערה
 א'
שעה 1800 - 2000
בניין
חדר מחלקה
חדר
999
אפיונים מדע,טכנולוגיה וחברה
מודל - אתר מלווה קורס
תאריכי בחינות",1800 - 2000,חדר מחלקה,מחלקה
"מחלקה מדע, טכנולוגיה וחברה",278590-01,א',ג',1200 - 1400,חברה-902,210
"מחלקה מדע, טכנולוגיה וחברה",278596-01,א',סוג מפגש קולוקו רשות,"1800 - 1900
1800 - 1900",חדר מחלקה,מחלקה
"מחלקה מדע, טכנולוגיה וחברה",278597-01,א',א',"1400 - 1600
1400 - 1600",חברה-902,"101
202"
"מחלקה מדע, טכנולוגיה וחברה",278601-01,א',ג',1600 - 1800,חברה-902,104
"מחלקה מדע, טכנולוגיה וחברה",278609-01,ב',א',1400 - 1600,חברה-902,101
"מחלקה מדע, טכנולוגיה וחברה",278611-01,ב',ג',1400 - 1600,חברה-902,101
"מחלקה מדע, טכנולוגיה וחברה",278614-01,א',א',1000 - 1200,מ.ישראל-604,205
"מחלקה מדע, טכנולוגיה וחברה",278616-01,א',ג',1400 - 1800,חברה-902,103
מחלקה לימודי מגדר,279000-01,ב',ו',0800 - 1000,נלמד בזום,999
מחלקה לימודי מגדר,279005-01,א',א',1900 - 2100,נלמד בזום,999
מחלקה לימודי מגדר,279006-01,א',ד',0800 - 1000,מ.ישראל-604,309
מחלקה לימודי מגדר,279007-01,א',ד',1000 - 1200,מ.ישראל-505,2
מחלקה לימודי מגדר,279020-01,א',ד',1000 - 1200,מ.ישראל-604,309
מחלקה לימודי מגדר,279080-01,ב',ג',1600 - 1800,מ.ישראל-604,309
מחלקה לימודי מגדר,279080-02,ב',ג',1800 - 2000,מ.ישראל-604,309
מחלקה לימודי מגדר,27908-06,ב',ג',1600 - 1800,חברה-902,101
מחלקה לימודי מגדר,279096-01,א',ג',1200 - 1400,חברה-905,116
מחלקה לימודי מגדר,279100-01,ב',ד',1000 - 1200,חברה-902,104
מחלקה לימודי מגדר,27910-01,ב',ד',1800 - 2000,מ.ישראל-604,309
מחלקה לימודי מגדר,279101-01,ב',ד',1800 - 2000,מ.ישראל-505,5
מחלקה לימודי מגדר,279107-01,ב',ד',0800 - 1000,מ.ישראל-604,309
מחלקה לימודי מגדר,27914-01,א',ג',1200 - 1400,חברה-902,201
מחלקה לימודי מגדר,279150-01,א',ד',1400 - 1600,חדר מחלקה,מחלקה
מחלקה לימודי מגדר,279152-01,א',ד',"1400 - 1600
1400 - 1600","מ.ישראל-504
חברה-905","2
116"
מחלקה לימודי מגדר,27923-01,א',ג',"1000 - 1200
1000 - 1200",מ.ישראל-605,"64
65"
מחלקה לימודי מגדר,27924-01,ב',ג',1400 - 1600,חברה-902,103
מחלקה לימודי מגדר,279260-01,א',ד',1400 - 1600,מ.ישראל-604,309
מחלקה לימודי מגדר,27926-01,ב',ג',1400 - 1600,חברה-902,202
מחלקה לימודי מגדר,27929-01,א',ג',"1400 - 1600
0800 - 1000","חברה-902
מ.ישראל-605","102
65"
מחלקה לימודי מגדר,27939-01,א',"פרטי קורס  קולוקוו
קוד קורס 27939-01
שם קורס באנגלית Colloquium
מחלקה לימודי מגדר
פקולטה יחידה ללימודים בין תחומיים
סוג מפגש קולוקו רשות
מרצה ד""ר רחל לוי הרץ
פרופ' ענת הרבסט - דבי
שעות סמסטר א' - 2.00
סמסטר ב' - 2.00
נ""ז 0.00
הערה
 א'
שעה 1900 - 2100
1900 - 2100
בניין
חדר מחלקה
חדר
999
אפיונים מיגדר
מודל - אתר מלווה קורס
תאריכי בחינות","1900 - 2100
1900 - 2100",חדר מחלקה,מחלקה
מחלקה לימודי מגדר,27940-01,א',"פרטי קורס  קולוקוו מחלקתי
קוד קורס 27940-01
שם קורס באנגלית Departmental Seminar
מחלקה לימודי מגדר
פקולטה יחידה ללימודים בין תחומיים
סוג מפגש קולוקו רשות
מרצה ד""ר רחל לוי הרץ
פרופ' ענת הרבסט - דבי
שעות סמסטר א' - 2.00
סמסטר ב' - 2.00
נ""ז 0.00
הערה
 א'
שעה 1900 - 2100
1900 - 2100
בניין
חדר מחלקה
חדר
999
אפיונים מיגדר
מודל - אתר מלווה קורס
תאריכי בחינות","1900 - 2100
1900 - 2100",חדר מחלקה,מחלקה
מחלקה לימודי מגדר,27950-01,ב',ד',1000 - 1200,חברה-902,101
מחלקה לימודי מגדר,27952-01,א',ד',1800 - 2000,מ.ישראל-604,309
מחלקה לימודי מגדר,279521-01,ב',ג',0800 - 1000,מ.ישראל-604,309
מחלקה לימודי מגדר,27957-01,ב',ד',1600 - 1800,מ.ישראל-604,309
מחלקה לימודי מגדר,279600-01,א',ד',1200 - 1400,חברה-902,104
מחלקה לימודי מגדר,279602-01,ב',ג',1800 - 2000,חברה-902,101
מחלקה לימודי מגדר,27961-01,א',ג',0800 - 1000,מ.ישראל-605,64
מחלקה לימודי מגדר,27965-01,א',ג',1400 - 1600,מ.ישראל-502,26
מחלקה לימודי מגדר,279660-01,א',ג',1600 - 1800,חברה-902,101
מחלקה לימודי מגדר,279700-01,א',ו',1200 - 1400,נלמד בזום,999
מחלקה לימודי מגדר,279711-01,א',ג',1800 - 2000,מ.ישראל-504,5
מחלקה לימודי מגדר,279830-01,א',ד',1600 - 1800,מ.ישראל-604,309
מחלקה לימודי מגדר,279860-01,ב',ג',1200 - 1400,מ.ישראל-605,65
מחלקה לימודי מגדר,27987-01,א',ד',1200 - 1400,מ.ישראל-604,309
מחלקה לימודי מגדר,27990-01,א',ג',1600 - 1800,מ.ישראל-604,309
מחלקה לימודי מגדר,279930-01,א',ג',1800 - 2000,מ.ישראל-604,309
מחלקה לימודי מגדר,27994-01,א',ד',1600 - 1800,חברה-902,202
מחלקה לימודי מגדר,27994-02,א',ד',1800 - 2000,חברה-902,202
מחלקה לימודי מגדר,279950-01,ב',ד',1400 - 1800,חברה-902,101
מחלקה לימודי מגדר,279960-01,ב',ג',1400 - 1600,חברה-902,102
מחלקה לימודי מגדר,279961-01,ב',ד',1000 - 1200,מ.ישראל-604,309
מחלקה המחלקה לפילוסופיה יהודית,30046-01,א',ג',1800 - 2000,רוח-1002,203
מחלקה המחלקה לפילוסופיה יהודית,30101-01,א',ב',0800 - 1000,מ.ישראל-507,3
מחלקה המחלקה לפילוסופיה יהודית,301111-01,א',ד',1600 - 1800,נלמד בזום,999
מחלקה המחלקה לפילוסופיה יהודית,30113-01,ב',ג',1200 - 1400,רוח-1002,203
מחלקה המחלקה לפילוסופיה יהודית,30124-01,ב',ב',1800 - 2000,רוח-1002,202
מחלקה המחלקה לפילוסופיה יהודית,30159-01,א',ב',"1600 - 1800
1600 - 1800",רוח-1002,202
מחלקה המחלקה לפילוסופיה יהודית,30188-01,א',א',1600 - 1800,נלמד בזום,999
מחלקה המחלקה לפילוסופיה יהודית,30201-01,א',ב',1000 - 1200,רוח-1002,202
מחלקה המחלקה לפילוסופיה יהודית,30213-01,א',ג',"1000 - 1200
1000 - 1200",רוח-1002,203
מחלקה המחלקה לפילוסופיה יהודית,30227-01,א',א',1600 - 1800,נלמד בזום,999
מחלקה המחלקה לפילוסופיה יהודית,30234-01,ב',ג',1400 - 1600,נלמד בזום,999
מחלקה המחלקה לפילוסופיה יהודית,30238-01,א',ג',1600 - 1800,רוח-1002,305
מחלקה המחלקה לפילוסופיה יהודית,30291-01,א',א',1400 - 1600,נלמד בזום,999
מחלקה המחלקה לפילוסופיה יהודית,30296-01,א',א',1200 - 1400,נלמד בזום,999
מחלקה המחלקה לפילוסופיה יהודית,30502-01,א',ג',0800 - 1000,רוח-1002,203
מחלקה המחלקה לפילוסופיה יהודית,30678-01,א',ב',1000 - 1200,רוח-1002,102
מחלקה המחלקה לפילוסופיה יהודית,30692-01,ב',ב',1600 - 1800,רוח-1002,203
מחלקה המחלקה לפילוסופיה יהודית,30702-01,א',ג',0800 - 1000,רוח-1002,203
מחלקה המחלקה לפילוסופיה יהודית,30742-01,א',ב',1800 - 2000,נלמד בזום,999
מחלקה המחלקה לפילוסופיה יהודית,30758-01,א',ד',1800 - 2000,נלמד בזום,999
מחלקה המחלקה לפילוסופיה יהודית,30794-01,א',ג',2000 - 2200,רוח-1002,202
מחלקה המחלקה לפילוסופיה יהודית,30839-01,א',ב',1400 - 1600,רוח-1002,202
מחלקה המחלקה לפילוסופיה יהודית,30874-01,ב',ג',2000 - 2200,רוח-1002,202
מחלקה המחלקה לפילוסופיה יהודית,30904-01,א',ג',1800 - 2000,רוח-1002,203
מחלקה המחלקה לפילוסופיה יהודית,30912-01,ב',ב',1400 - 1600,רוח-1002,203
מחלקה המחלקה לפילוסופיה יהודית,30916-01,ב',א',1600 - 1800,נלמד בזום,999
מחלקה המחלקה לפילוסופיה יהודית,30917-01,ב',א',1800 - 2000,נלמד בזום,999
מחלקה המחלקה לפילוסופיה יהודית,30924-01,ב',ג',1400 - 1600,נלמד בזום,999
מחלקה המחלקה לפילוסופיה יהודית,30933-01,א',ג',2000 - 2200,רוח-1002,202
מחלקה המחלקה לפילוסופיה יהודית,30935-01,ב',ג',2000 - 2200,רוח-1002,202
מחלקה המחלקה לפילוסופיה יהודית,30939-01,א',ג',1200 - 1400,רוח-1002,202
מחלקה המחלקה לפילוסופיה יהודית,30940-01,א',ג',1200 - 1400,רוח-1002,202
מחלקה המחלקה לפילוסופיה יהודית,30941-01,א',ג',1800 - 2000,נלמד בזום,999
מחלקה המחלקה לפילוסופיה יהודית,30942-01,א',ב',1000 - 1200,רוח-1002,203
מחלקה המחלקה לפילוסופיה יהודית,30943-01,א',א',1400 - 1600,נלמד בזום,999
מחלקה המחלקה לפילוסופיה יהודית,30944-01,ב',א',1000 - 1200,נלמד בזום,999
מחלקה המחלקה לפילוסופיה יהודית,30945-01,ב',ב',1800 - 2000,נלמד בזום,999
מחלקה המחלקה לפילוסופיה יהודית,30946-01,א',ב',1200 - 1400,רוח-1002,202
מחלקה המחלקה לפילוסופיה יהודית,30947-01,א',ב',1200 - 1400,רוח-1002,202
מחלקה המחלקה לפילוסופיה יהודית,30948-01,א',ג',1000 - 1200,רוח-1002,202
מחלקה המחלקה לפילוסופיה יהודית,30949-01,א',ג',1000 - 1200,רוח-1002,202
מחלקה המחלקה לפילוסופיה יהודית,30950-01,א',ג',1400 - 1600,רוח-1002,203
מחלקה המחלקה לפילוסופיה יהודית,30952-01,א',א',1000 - 1200,נלמד בזום,999
מחלקה המחלקה לפילוסופיה יהודית,30953-01,ב',ב',1600 - 1800,מ.ישראל-505,101
מחלקה המחלקה לפילוסופיה יהודית,30954-01,ב',א',1200 - 1400,נלמד בזום,999
מחלקה המחלקה לפילוסופיה יהודית,30955-01,ב',ג',1600 - 1800,רוח-1002,305
מחלקה המחלקה לפילוסופיה יהודית,30956-01,א',ג',1200 - 1600,חדר מחלקה,מחלקה
מחלקה המחלקה לפילוסופיה יהודית,30957-01,א',ב',1200 - 1400,רוח-1002,201
מחלקה המחלקה לפילוסופיה יהודית,30958-01,א',ב',1200 - 1400,רוח-1002,201
מחלקה המחלקה לפילוסופיה יהודית,30959-01,ב',א',1800 - 2000,נלמד בזום,999
מחלקה המחלקה לפילוסופיה יהודית,30960-01,א',א',1800 - 2000,נלמד בזום,999
מחלקה המחלקה לפילוסופיה יהודית,30961-01,ב',ד',1600 - 1800,נלמד בזום,999
מחלקה המחלקה לפילוסופיה יהודית,30962-01,א',ד',1600 - 1800,נלמד בזום,999
מחלקה המחלקה לפילוסופיה יהודית,30963-01,א',ד',1800 - 2000,נלמד בזום,999
מחלקה המחלקה לפילוסופיה יהודית,30964-01,ב',ד',1800 - 2000,נלמד בזום,999
מחלקה המחלקה לפילוסופיה יהודית,30965-01,א',ג',1400 - 1600,רוח-1002,201
מחלקה המחלקה לפילוסופיה יהודית,30967-01,א',א',1600 - 1800,נלמד בזום,999
מחלקה המחלקה לפילוסופיה יהודית,30968-01,א',ג',1600 - 1800,נלמד בזום,999
מחלקה המחלקה לפילוסופיה יהודית,30969-01,ב',ג',1600 - 1800,רוח-1002,203
מחלקה המחלקה לפילוסופיה יהודית,30970-01,א',ב',1000 - 1200,רוח-1002,102
מחלקה המחלקה לפילוסופיה יהודית,30971-01,ב',ד',1600 - 1800,נלמד בזום,999
מחלקה המחלקה לפילוסופיה,31101-01,א',ב',1400 - 1600,רוח-1002,61
מחלקה המחלקה לפילוסופיה,31105-01,א',ד',"1800 - 2000
1800 - 2000",רוח-1002,"61
201"
מחלקה המחלקה לפילוסופיה,31118-01,ב',ה',1200 - 1400,רוח-1002,202
מחלקה המחלקה לפילוסופיה,31118-02,ב',ה',1200 - 1400,רוח-1002,202
מחלקה המחלקה לפילוסופיה,31122-01,א',ג',1000 - 1200,רוח-1002,305
מחלקה המחלקה לפילוסופיה,31125-01,א',ד',1000 - 1200,רוח-1002,201
מחלקה המחלקה לפילוסופיה,31126-01,א',ה',1000 - 1200,רוח-1002,203
מחלקה המחלקה לפילוסופיה,31126-02,א',ה',1000 - 1200,רוח-1002,203
מחלקה המחלקה לפילוסופיה,31137-01,א',ה',1400 - 1600,רוח-1002,203
מחלקה המחלקה לפילוסופיה,31167-01,א',ג',1600 - 1800,רוח-1002,102
מחלקה המחלקה לפילוסופיה,31168-01,א',ד',1400 - 1600,רוח-1002,102
מחלקה המחלקה לפילוסופיה,31169-01,ב',ה',1400 - 1600,רוח-1002,203
מחלקה המחלקה לפילוסופיה,31170-02,א',ה',1200 - 1400,רוח-1002,202
מחלקה המחלקה לפילוסופיה,31173-01,ב',ד',1200 - 1400,רוח-1002,202
מחלקה המחלקה לפילוסופיה,31175-01,א',ו',1000 - 1200,נלמד בזום,999
מחלקה המחלקה לפילוסופיה,31176-01,ב',ו',1000 - 1200,נלמד בזום,999
מחלקה המחלקה לפילוסופיה,31177-01,ב',ו',0800 - 1000,נלמד בזום,999
מחלקה המחלקה לפילוסופיה,31178-01,א',ב',1200 - 1400,רוח-1002,102
מחלקה המחלקה לפילוסופיה,31179-01,א',ג',2000 - 2200,רוח-1002,203
מחלקה המחלקה לפילוסופיה,31202-01,א',ג',1600 - 1800,רוח-1002,201
מחלקה המחלקה לפילוסופיה,31214-01,א',ו',1200 - 1400,נלמד בזום,999
מחלקה המחלקה לפילוסופיה,31214-02,א',ו',1200 - 1400,נלמד בזום,999
מחלקה המחלקה לפילוסופיה,31218-01,א',ה',1600 - 2000,רוח-1002,202
מחלקה המחלקה לפילוסופיה,31221-01,א',ו',0800 - 1000,נלמד בזום,999
מחלקה המחלקה לפילוסופיה,31229-01,א',ב',1800 - 2000,רוח-1002,102
מחלקה המחלקה לפילוסופיה,31232-01,ב',ב',1400 - 1600,רוח-1002,201
מחלקה המחלקה לפילוסופיה,31443-01,א',ד',0800 - 1000,רוח-1002,102
מחלקה המחלקה לפילוסופיה,31487-01,א',ג',1200 - 1400,רוח-1002,201
מחלקה המחלקה לפילוסופיה,31498-02,א',ב',1800 - 2000,רוח-1002,203
מחלקה המחלקה לפילוסופיה,31512-01,א',ג',1800 - 2000,רוח-1002,201
מחלקה המחלקה לפילוסופיה,31645-02,ב',ד',1600 - 2000,רוח-1002,202
מחלקה המחלקה לפילוסופיה,31731-01,א',ד',1600 - 1800,רוח-1002,203
מחלקה המחלקה לפילוסופיה,31788-01,א',ד',1600 - 2000,רוח-1002,201
מחלקה המחלקה לפילוסופיה,31788-02,א',ד',1600 - 2000,רוח-1002,201
מחלקה המחלקה לפילוסופיה,31900-01,א',"פרטי קורס  קולקוו מחלקתי
קוד קורס 31900-01
שם קורס באנגלית Department Seminar
מחלקה המחלקה לפילוסופיה
פקולטה מדעי הרוח
סוג מפגש קולוקו רשות
מרצה נקבע טרם
שעות סמסטר א' - 2.00
סמסטר ב' - 2.00
נ""ז 0.00
הערה
 ג'
שעה 1400 - 1600
1400 - 1600
בניין
רוח-1002
חדר
305
202
אפיונים מודל - אתר מלווה קורס
תאריכי בחינות","1400 - 1600
1400 - 1600",רוח-1002,"305
202"
מחלקה המחלקה לפילוסופיה,31901-01,א',סוג מפגש קולוקו רשות,"1400 - 1600
1400 - 1600",רוח-1002,"305
202"
מחלקה המחלקה לפילוסופיה,31902-01,א',סוג מפגש קולוקו רשות,"1400 - 1600
1400 - 1600",רוח-1002,"305
202"
מחלקה המחלקה לפילוסופיה,31903-01,א',סוג מפגש קולוקו רשות,"1400 - 1600
1400 - 1600",רוח-1002,"305
202"
מחלקה המחלקה לפילוסופיה,31905-01,א',סוג מפגש קולוקו רשות,1400 - 1600,חדר מחלקה,מחלקה
מחלקה המחלקה לפילוסופיה,31906-01,א',"פרטי קורס  קולוקו מחלקתי
קוד קורס 31906-01
שם קורס באנגלית *
מחלקה המחלקה לפילוסופיה
פקולטה מדעי הרוח
סוג מפגש קולוקו רשות
מרצה
שעות סמסטר א' - 2.00
נ""ז 0.00
הערה
 ג'
שעה 1400 - 1600
בניין
חדר מחלקה
חדר
999
אפיונים מודל - אתר מלווה קורס
תאריכי בחינות",1400 - 1600,חדר מחלקה,מחלקה
מחלקה המחלקה לפילוסופיה,31907-01,ב',"פרטי קורס  קולוקו מחלקתי
קוד קורס 31907-01
שם קורס באנגלית *
מחלקה המחלקה לפילוסופיה
פקולטה מדעי הרוח
סוג מפגש קולוקו רשות
מרצה
שעות סמסטר ב' - 2.00
נ""ז 0.00
הערה
 ג'
שעה 1400 - 1600
בניין
חדר מחלקה
חדר
999
אפיונים מודל - אתר מלווה קורס
תאריכי בחינות",1400 - 1600,חדר מחלקה,מחלקה
מחלקה המחלקה לפילוסופיה,31990-01,א',א',1600 - 1800,חדר מחלקה,מחלקה
מחלקה המחלקה לפילוסופיה,31991-01,ב',א',1600 - 1800,חדר מחלקה,מחלקה
מחלקה המחלקה לפילוסופיה,31992-01,א',א',1600 - 1800,חדר מחלקה,מחלקה
מחלקה המחלקה לפילוסופיה,31731-01,א',ד',1600 - 1800,רוח-1002,203
מחלקה המחלקה לפילוסופיה,31788-01,א',ד',1600 - 2000,רוח-1002,201
מחלקה המחלקה לפילוסופיה,31788-02,א',ד',1600 - 2000,רוח-1002,201
מחלקה המחלקה לפילוסופיה,31900-01,א',"פרטי קורס  קולקוו מחלקתי
קוד קורס 31900-01
שם קורס באנגלית Department Seminar
מחלקה המחלקה לפילוסופיה
פקולטה מדעי הרוח
סוג מפגש קולוקו רשות
מרצה נקבע טרם
שעות סמסטר א' - 2.00
סמסטר ב' - 2.00
נ""ז 0.00
הערה
 ג'
שעה 1400 - 1600
1400 - 1600
בניין
רוח-1002
חדר
305
202
אפיונים מודל - אתר מלווה קורס
תאריכי בחינות","1400 - 1600
1400 - 1600",רוח-1002,"305
202"
מחלקה המחלקה לפילוסופיה,31901-01,א',סוג מפגש קולוקו רשות,"1400 - 1600
1400 - 1600",רוח-1002,"305
202"
מחלקה המחלקה לפילוסופיה,31902-01,א',סוג מפגש קולוקו רשות,"1400 - 1600
1400 - 1600",רוח-1002,"305
202"
מחלקה המחלקה לפילוסופיה,31903-01,א',סוג מפגש קולוקו רשות,"1400 - 1600
1400 - 1600",רוח-1002,"305
202"
מחלקה המחלקה לפילוסופיה,31905-01,א',סוג מפגש קולוקו רשות,1400 - 1600,חדר מחלקה,מחלקה
מחלקה המחלקה לפילוסופיה,31906-01,א',"פרטי קורס  קולוקו מחלקתי
קוד קורס 31906-01
שם קורס באנגלית *
מחלקה המחלקה לפילוסופיה
פקולטה מדעי הרוח
סוג מפגש קולוקו רשות
מרצה
שעות סמסטר א' - 2.00
נ""ז 0.00
הערה
 ג'
שעה 1400 - 1600
בניין
חדר מחלקה
חדר
999
אפיונים מודל - אתר מלווה קורס
תאריכי בחינות",1400 - 1600,חדר מחלקה,מחלקה
מחלקה המחלקה לפילוסופיה,31907-01,ב',"פרטי קורס  קולוקו מחלקתי
קוד קורס 31907-01
שם קורס באנגלית *
מחלקה המחלקה לפילוסופיה
פקולטה מדעי הרוח
סוג מפגש קולוקו רשות
מרצה
שעות סמסטר ב' - 2.00
נ""ז 0.00
הערה
 ג'
שעה 1400 - 1600
בניין
חדר מחלקה
חדר
999
אפיונים מודל - אתר מלווה קורס
תאריכי בחינות",1400 - 1600,חדר מחלקה,מחלקה
מחלקה המחלקה לפילוסופיה,31990-01,א',א',1600 - 1800,חדר מחלקה,מחלקה
מחלקה המחלקה לפילוסופיה,31991-01,ב',א',1600 - 1800,חדר מחלקה,מחלקה
מחלקה המחלקה לפילוסופיה,31992-01,א',א',1600 - 1800,חדר מחלקה,מחלקה
מחלקה המחלקה לפילוסופיה,31993-01,ב',א',1600 - 1800,חדר מחלקה,מחלקה
מחלקה המחלקה לספרות משווה,330400-01,א',ד',"1000 - 1200
1000 - 1200","רוח-1004
רוח-1002","402
203"
מחלקה המחלקה לספרות משווה,33056-01,א',ד',2000 - 2200,רוח-1005,111
מחלקה המחלקה לספרות משווה,33057-01,א',ד',1800 - 2000,רוח-1005,111
מחלקה המחלקה לספרות משווה,33098-01,א',א',1000 - 1200,רוח-1004,402
מחלקה המחלקה לספרות משווה,33099-01,ב',א',1000 - 1200,רוח-1004,402
מחלקה המחלקה לספרות משווה,33141-01,א',ב',1600 - 1800,רוח-1005,207
מחלקה המחלקה לספרות משווה,33158-01,א',ד',1200 - 1400,רוח-1004,203
מחלקה המחלקה לספרות משווה,33160-01,א',ד',1400 - 1600,רוח-1004,203
מחלקה המחלקה לספרות משווה,33166-01,א',ד',1600 - 1800,רוח-1005,207
מחלקה המחלקה לספרות משווה,33168-01,א',ב',1200 - 1400,רוח-1004,305
מחלקה המחלקה לספרות משווה,33173-01,ב',ב',1400 - 1600,חברה-902,202
מחלקה המחלקה לספרות משווה,33174-01,ב',ד',1600 - 1800,רוח-1004,203
מחלקה המחלקה לספרות משווה,33175-01,ב',א',1800 - 2000,רוח-1004,305
מחלקה המחלקה לספרות משווה,33181-01,ב',א',1400 - 1600,מ.ישראל-505,3
מחלקה המחלקה לספרות משווה,33182-01,א',ג',1400 - 1600,יהדות-404,114
מחלקה המחלקה לספרות משווה,33184-01,א',ג',1600 - 1800,רוח-1004,305
מחלקה המחלקה לספרות משווה,33210-01,א',ב',1200 - 1400,רוח-1004,212
מחלקה המחלקה לספרות משווה,332900-01,א',ב',1800 - 2000,רוח-1004,305
מחלקה המחלקה לספרות משווה,332970-01,א',ב',"1000 - 1200
1000 - 1200",רוח-1004,"402
212"
מחלקה המחלקה לספרות משווה,33375-01,א',ג',1200 - 1400,מ.ישראל-505,5
מחלקה המחלקה לספרות משווה,33378-01,ב',ג',1200 - 1400,רוח-1004,402
מחלקה המחלקה לספרות משווה,33381-01,ב',ג',1800 - 2000,רוח-1004,305
מחלקה המחלקה לספרות משווה,33392-01,ב',א',1200 - 1600,רוח-1004,402
מחלקה המחלקה לספרות משווה,33393-01,א',ב',1400 - 1600,רוח-1002,305
מחלקה המחלקה לספרות משווה,33448-01,א',ג',1000 - 1200,רוח-1004,212
מחלקה המחלקה לספרות משווה,334600-01,ב',ד',1200 - 1600,רוח-1005,207
מחלקה המחלקה לספרות משווה,33463-01,א',א',1200 - 1600,רוח-1004,402
מחלקה המחלקה לספרות משווה,33494-01,א',ב',1400 - 1600,רוח-1005,207
מחלקה המחלקה לספרות משווה,33507-01,ב',ב',1000 - 1200,רוח-1004,402
מחלקה המחלקה לספרות משווה,33513-01,א',ב',1000 - 1200,רוח-1004,212
מחלקה המחלקה לספרות משווה,33651-01,א',ד',1200 - 1400,רוח-1004,212
מחלקה המחלקה לספרות משווה,33652-01,ב',ד',1200 - 1400,רוח-1004,212
מחלקה המחלקה לספרות משווה,33701-01,א',א',1200 - 1400,יהדות-403,218
מחלקה המחלקה לספרות משווה,339140-01,א',ג',"1200 - 1400
1200 - 1400",רוח-1004,305
מחלקה המחלקה לספרות משווה,339150-01,א',ב',1600 - 1800,רוח-1002,305
מחלקה המחלקה לספרות משווה,339160-01,א',ב',1800 - 2000,רוח-1004,212
מחלקה המחלקה לספרות משווה,33921-01,ב',ד',1600 - 1800,רוח-1005,111
מחלקה המחלקה לספרות משווה,33922-01,ב',ד',1400 - 1600,רוח-1005,111
מחלקה המחלקה לספרות משווה,339280-01,א',ד',"1400 - 1600
1400 - 1600","רוח-1002
מ.ישראל-504","202
5"
מחלקה המחלקה לספרות משווה,33930-01,ב',ב',1200 - 1400,רוח-1005,207
מחלקה המחלקה לספרות משווה,33937-01,א',ד',1200 - 1400,רוח-1004,402
מחלקה המחלקה לספרות משווה,33938-01,ב',ד',1200 - 1400,מ.ישראל-505,5
מחלקה המחלקה לספרות משווה,33940-01,א',א',1400 - 1600,רוח-1005,112
מחלקה המחלקה לספרות משווה,33941-01,א',ד',1200 - 1400,רוח-1005,201
מחלקה המחלקה לספרות משווה,33943-01,ב',ד',1000 - 1200,רוח-1004,402
מחלקה המחלקה לספרות משווה,33950-01,א',"פרטי קורס  קולקו מחלקתי
קוד קורס 33950-01
שם קורס באנגלית Colloquium
מחלקה המחלקה לספרות משווה
פקולטה מדעי הרוח
סוג מפגש קולוקו רשות
מרצה ד""ר חן בר-יצחק
שעות סמסטר א' - 1.00
סמסטר ב' - 1.00
נ""ז 0.00
הערה
 א'
שעה 1800 - 1900
בניין
חדר מחלקה
חדר
999
אפיונים מודל - אתר מלווה קורס
תאריכי בחינות",1800 - 1900,חדר מחלקה,מחלקה
מחלקה המחלקה לספרות משווה,33981-01,ב',ג',1600 - 1800,רוח-1004,305
מחלקה המחלקה למדעי המידע וליישומי בינה מלאכותית,35122-01,ב',ג',1400 - 1600,יהדות-403,211
מחלקה המחלקה למדעי המידע וליישומי בינה מלאכותית,35122-20,א',ב',1600 - 1800,יהדות-403,66
מחלקה המחלקה למדעי המידע וליישומי בינה מלאכותית,35123-01,ב',ג',1000 - 1200,יהדות-404,113
מחלקה המחלקה למדעי המידע וליישומי בינה מלאכותית,35123-02,ב',ג',1200 - 1400,יהדות-404,113
מחלקה המחלקה למדעי המידע וליישומי בינה מלאכותית,35123-20,ב',ו',1000 - 1200,יהדות-403,66
מחלקה המחלקה למדעי המידע וליישומי בינה מלאכותית,35142-01,ב',ד',1600 - 1800,יהדות-404,201
מחלקה המחלקה למדעי המידע וליישומי בינה מלאכותית,35143-01,א',ב',0800 - 1000,יהדות-404,201
מחלקה המחלקה למדעי המידע וליישומי בינה מלאכותית,35143-02,א',ב',1000 - 1200,יהדות-404,201
מחלקה המחלקה למדעי המידע וליישומי בינה מלאכותית,35144-01,ב',ב',0800 - 1000,יהדות-404,115
מחלקה המחלקה למדעי המידע וליישומי בינה מלאכותית,35144-20,א',א',0800 - 1000,יהדות-404,68
מחלקה המחלקה למדעי המידע וליישומי בינה מלאכותית,35145-01,ב',ב',1000 - 1400,יהדות-403,211
מחלקה המחלקה למדעי המידע וליישומי בינה מלאכותית,35147-01,ב',ב',1800 - 2000,יהדות-404,201
מחלקה המחלקה למדעי המידע וליישומי בינה מלאכותית,35151-01,ב',ג',1000 - 1200,יהדות-403,67
מחלקה המחלקה למדעי המידע וליישומי בינה מלאכותית,35152-01,א',ד',1200 - 1400,יהדות-403,67
מחלקה המחלקה למדעי המידע וליישומי בינה מלאכותית,35154-01,ב',ג',1600 - 1800,יהדות-404,115
מחלקה המחלקה למדעי המידע וליישומי בינה מלאכותית,35154-20,א',ב',1800 - 2000,יהדות-404,68
מחלקה המחלקה למדעי המידע וליישומי בינה מלאכותית,35155-01,ב',ג',1200 - 1400,יהדות-403,67
מחלקה המחלקה למדעי המידע וליישומי בינה מלאכותית,35155-20,א',ב',1400 - 1600,יהדות-403,66
מחלקה המחלקה למדעי המידע וליישומי בינה מלאכותית,35156-01,א',ב',1200 - 1400,יהדות-404,114
מחלקה המחלקה למדעי המידע וליישומי בינה מלאכותית,35157-20,ב',ב',0800 - 1000,יהדות-403,217
מחלקה המחלקה למדעי המידע וליישומי בינה מלאכותית,35159-01,א',ג',1200 - 1400,יהדות-402,63
מחלקה המחלקה למדעי המידע וליישומי בינה מלאכותית,35159-20,א',ב',0800 - 1000,יהדות-403,217
מחלקה המחלקה למדעי המידע וליישומי בינה מלאכותית,35160-01,א',ד',1200 - 1400,יהדות-404,101
מחלקה המחלקה למדעי המידע וליישומי בינה מלאכותית,35160-02,ב',ג',0800 - 1000,יהדות-404,201
מחלקה המחלקה למדעי המידע וליישומי בינה מלאכותית,35160-20,ב',ב',1000 - 1200,חוץ קמפוס,999
מחלקה המחלקה למדעי המידע וליישומי בינה מלאכותית,35161-01,ב',א',1400 - 1600,יהדות-404,113
מחלקה המחלקה למדעי המידע וליישומי בינה מלאכותית,35161-02,ב',א',1600 - 1800,יהדות-404,113
מחלקה המחלקה למדעי המידע וליישומי בינה מלאכותית,35161-03,ב',ג',1600 - 1800,יהדות-404,201
מחלקה המחלקה למדעי המידע וליישומי בינה מלאכותית,35161-04,ב',ג',1800 - 2000,יהדות-404,201
מחלקה המחלקה למדעי המידע וליישומי בינה מלאכותית,35161-05,ב',ג',1800 - 2000,יהדות-404,113
מחלקה המחלקה למדעי המידע וליישומי בינה מלאכותית,35161-20,ב',ב',1200 - 1400,חוץ קמפוס,999
מחלקה המחלקה למדעי המידע וליישומי בינה מלאכותית,35161-21,ב',ב',1400 - 1600,חוץ קמפוס,999
מחלקה המחלקה למדעי המידע וליישומי בינה מלאכותית,35162-01,א',ג',1400 - 1600,מ.ישראל-505,2
מחלקה המחלקה למדעי המידע וליישומי בינה מלאכותית,35162-02,ב',ג',1400 - 1600,יהדות-404,201
מחלקה המחלקה למדעי המידע וליישומי בינה מלאכותית,35162-20,ב',ב',1600 - 1800,חוץ קמפוס,999
מחלקה המחלקה למדעי המידע וליישומי בינה מלאכותית,35163-01,א',א',1000 - 1200,יהדות-404,201
מחלקה המחלקה למדעי המידע וליישומי בינה מלאכותית,35163-02,א',א',1200 - 1400,יהדות-404,201
מחלקה המחלקה למדעי המידע וליישומי בינה מלאכותית,35163-03,א',ג',0800 - 1000,יהדות-404,201
מחלקה המחלקה למדעי המידע וליישומי בינה מלאכותית,35163-20,א',ב',0800 - 1000,חוץ קמפוס,999
מחלקה המחלקה למדעי המידע וליישומי בינה מלאכותית,35163-21,א',ב',1000 - 1200,חוץ קמפוס,999
מחלקה המחלקה למדעי המידע וליישומי בינה מלאכותית,35164-01,א',ב',1400 - 1600,יהדות-404,201
מחלקה המחלקה למדעי המידע וליישומי בינה מלאכותית,35164-02,א',ד',1400 - 1600,יהדות-403,211
מחלקה המחלקה למדעי המידע וליישומי בינה מלאכותית,35164-20,ב',ב',1400 - 1600,חוץ קמפוס,999
מחלקה המחלקה למדעי המידע וליישומי בינה מלאכותית,35164-21,א',ב',0800 - 1000,חוץ קמפוס,999
מחלקה המחלקה למדעי המידע וליישומי בינה מלאכותית,35166-01,ב',א',1200 - 1400,יהדות-404,201
מחלקה המחלקה למדעי המידע וליישומי בינה מלאכותית,35166-02,ב',א',1400 - 1600,יהדות-404,201
מחלקה המחלקה למדעי המידע וליישומי בינה מלאכותית,35166-03,ב',ג',1600 - 1800,יהדות-404,113
מחלקה המחלקה למדעי המידע וליישומי בינה מלאכותית,35166-20,ב',ב',1600 - 1800,חוץ קמפוס,999
מחלקה המחלקה למדעי המידע וליישומי בינה מלאכותית,35166-21,ב',ב',1800 - 2000,חוץ קמפוס,999
מחלקה המחלקה למדעי המידע וליישומי בינה מלאכותית,35168-01,ב',א',0800 - 1000,יהדות-404,201
מחלקה המחלקה למדעי המידע וליישומי בינה מלאכותית,35168-20,ב',ב',1200 - 1400,חוץ קמפוס,999
מחלקה המחלקה למדעי המידע וליישומי בינה מלאכותית,35169-01,ב',א',1000 - 1200,יהדות-404,201
מחלקה המחלקה למדעי המידע וליישומי בינה מלאכותית,35169-20,ב',ו',1000 - 1200,חוץ קמפוס,999
מחלקה המחלקה למדעי המידע וליישומי בינה מלאכותית,35170-01,א',ד',1000 - 1200,יהדות-404,101
מחלקה המחלקה למדעי המידע וליישומי בינה מלאכותית,35171-01,א',ג',1000 - 1200,יהדות-404,201
מחלקה המחלקה למדעי המידע וליישומי בינה מלאכותית,35171-02,א',ג',1200 - 1400,יהדות-404,201
מחלקה המחלקה למדעי המידע וליישומי בינה מלאכותית,35171-20,א',ו',1000 - 1200,חוץ קמפוס,999
מחלקה המחלקה למדעי המידע וליישומי בינה מלאכותית,35171-21,א',ו',1200 - 1400,חוץ קמפוס,999
מחלקה המחלקה למדעי המידע וליישומי בינה מלאכותית,35172-01,ב',ד',1000 - 1200,יהדות-403,211
מחלקה המחלקה למדעי המידע וליישומי בינה מלאכותית,35172-20,א',ב',1800 - 2000,חוץ קמפוס,999
מחלקה המחלקה למדעי המידע וליישומי בינה מלאכותית,35174-01,א',ד',0800 - 1000,יהדות-404,113
מחלקה המחלקה למדעי המידע וליישומי בינה מלאכותית,35175-01,א',ד',1600 - 1800,יהדות-404,102
מחלקה המחלקה למדעי המידע וליישומי בינה מלאכותית,35175-20,א',ו',0800 - 1000,חוץ קמפוס,999
מחלקה המחלקה למדעי המידע וליישומי בינה מלאכותית,35176-01,ב',ד',1200 - 1400,יהדות-403,211
מחלקה המחלקה למדעי המידע וליישומי בינה מלאכותית,35176-20,ב',ו',0800 - 1000,חוץ קמפוס,999
מחלקה המחלקה למדעי המידע וליישומי בינה מלאכותית,35177-01,א',ב',1000 - 1200,יהדות-403,211
מחלקה המחלקה למדעי המידע וליישומי בינה מלאכותית,35178-01,א',ב',1400 - 1600,יהדות-404,114
מחלקה המחלקה למדעי המידע וליישומי בינה מלאכותית,35179-01,ב',ב',1400 - 1600,יהדות-404,201
מחלקה המחלקה למדעי המידע וליישומי בינה מלאכותית,35179-02,ב',ב',1600 - 1800,יהדות-404,201
מחלקה המחלקה למדעי המידע וליישומי בינה מלאכותית,35179-04,ב',ב',1600 - 1800,יהדות-404,113
מחלקה המחלקה למדעי המידע וליישומי בינה מלאכותית,35180-01,א',ד',1400 - 1600,יהדות-403,2
מחלקה המחלקה למדעי המידע וליישומי בינה מלאכותית,35180-02,א',ד',1600 - 1800,יהדות-403,2
מחלקה המחלקה למדעי המידע וליישומי בינה מלאכותית,35180-03,ב',ב',1000 - 1200,יהדות-404,201
מחלקה המחלקה למדעי המידע וליישומי בינה מלאכותית,35180-04,ב',ב',1200 - 1400,יהדות-404,201
מחלקה המחלקה למדעי המידע וליישומי בינה מלאכותית,35181-01,ב',ב',0800 - 1000,יהדות-404,201
מחלקה המחלקה למדעי המידע וליישומי בינה מלאכותית,35183-01,א',ד',0800 - 1000,יהדות-404,201
מחלקה המחלקה למדעי המידע וליישומי בינה מלאכותית,35184-01,א',ד',1000 - 1200,יהדות-404,201
מחלקה המחלקה למדעי המידע וליישומי בינה מלאכותית,35187-01,ב',ד',1600 - 1800,יהדות-404,113
מחלקה המחלקה למדעי המידע וליישומי בינה מלאכותית,35189-01,ב',ד',1400 - 1600,יהדות-404,113
מחלקה המחלקה למדעי המידע וליישומי בינה מלאכותית,35374-01,ב',ד',1000 - 1200,יהדות-404,201
מחלקה המחלקה למדעי המידע וליישומי בינה מלאכותית,35374-02,ב',ד',1200 - 1400,יהדות-404,201
מחלקה המחלקה למדעי המידע וליישומי בינה מלאכותית,35378-01,ב',ד',0800 - 1000,יהדות-404,201
מחלקה המחלקה למדעי המידע וליישומי בינה מלאכותית,35378-20,א',ב',1400 - 1600,חוץ קמפוס,999
מחלקה המחלקה למדעי המידע וליישומי בינה מלאכותית,35379-01,א',ד',1000 - 1200,יהדות-404,113
מחלקה המחלקה למדעי המידע וליישומי בינה מלאכותית,35379-20,א',ב',1200 - 1400,חוץ קמפוס,999
מחלקה המחלקה למדעי המידע וליישומי בינה מלאכותית,35440-20,א',ב',1000 - 1200,חוץ קמפוס,999
מחלקה המחלקה למדעי המידע וליישומי בינה מלאכותית,35522-01,א',ב',1600 - 1800,יהדות-403,113
מחלקה המחלקה למדעי המידע וליישומי בינה מלאכותית,35522-02,א',ג',1000 - 1200,יהדות-404,101
מחלקה המחלקה למדעי המידע וליישומי בינה מלאכותית,35522-20,א',ב',1000 - 1200,חוץ קמפוס,999
מחלקה המחלקה למדעי המידע וליישומי בינה מלאכותית,35615-01,א',ג',1400 - 1600,יהדות-404,201
מחלקה המחלקה למדעי המידע וליישומי בינה מלאכותית,35615-02,א',ג',1600 - 1800,יהדות-404,201
מחלקה המחלקה למדעי המידע וליישומי בינה מלאכותית,35615-03,א',ד',1400 - 1600,יהדות-404,201
מחלקה המחלקה למדעי המידע וליישומי בינה מלאכותית,35615-04,א',ד',1600 - 1800,יהדות-404,201
מחלקה המחלקה למדעי המידע וליישומי בינה מלאכותית,35615-20,א',ו',0800 - 1000,חוץ קמפוס,999
מחלקה המחלקה למדעי המידע וליישומי בינה מלאכותית,35615-21,א',ו',1000 - 1200,חוץ קמפוס,999
מחלקה המחלקה למדעי המידע וליישומי בינה מלאכותית,35619-21,ב',ב',1400 - 1600,חוץ קמפוס,999
מחלקה המחלקה למדעי המידע וליישומי בינה מלאכותית,35627-20,א',ו',0800 - 1000,חדר מחלקה,מחלקה
מחלקה המחלקה למדעי המידע וליישומי בינה מלאכותית,35627-21,א',ו',1000 - 1200,חוץ קמפוס,999
מחלקה המחלקה למדעי המידע וליישומי בינה מלאכותית,35632-01,א',ב',1800 - 2000,יהדות-404,114
מחלקה המחלקה למדעי המידע וליישומי בינה מלאכותית,35635-01,ב',ב',0800 - 1000,יהדות-403,2
מחלקה המחלקה למדעי המידע וליישומי בינה מלאכותית,35707-01,א',ד',0800 - 1000,יהדות-403,101
מחלקה המחלקה למדעי המידע וליישומי בינה מלאכותית,35707-20,א',ב',1400 - 1600,חוץ קמפוס,999
מחלקה המחלקה למדעי המידע וליישומי בינה מלאכותית,35712-01,א',ב',1400 - 1600,יהדות-403,211
מחלקה המחלקה למדעי המידע וליישומי בינה מלאכותית,35712-20,א',ב',1600 - 1800,חוץ קמפוס,999
מחלקה המחלקה למדעי המידע וליישומי בינה מלאכותית,35733-01,א',ג',1400 - 1600,יהדות-404,113
מחלקה המחלקה למדעי המידע וליישומי בינה מלאכותית,35733-02,א',ג',1600 - 1800,יהדות-404,113
מחלקה המחלקה למדעי המידע וליישומי בינה מלאכותית,35733-03,א',ד',1400 - 1600,יהדות-404,113
מחלקה המחלקה למדעי המידע וליישומי בינה מלאכותית,35733-04,א',ד',1600 - 1800,יהדות-404,113
מחלקה המחלקה למדעי המידע וליישומי בינה מלאכותית,35733-05,א',ג',1600 - 1800,יהדות-404,115
מחלקה המחלקה למדעי המידע וליישומי בינה מלאכותית,35733-20,א',ב',1000 - 1200,חוץ קמפוס,999
מחלקה המחלקה למדעי המידע וליישומי בינה מלאכותית,35733-21,א',ב',1200 - 1400,חוץ קמפוס,999
מחלקה המחלקה למדעי המידע וליישומי בינה מלאכותית,35756-01,א',ב',0800 - 1000,יהדות-404,113
מחלקה המחלקה למדעי המידע וליישומי בינה מלאכותית,35894-01,ב',ד',1400 - 1600,יהדות-404,101
מחלקה המחלקה למדעי המידע וליישומי בינה מלאכותית,35947-01,א',ד',1000 - 1200,יהדות-403,211
מחלקה המחלקה למדעי המידע וליישומי בינה מלאכותית,35949-01,א',ד',1200 - 1400,יהדות-403,211
מחלקה המחלקה למדעי המידע וליישומי בינה מלאכותית,35954-01,א',ד',1200 - 1400,יהדות-404,113
מחלקה המחלקה למדעי המידע וליישומי בינה מלאכותית,35958-01,א',ב',1600 - 1800,יהדות-404,101
מחלקה המחלקה למדעי המידע וליישומי בינה מלאכותית,35979-01,א',ג',1600 - 1800,יהדות-404,114
מחלקה המחלקה למדעי המידע וליישומי בינה מלאכותית,35979-02,ב',ג',1000 - 1200,יהדות-404,201
מחלקה המחלקה למדעי המידע וליישומי בינה מלאכותית,35979-03,ב',ג',1200 - 1400,יהדות-404,201
מחלקה המחלקה למדעי המידע וליישומי בינה מלאכותית,35979-20,ב',ו',0800 - 1000,חוץ קמפוס,999
מחלקה המחלקה למדעי המידע וליישומי בינה מלאכותית,35979-21,א',ו',0800 - 1000,חוץ קמפוס,999
מחלקה המחלקה למדעי המידע וליישומי בינה מלאכותית,35949-01,א' - 2.00,ד',1200 - 1400,יהדות-403,211
מחלקה המחלקה למדעי המידע וליישומי בינה מלאכותית,35954-01,א' - 2.00,ד',1200 - 1400,יהדות-404,113
מחלקה המחלקה למדעי המידע וליישומי בינה מלאכותית,35958-01,א' - 2.00,ב',1600 - 1800,יהדות-404,101
מחלקה המחלקה למדעי המידע וליישומי בינה מלאכותית,35979-01,א' - 2.00,ג',1600 - 1800,יהדות-404,114
מחלקה המחלקה למדעי המידע וליישומי בינה מלאכותית,35979-02,ב' - 2.00,ג',1000 - 1200,יהדות-404,201
מחלקה המחלקה למדעי המידע וליישומי בינה מלאכותית,35979-03,ב' - 2.00,ג',1200 - 1400,יהדות-404,201
מחלקה המחלקה למדעי המידע וליישומי בינה מלאכותית,35979-20,ב' - 2.00,ו',0800 - 1000,חוץ קמפוס,999
מחלקה המחלקה למדעי המידע וליישומי בינה מלאכותית,35979-21,א' - 2.00,ו',0800 - 1000,חוץ קמפוס,999
מחלקה המחלקה למדעי המידע וליישומי בינה מלאכותית,35988-01,א' - 2.00,ב',1000 - 1200,יהדות-403,2
מחלקה המחלקה למדעי המידע וליישומי בינה מלאכותית,35988-20,ב' - 2.00,ו',0800 - 1000,חוץ קמפוס,999
מחלקה המחלקה למדעי המידע וליישומי בינה מלאכותית,35994-01,ב' - 2.00,ג',1000 - 1200,יהדות-403,2
מחלקה המחלקה למדעי המידע וליישומי בינה מלאכותית,35994-02,א' - 2.00,ב',1200 - 1400,יהדות-404,113
מחלקה המחלקה למדעי המידע וליישומי בינה מלאכותית,35994-20,ב' - 2.00,ב',0800 - 1000,חדר מחלקה,מחלקה
מחלקה המחלקה לערבית,360001-11,"א' - 6.00
 ב' - 6.00","ג',ה'","1000 - 1400
1800 - 2000","מ.ישראל-604
נלמד בזום","104
999"
מחלקה המחלקה לערבית,360002-16,"א' - 6.00
 ב' - 6.00","ג',ה'","1200 - 1400
1400 - 1800","מ.ישראל-507
מ.ישראל-604","204
11"
מחלקה המחלקה לערבית,360003-18,"א' - 6.00
 ב' - 6.00","ג',ה'","1400 - 1800
1800 - 2000","מ.ישראל-502
נלמד בזום","23
999"
מחלקה המחלקה לערבית,360005-11,"א' - 4.00
 ב' - 4.00",ג',0800 - 1200,סטודנטים-105,5
מחלקה המחלקה לערבית,360006-11,"א' - 4.00
 ב' - 4.00",ג',0800 - 1200,סטודנטים-105,5
מחלקה המחלקה לערבית,36001-11,"א' - 6.00
 ב' - 6.00","ג',ה'","1000 - 1400
1800 - 2000","מ.ישראל-604
נלמד בזום","104
999"
מחלקה המחלקה לערבית,36001-16,"א' - 6.00
 ב' - 6.00","ג',ה'","1200 - 1400
1400 - 1800","מ.ישראל-507
מ.ישראל-604","204
11"
מחלקה המחלקה לערבית,36001-17,"א' - 6.00
 ב' - 6.00","ג',ה'","1200 - 1400
1200 - 1400
1400 - 1800","סטודנטים-105
מ.ישראל-507
טבע-203","104
2
226"
מחלקה המחלקה לערבית,36001-18,"א' - 6.00
 ב' - 6.00","ג',ה'","1400 - 1800
1800 - 2000","מ.ישראל-502
נלמד בזום","23
999"
מחלקה המחלקה לערבית,36009-07,"א' - 4.00
 ב' - 4.00","ג',ה'","1400 - 1600
1400 - 1600","יהדות-403
נלמד בזום","67
999"
מחלקה המחלקה לערבית,36009-08,"א' - 4.00
 ב' - 4.00","ד',א'","1200 - 1400
1200 - 1400
1800 - 2000","רוח-1002
נלמד בזום
רוח-1005","203
999
207"
מחלקה המחלקה לערבית,36009-09,"א' - 4.00
 ב' - 4.00","ב',ד'","1400 - 1600
1400 - 1600",מ.ישראל-507,6
מחלקה המחלקה לערבית,36109-01,א' - 4.00,ד',1400 - 1800,יהדות-404,114
מחלקה המחלקה לערבית,361230-01,א' - 4.00,ב',1200 - 1600,מ.ישראל-604,205
מחלקה המחלקה לערבית,36123-01,א' - 4.00,ב',1200 - 1600,מ.ישראל-604,205
מחלקה המחלקה לערבית,36130-01,ב' - 4.00,ב',1200 - 1600,רוח-1005,209
מחלקה המחלקה לערבית,36132-01,א' - 2.00,ד',1800 - 2000,רוח-1004,407
מחלקה המחלקה לערבית,361350-01,א' - 2.00,ד',1000 - 1200,מ.ישראל-504,5
מחלקה המחלקה לערבית,36135-01,א' - 2.00,ד',1000 - 1200,מ.ישראל-504,5
מחלקה המחלקה לערבית,361360-01,ב' - 2.00,ד',1000 - 1200,רוח-1005,201
מחלקה המחלקה לערבית,36136-01,ב' - 2.00,ד',1000 - 1200,רוח-1005,201
מחלקה המחלקה לערבית,361370-01,א' - 2.00,ב',1000 - 1200,מ.ישראל-605,13
מחלקה המחלקה לערבית,36137-01,א' - 2.00,ב',1000 - 1200,מ.ישראל-605,13
מחלקה המחלקה לערבית,361380-01,ב' - 2.00,ב',1000 - 1200,מ.ישראל-604,63
מחלקה המחלקה לערבית,36138-01,ב' - 2.00,ב',1000 - 1200,מ.ישראל-604,63
מחלקה המחלקה לערבית,36153-01,א' - 2.00,ד',1200 - 1400,מ.ישראל-507,208
מחלקה המחלקה לערבית,36154-01,ב' - 2.00,ד',1200 - 1400,חברה-905,116
מחלקה המחלקה לערבית,36202-01,ב' - 4.00,ד',1400 - 1800,מ.ישראל-604,13
מחלקה המחלקה לערבית,36203-01,א' - 4.00,ב',1600 - 2000,רוח-1005,201
מחלקה המחלקה לערבית,362070-01,"א' - 2.00
 ב' - 2.00",ד',1400 - 1600,רוח-1002,203
מחלקה המחלקה לערבית,36207-01,"א' - 2.00
 ב' - 2.00",ד',1400 - 1600,רוח-1002,203
מחלקה המחלקה לערבית,36210-01,"א' - 2.00
 ב' - 2.00",ד',1600 - 1800,"מפגש שתי הקבוצות יילמד ב 1005, חדר 201 (באישור המחלקה למוזיקה)","מפגש שתי הקבוצות יילמד בבניין 1005,  201 (באישור המחלקה למוזיקה)"
מחלקה המחלקה לערבית,36214-01,"א' - 2.00
 ב' - 2.00",ג',0800 - 1000,מ.ישראל-507,104
מחלקה המחלקה לערבית,36214-02,"א' - 2.00
 ב' - 2.00",ב',1200 - 1400,מ.ישראל-504,6
מחלקה המחלקה לערבית,36216-01,"א' - 2.00
 ב' - 2.00",ד',"1200 - 1400
1200 - 1400",רוח-1005,"111
201"
"פרטי קורס : שעות מחלקה
קוד קורס 36239-01
שם קורס באנגלית Departmental hours
מחלקה המחלקה לערבית
פקולטה מדעי הרוח
סוג מפגש ש.מחלקה
מרצה מחלקה מרצי
שעות סמסטר א' - 2.00
סמסטר ב' - 2.00
נ""ז 0.00
הערה
יום ד'
שעה 16:00 - 18:00
בניין
חדר מחלקה
חדר
999
אפיונים מודל - אתר מלווה קורס
תאריכי בחינות",36239-01,"א' - 2.00
 ב' - 2.00",ד',1600 - 1800,חדר מחלקה,מחלקה
מחלקה המחלקה לערבית,36263-01,א' - 4.00,ד',1600 - 2000,רוח-1005,209
מחלקה המחלקה לערבית,36270-01,ב' - 4.00,ב',1600 - 2000,חברה-902,201
מחלקה המחלקה לערבית,36282-01,ב' - 4.00,ב',1200 - 1600,חברה-902,104
מחלקה המחלקה לערבית,36393-01,א' - 4.00,ג',1600 - 2000,רוח-1004,212
מחלקה המחלקה לערבית,36393-02,א' - 4.00,ג',1600 - 2000,רוח-1004,212
מחלקה המחלקה לערבית,36403-01,ב' - 4.00,ד',1600 - 2000,רוח-1004,305
מחלקה המחלקה לערבית,36509-01,"א' - 2.00
 ב' - 2.00",ד',1400 - 1600,רוח-1005,209
מחלקה המחלקה לערבית,36517-01,א' - 4.00,ד',0800 - 1200,רוח-1005,111
מחלקה המחלקה לערבית,36519-01,"א' - 2.00
 ב' - 2.00",ד',1400 - 1600,רוח-1004,212
מחלקה המחלקה לערבית,36535-01,"א' - 2.00
 ב' - 2.00",ד',"1600 - 1800
1600 - 1800","רוח-1005
חברה-905","111
119"
מחלקה המחלקה לערבית,365555-02,ב' - 2.00,ד',1800 - 2000,רוח-1004,407
מחלקה המחלקה לערבית,36560-01,"א' - 2.00
 ב' - 2.00",סוג מפגש קולוקו רשות,1600 - 1800,רוח-1005,201
מחלקה המחלקה לערבית,36600-01,"א' - 2.00
 ב' - 2.00",ג',1600 - 1800,טרם שובץ,טרם שובץ
מחלקה המחלקה לערבית,36634-01,ב' - 4.00,ג',1600 - 2000,רוח-1004,212
מחלקה המחלקה לערבית,36642-01,ב' - 4.00,ב',1600 - 2000,רוח-1005,111
מחלקה המחלקה לערבית,36709-01,ב' - 4.00,ד',1600 - 2000,רוח-1005,209
מחלקה המחלקה לערבית,36740-01,ב' - 4.00,ד',0800 - 1200,רוח-1002,61
מחלקה המחלקה לערבית,36741-01,ב' - 4.00,ד',0800 - 1200,רוח-1002,61
מחלקה המחלקה לערבית,36804-01,"א' - 2.00
 ב' - 2.00","פרטי קורס  קולוקוו מחלקתי
קוד קורס 36804-01
שם קורס באנגלית Departmental Colloquium
מחלקה המחלקה לערבית
פקולטה מדעי הרוח
סוג מפגש קולוקו רשות
מרצה מחלקה מרצי
שעות סמסטר א' - 2.00
סמסטר ב' - 2.00
נ""ז 0.00
הערה
 ד'
שעה 1600 - 1800
בניין
רוח-1005
חדר
201
אפיונים מודל - אתר מלווה קורס
תאריכי בחינות",1600 - 1800,רוח-1005,201
מחלקה המחלקה לבלשנות וספרות אנגלית,37091-01,ב' - 3.00,ה',"1400 - 1600
1600 - 1700","מ.ישראל-502
חדר מחלקה",מחלקה
מחלקה המחלקה לבלשנות וספרות אנגלית,37091-02,ב' - 3.00,ה',"1200 - 1400
1400 - 1500","מ.ישראל-502
חדר מחלקה",מחלקה
מחלקה המחלקה לבלשנות וספרות אנגלית,37098-01,א' - 3.00,ה',"1200 - 1400
1400 - 1500","מ.ישראל-502
חדר מחלקה",מחלקה
מחלקה המחלקה לבלשנות וספרות אנגלית,37098-02,א' - 3.00,ה',"1400 - 1600
1600 - 1700","מ.ישראל-502
חדר מחלקה",מחלקה
מחלקה המחלקה לבלשנות וספרות אנגלית,37098-03,א' - 3.00,ה',"1600 - 1800
1800 - 1900","מ.ישראל-502
חדר מחלקה",מחלקה
מחלקה המחלקה לבלשנות וספרות אנגלית,37106-01,א' - 4.00,"ב',ד'","1000 - 1200
1000 - 1200",יהדות-403,"217
66"
מחלקה המחלקה לבלשנות וספרות אנגלית,37106-02,א' - 4.00,"ב',ד'","1000 - 1200
1000 - 1200",יהדות-403,"66
217"
מחלקה המחלקה לבלשנות וספרות אנגלית,37107-01,ב' - 4.00,"ב',ד'","1000 - 1200
1000 - 1200",יהדות-403,"66
217"
מחלקה המחלקה לבלשנות וספרות אנגלית,37107-02,ב' - 4.00,"ב',ד'","1000 - 1200
1000 - 1200",יהדות-403,"217
66"
מחלקה המחלקה לבלשנות וספרות אנגלית,37184-01,א' - 4.00,"ג',ה'","1200 - 1400
1800 - 2000",יהדות-403,2
מחלקה המחלקה לבלשנות וספרות אנגלית,37184-02,א' - 2.00,ג',1000 - 1200,יהדות-404,114
מחלקה המחלקה לבלשנות וספרות אנגלית,37184-03,א' - 4.00,"ג',ה'","1200 - 1400
1800 - 2000",יהדות-403,2
מחלקה המחלקה לבלשנות וספרות אנגלית,37190-01,ב' - 4.00,"ב',ד'","1400 - 1600
1400 - 1600",יהדות-404,115
מחלקה המחלקה לבלשנות וספרות אנגלית,37190-02,"א' - 2.00
 ב' - 2.00",ה',"1800 - 2000
1600 - 1800","יהדות-403
יהדות-404","66
114"
מחלקה המחלקה לבלשנות וספרות אנגלית,37193-01,א' - 4.00,"ב',ד'","1400 - 1600
1400 - 1600",יהדות-404,102
מחלקה המחלקה לבלשנות וספרות אנגלית,37193-02,א' - 4.00,"ב',ד'","1400 - 1600
1400 - 1600",יהדות-404,102
מחלקה המחלקה לבלשנות וספרות אנגלית,37194-01,א' - 4.00,"ב',ד'","1200 - 1400
1200 - 1400","מ.ישראל-605
מ.ישראל-505","64
4"
מחלקה המחלקה לבלשנות וספרות אנגלית,37194-02,א' - 4.00,"ב',ד'","1200 - 1400
1200 - 1400","מ.ישראל-605
מ.ישראל-505","64
4"
מחלקה המחלקה לבלשנות וספרות אנגלית,37206-01,א' - 4.00,"ב',ד'","1600 - 1800
1600 - 1800",יהדות-404,115
מחלקה המחלקה לבלשנות וספרות אנגלית,37254-01,א' - 4.00,"ב',ד'","1000 - 1200
1000 - 1200","יהדות-404
יהדות-403","115
2"
מחלקה המחלקה לבלשנות וספרות אנגלית,37286-01,ב' - 4.00,ה',0800 - 1200,מ.ישראל-507,4
מחלקה המחלקה לבלשנות וספרות אנגלית,37286-02,ב' - 2.00,ג',1000 - 1200,יהדות-404,114
מחלקה המחלקה לבלשנות וספרות אנגלית,37286-03,ב' - 4.00,ה',0800 - 1200,מ.ישראל-507,4
מחלקה המחלקה לבלשנות וספרות אנגלית,37287-01,א' - 4.00,"ג',ה'","1600 - 1800
1600 - 1800",יהדות-403,"67
2"
מחלקה המחלקה לבלשנות וספרות אנגלית,37287-02,א' - 2.00,ג',1400 - 1600,יהדות-403,2
מחלקה המחלקה לבלשנות וספרות אנגלית,37287-03,א' - 4.00,"ג',ה'","1600 - 1800
1600 - 1800",יהדות-403,"67
2"
מחלקה המחלקה לבלשנות וספרות אנגלית,37289-01,ב' - 4.00,"ג',ה'","1200 - 1400
1400 - 1600",יהדות-403,2
מחלקה המחלקה לבלשנות וספרות אנגלית,37289-02,ב' - 2.00,ג',1600 - 1800,יהדות-403,67
מחלקה המחלקה לבלשנות וספרות אנגלית,37289-03,ב' - 4.00,"ג',ה'","1200 - 1400
1400 - 1600",יהדות-403,2
מחלקה המחלקה לבלשנות וספרות אנגלית,37314-01,ב' - 4.00,ד',0800 - 1000,מ.ישראל-605,101
מחלקה המחלקה לבלשנות וספרות אנגלית,374050-01,ב' - 4.00,ב',1600 - 2000,יהדות-404,68
מחלקה המחלקה לבלשנות וספרות אנגלית,374700-01,ב' - 4.00,ד',1400 - 1800,יהדות-404,68
מחלקה המחלקה לבלשנות וספרות אנגלית,37503-01,א' - 4.00,"ג',ה'","1600 - 1800
1400 - 1600",יהדות-404,"102
115"
מחלקה המחלקה לבלשנות וספרות אנגלית,37517-01,א' - 4.00,"ג',ה'","1800 - 2000
1600 - 1800","יהדות-403
יהדות-404","67
102"
מחלקה המחלקה לבלשנות וספרות אנגלית,37517-02,א' - 2.00,ה',1800 - 2000,יהדות-404,115
מחלקה המחלקה לבלשנות וספרות אנגלית,37522-01,א' - 4.00,"ג',ה'","1200 - 1400
1200 - 1400",יהדות-404,115
מחלקה המחלקה לבלשנות וספרות אנגלית,37522-02,א' - 2.00,ג',1400 - 1600,יהדות-404,115
מחלקה המחלקה לבלשנות וספרות אנגלית,37529-01,ב' - 4.00,ג',1000 - 1400,יהדות-404,115
מחלקה המחלקה לבלשנות וספרות אנגלית,37542-01,א' - 4.00,ד',0800 - 1200,יהדות-404,115
מחלקה המחלקה לבלשנות וספרות אנגלית,37557-01,ב' - 4.00,"ג',ה'","1600 - 1800
1200 - 1400",יהדות-404,"114
115"
מחלקה המחלקה לבלשנות וספרות אנגלית,37567-01,א' - 4.00,ד',1200 - 1600,יהדות-404,115
מחלקה המחלקה לבלשנות וספרות אנגלית,37587-01,ב' - 4.00,ה',1400 - 1800,יהדות-404,114
מחלקה המחלקה לבלשנות וספרות אנגלית,37589-01,א' - 4.00,ג',0800 - 1200,יהדות-404,115
מחלקה המחלקה לבלשנות וספרות אנגלית,37591-01,ב' - 4.00,"ג',ה'","0800 - 1000
1800 - 2000",יהדות-404,115
מחלקה המחלקה לבלשנות וספרות אנגלית,37595-01,ב' - 4.00,ה',0800 - 1200,יהדות-404,115
מחלקה המחלקה לבלשנות וספרות אנגלית,376005-01,ב' - 4.00,"ב',ד'","1200 - 1400
1200 - 1400",יהדות-404,115
מחלקה המחלקה לבלשנות וספרות אנגלית,376040-01,א' - 4.00,"ב',ד'","1200 - 1400
1200 - 1400",יהדות-404,"115
114"
מחלקה המחלקה לבלשנות וספרות אנגלית,376150-01,א' - 4.00,ד',0800 - 1200,יהדות-404,114
מחלקה המחלקה לבלשנות וספרות אנגלית,376400-01,א' - 2.00,א',1200 - 1400,מ.ישראל-605,101
מחלקה המחלקה לבלשנות וספרות אנגלית,376401-01,ב' - 2.00,א',1200 - 1400,מ.ישראל-605,101
מחלקה המחלקה לבלשנות וספרות אנגלית,37671-01,ב' - 4.00,"ב',ד'","1000 - 1200
1000 - 1200",יהדות-404,115
מחלקה המחלקה לבלשנות וספרות אנגלית,37696-01,א' - 4.00,"ב',ד'","1400 - 1600
1400 - 1600","יהדות-404
יהדות-403","115
218"
מחלקה המחלקה לבלשנות וספרות אנגלית,37726-01,א' - 4.00,ג',1400 - 1800,מ.ישראל-504,2
מחלקה המחלקה לבלשנות וספרות אנגלית,37732-01,א' - 4.00,ד',1600 - 2000,יהדות-403,66
מחלקה המחלקה לבלשנות וספרות אנגלית,37735-01,א' - 4.00,ד',0800 - 1200,מ.ישראל-605,103
מחלקה המחלקה לבלשנות וספרות אנגלית,37750-01,א' - 4.00,ד',1600 - 2000,יהדות-404,68
מחלקה המחלקה לבלשנות וספרות אנגלית,37751-01,א' - 4.00,ב',0800 - 1200,יהדות-404,68
מחלקה המחלקה לבלשנות וספרות אנגלית,37757-01,ב' - 4.00,ד',1400 - 1800,יהדות-403,66
מחלקה המחלקה לבלשנות וספרות אנגלית,37760-01,ב' - 4.00,"ב',ד'","1200 - 1400
1200 - 1400",יהדות-403,66
מחלקה המחלקה לבלשנות וספרות אנגלית,37771-01,ב' - 2.00,ד',1600 - 1800,רוח-1005,111
מחלקה המחלקה לבלשנות וספרות אנגלית,37772-01,ב' - 2.00,ד',1400 - 1600,רוח-1005,111
מחלקה המחלקה לבלשנות וספרות אנגלית,37783-01,א' - 2.00,ג',1400 - 1600,יהדות-404,114
מחלקה המחלקה לבלשנות וספרות אנגלית,37784-01,א' - 2.00,ג',1600 - 1800,רוח-1004,305
מחלקה המחלקה לבלשנות וספרות אנגלית,37829-01,א' - 4.00,ד',1200 - 1600,יהדות-403,66
מחלקה המחלקה לבלשנות וספרות אנגלית,378680-01,"א' - 2.00
 ב' - 2.00","פרטי קורס  קולוקוו בלשנות
קוד קורס 378680-01
שם קורס באנגלית Linguistics Colloquium
מחלקה המחלקה לבלשנות וספרות אנגלית
פקולטה מדעי הרוח
סוג מפגש קולוקו חובה
מרצה ד""ר גלית אגמון
שעות סמסטר א' - 2.00
סמסטר ב' - 2.00
נ""ז 4.00
הערה
 ג'
שעה 1400 - 1600
בניין
יהדות-404
חדר
102
אפיונים מודל - אתר מלווה קורס
הקורס ניתן באנגלית
תאריכי בחינות",1400 - 1600,יהדות-404,102
מחלקה המחלקה לבלשנות וספרות אנגלית,378800-01,ב' - 4.00,ד',1000 - 1400,מ.ישראל-605,101
מחלקה המחלקה לבלשנות וספרות אנגלית,379001-01,"א' - 2.00
 ב' - 2.00",ה',"1600 - 1800
1600 - 1800",יהדות-404,"115
102"
מחלקה המחלקה לבלשנות וספרות אנגלית,379009-01,א' - 4.00,ג',0800 - 1200,יהדות-404,102
מחלקה המחלקה לבלשנות וספרות אנגלית,379009-02,א' - 4.00,ג',0800 - 1200,יהדות-404,102
מחלקה המחלקה לבלשנות וספרות אנגלית,379050-01,ב' - 4.00,ג',1600 - 2000,יהדות-404,102
מחלקה המחלקה לבלשנות וספרות אנגלית,379050-02,ב' - 4.00,ג',1600 - 2000,יהדות-404,102
מחלקה המחלקה לבלשנות וספרות אנגלית,379080-01,"א' - 2.00
 ב' - 2.00",ה',1000 - 1200,יהדות-404,114
מחלקה המחלקה לבלשנות וספרות אנגלית,379080-02,"א' - 2.00
 ב' - 2.00",ה',1000 - 1200,יהדות-404,114
מחלקה המחלקה לבלשנות וספרות אנגלית,379120-01,א' - 4.00,ה',1200 - 1600,יהדות-404,102
מחלקה המחלקה לבלשנות וספרות אנגלית,379120-02,א' - 4.00,ה',1200 - 1600,יהדות-404,102
מחלקה המחלקה לבלשנות וספרות אנגלית,379190-01,ב' - 4.00,ג',1000 - 1400,יהדות-404,102
מחלקה המחלקה לבלשנות וספרות אנגלית,379190-02,ב' - 4.00,ג',1000 - 1400,יהדות-404,102
מחלקה המחלקה לבלשנות וספרות אנגלית,37919-01,ב' - 4.00,ד',1400 - 1800,יהדות-403,2
מחלקה המחלקה לבלשנות וספרות אנגלית,37922-01,א' - 4.00,ה',0800 - 1200,יהדות-403,218
מחלקה המחלקה לבלשנות וספרות אנגלית,379340-01,ב' - 4.00,ג',1000 - 1400,מ.ישראל-605,104
מחלקה המחלקה לבלשנות וספרות אנגלית,379401-01,ב' - 4.00,ה',1200 - 1600,יהדות-404,102
מחלקה המחלקה לבלשנות וספרות אנגלית,379401-02,ב' - 4.00,ה',1200 - 1600,יהדות-404,102
מחלקה המחלקה לבלשנות וספרות אנגלית,37946-01,א' - 4.00,ג',1000 - 1400,יהדות-404,68
מחלקה המחלקה לבלשנות וספרות אנגלית,37952-01,א' - 4.00,ג',1000 - 1400,מ.ישראל-605,104
מחלקה המחלקה לבלשנות וספרות אנגלית,379700-01,ב' - 4.00,ה',1600 - 2000,יהדות-404,68
מחלקה המחלקה לבלשנות וספרות אנגלית,379800-01,ב' - 4.00,ג',1400 - 1800,מ.ישראל-605,104
מחלקה המחלקה לבלשנות וספרות אנגלית,37987-01,א' - 4.00,ה',1200 - 1600,יהדות-403,66
מחלקה המחלקה לבלשנות וספרות אנגלית,379890-01,א' - 4.00,ג',1600 - 2000,יהדות-404,101
מחלקה המחלקה לבלשנות וספרות אנגלית,379890-02,א' - 4.00,ג',1600 - 2000,יהדות-404,101
מחלקה המחלקה ללימודי אסיה,40001-01,"א' - 4.00
 ב' - 4.00","ב',ד'","1400 - 1600
1600 - 1800",מ.ישראל-505,63
מחלקה המחלקה ללימודי אסיה,40002-01,"א' - 4.00
 ב' - 4.00","ב',ד'","1600 - 1800
1400 - 1600","מ.ישראל-504
משפטים-305","5
132"
מחלקה המחלקה ללימודי אסיה,40010-01,"א' - 4.00
 ב' - 4.00","ב',ד'","0800 - 1000
1600 - 1800",מ.ישראל-502,"7
9"
מחלקה המחלקה ללימודי אסיה,40020-01,"א' - 4.00
 ב' - 4.00","א',ד'","1200 - 1400
1600 - 1800",מ.ישראל-502,"24
25"
מחלקה המחלקה ללימודי אסיה,40021-01,"א' - 4.00
 ב' - 4.00","א',ד'","1400 - 1600
1400 - 1600
1400 - 1600","מ.ישראל-504
מ.ישראל-505","5
103
2"
מחלקה המחלקה ללימודי אסיה,40101-01,ב' - 2.00,ב',1600 - 1800,רוח-1002,1
מחלקה המחלקה ללימודי אסיה,40110-01,א' - 4.00,ב',1000 - 1400,מ.ישראל-604,63
מחלקה המחלקה ללימודי אסיה,40111-01,ב' - 4.00,ב',1000 - 1400,רוח-1002,61
מחלקה המחלקה ללימודי אסיה,40120-01,ב' - 4.00,ג',1000 - 1400,מ.ישראל-502,9
מחלקה המחלקה ללימודי אסיה,40130-01,א' - 4.00,ג',1600 - 2000,מ.ישראל-605,14
מחלקה המחלקה ללימודי אסיה,40141-01,א' - 4.00,"א',ג'","1000 - 1200
1200 - 1400","מ.ישראל-507
מ.ישראל-504","4
2"
מחלקה המחלקה ללימודי אסיה,40203-01,"א' - 2.00
 ב' - 2.00",ב',0800 - 1000,מ.ישראל-605,104
מחלקה המחלקה ללימודי אסיה,40251-01,א' - 2.00,ג',1600 - 1800,חדר מחלקה,מחלקה
מחלקה המחלקה ללימודי אסיה,40252-01,א' - 2.00,א',1800 - 2000,מ.ישראל-604,205
מחלקה המחלקה ללימודי אסיה,40255-01,ב' - 2.00,ב',1400 - 1600,רוח-1002,61
מחלקה המחלקה ללימודי אסיה,40256-01,א' - 2.00,ד',1800 - 2000,מ.ישראל-502,6
מחלקה המחלקה ללימודי אסיה,40257-01,א' - 4.00,ג',0800 - 1200,רוח-1005,109
מחלקה המחלקה ללימודי אסיה,40258-01,ב' - 4.00,א',1000 - 1400,חברה-902,103
מחלקה המחלקה ללימודי אסיה,40259-01,ב' - 4.00,ב',1000 - 1400,מ.ישראל-502,37
מחלקה המחלקה ללימודי אסיה,40260-01,א' - 4.00,א',1200 - 1600,חברה-902,201
מחלקה המחלקה ללימודי אסיה,40302-01,א' - 4.00,ב',1000 - 1400,מ.ישראל-508,7
מחלקה המחלקה ללימודי אסיה,40303-01,ב' - 4.00,ג',1600 - 2000,מ.ישראל-505,105
מחלקה המחלקה ללימודי אסיה,40355-01,ב' - 4.00,א',1000 - 1400,רוח-1002,202
מחלקה המחלקה ללימודי אסיה,40356-01,א' - 2.00,ד',1000 - 1200,מ.ישראל-508,7
מחלקה המחלקה ללימודי אסיה,40357-01,ב' - 2.00,ד',1000 - 1200,מ.ישראל-502,7
מחלקה המחלקה ללימודי אסיה,40358-01,ב' - 2.00,ג',1200 - 1400,מ.ישראל-502,8
מחלקה המחלקה ללימודי אסיה,40450-01,א' - 2.00,א',1600 - 1800,רוח-1002,61
מחלקה המחלקה ללימודי אסיה,40451-01,"א' - 2.00
 ב' - 2.00",א',1600 - 1800,יהדות-404,68
מחלקה המחלקה ללימודי אסיה,40453-01,א' - 4.00,ד',1600 - 2000,רוח-1002,202
מחלקה המחלקה ללימודי אסיה,40454-4.00,ב' - 4.00,א',1400 - 1800,רוח-1002,102
מחלקה המחלקה ללימודי אסיה,40456-01,א' - 2.00,ד',1200 - 1400,מ.ישראל-502,6
מחלקה המחלקה ללימודי אסיה,40459-01,ב' - 2.00,ג',1600 - 1800,מ.ישראל-502,8
מחלקה המחלקה ללימודי אסיה,40503-01,"א' - 2.00
 ב' - 2.00",ג',1000 - 1200,מ.ישראל-504,2
מחלקה המחלקה ללימודי אסיה,40504-01,"א' - 2.00
 ב' - 2.00",ד',"1600 - 1800
1600 - 1800","מ.ישראל-505
מ.ישראל-604","4
105"
מחלקה המחלקה ללימודי אסיה,40900-01,"א' - 2.00
 ב' - 2.00",סוג מפגש קולוקו חובה,1400 - 1600,מ.ישראל-502,7
מחלקה היחידה לאנגלית כשפה זרה,41002-10,א' - 6.00,"א',ה'","1200 - 1600
1600 - 1800",חדר מחלקה,מחלקה
מחלקה היחידה לאנגלית כשפה זרה,41002-11,א' - 6.00,"ג',ו'","1800 - 2000
0800 - 1200",חדר מחלקה,מחלקה
מחלקה היחידה לאנגלית כשפה זרה,41004-01,א' - 6.00,"ג',ו'","1400 - 1600
0800 - 1200","מ.ישראל-605
מ.ישראל-505","101
106"
מחלקה היחידה לאנגלית כשפה זרה,41004-02,א' - 6.00,"א',ד'","1000 - 1200
0800 - 1200","מ.ישראל-604
מ.ישראל-505","11
1"
מחלקה היחידה לאנגלית כשפה זרה,41004-03,א' - 6.00,"ג',ה'","1400 - 1600
1600 - 2000","מ.ישראל-505
מ.ישראל-605","105
101"
מחלקה היחידה לאנגלית כשפה זרה,41004-04,א' - 6.00,"ב',ה'","0800 - 1000
0800 - 1200",מ.ישראל-605,"101
103"
מחלקה היחידה לאנגלית כשפה זרה,41004-05,א' - 6.00,"א',ג'","0800 - 1200
1400 - 1600","מ.ישראל-605
מ.ישראל-507","102
107"
מחלקה היחידה לאנגלית כשפה זרה,41004-06,א' - 6.00,"ב',ה'","1600 - 1800
1600 - 2000","מ.ישראל-505
מ.ישראל-604","1
14"
מחלקה היחידה לאנגלית כשפה זרה,41004-07,א' - 6.00,"א',ג'","0800 - 1200
1400 - 1600","מ.ישראל-605
מ.ישראל-507","14
106"
מחלקה היחידה לאנגלית כשפה זרה,41004-08,א' - 6.00,"ג',ה'","1600 - 2000
1400 - 1600","מ.ישראל-505
מ.ישראל-605","104
102"
מחלקה היחידה לאנגלית כשפה זרה,41004-09,א' - 6.00,"ג',ה'","0800 - 1200
0800 - 1000","מ.ישראל-504
מ.ישראל-605","4
102"
מחלקה היחידה לאנגלית כשפה זרה,41004-10,א' - 6.00,"ב',ד'","1200 - 1400
0800 - 1200","מ.ישראל-604
מ.ישראל-502","62
6"
מחלקה היחידה לאנגלית כשפה זרה,41004-11,א' - 6.00,"ב',ד'","1600 - 2000
1200 - 1400","מ.ישראל-508
מ.ישראל-605","7
101"
מחלקה היחידה לאנגלית כשפה זרה,41004-12,א' - 6.00,"א',ד'","1600 - 1800
1600 - 2000","מ.ישראל-507
מ.ישראל-504","206
7"
מחלקה היחידה לאנגלית כשפה זרה,41004-13,א' - 6.00,"א',ג'","1600 - 1800
1600 - 2000","מ.ישראל-507
מ.ישראל-508","103
7"
מחלקה היחידה לאנגלית כשפה זרה,41004-14,א' - 6.00,"ב',ה'","1000 - 1400
1200 - 1400",מ.ישראל-605,"101
102"
מחלקה היחידה לאנגלית כשפה זרה,41004-50,ב' - 6.00,"א',ד'","1000 - 1200
0800 - 1200","מ.ישראל-507
מ.ישראל-605","106
13"
מחלקה היחידה לאנגלית כשפה זרה,41004-51,ב' - 6.00,"ה',ג'","1600 - 2000
1600 - 1800","מ.ישראל-605
מ.ישראל-505","101
104"
מחלקה היחידה לאנגלית כשפה זרה,41004-52,ב' - 6.00,"ג',ו'","1400 - 1600
0800 - 1200","מ.ישראל-507
מ.ישראל-505","108
4"
מחלקה היחידה לאנגלית כשפה זרה,41004-53,ב' - 6.00,"א',ג'","0800 - 1000
0800 - 1200","מ.ישראל-507
מ.ישראל-505","106
104"
מחלקה היחידה לאנגלית כשפה זרה,41004-54,ב' - 6.00,"א',ד'","0800 - 1200
1200 - 1400","מ.ישראל-605
מ.ישראל-505","102
64"
מחלקה היחידה לאנגלית כשפה זרה,41014-01,א' - 4.00,ב',1600 - 2000,מ.ישראל-507,6
מחלקה היחידה לאנגלית כשפה זרה,41014-02,א' - 4.00,ב',0800 - 1200,מ.ישראל-507,204
מחלקה היחידה לאנגלית כשפה זרה,41014-03,א' - 4.00,ד',0800 - 1200,מ.ישראל-507,208
מחלקה היחידה לאנגלית כשפה זרה,41014-04,א' - 4.00,ב',1400 - 1800,מ.ישראל-605,101
מחלקה היחידה לאנגלית כשפה זרה,41014-05,א' - 4.00,ג',0800 - 1200,מ.ישראל-505,104
מחלקה היחידה לאנגלית כשפה זרה,41014-06,א' - 4.00,ד',1600 - 2000,מ.ישראל-605,13
מחלקה היחידה לאנגלית כשפה זרה,41014-07,א' - 4.00,ה',0800 - 1200,מ.ישראל-507,108
מחלקה היחידה לאנגלית כשפה זרה,41014-08,א' - 4.00,ד',0800 - 1200,מ.ישראל-507,205
מחלקה היחידה לאנגלית כשפה זרה,41014-09,א' - 4.00,ו',0800 - 1200,מ.ישראל-507,205
מחלקה היחידה לאנגלית כשפה זרה,41014-10,א' - 4.00,ד',1600 - 2000,מ.ישראל-507,205
מחלקה היחידה לאנגלית כשפה זרה,41014-11,א' - 4.00,ב',0800 - 1200,מ.ישראל-507,201
מחלקה היחידה לאנגלית כשפה זרה,41014-12,א' - 4.00,ד',0800 - 1200,מ.ישראל-507,3
מחלקה היחידה לאנגלית כשפה זרה,41014-13,א' - 4.00,ו',0800 - 1200,מ.ישראל-507,206
מחלקה היחידה לאנגלית כשפה זרה,41014-14,א' - 4.00,ג',0800 - 1200,מ.ישראל-505,103
מחלקה היחידה לאנגלית כשפה זרה,41014-15,א' - 4.00,ה',0800 - 1200,מ.ישראל-507,206
מחלקה היחידה לאנגלית כשפה זרה,41014-16,א' - 4.00,ג',1600 - 2000,מ.ישראל-507,108
מחלקה היחידה לאנגלית כשפה זרה,41014-17,א' - 4.00,ד',1600 - 2000,מ.ישראל-507,106
מחלקה היחידה לאנגלית כשפה זרה,41014-18,א' - 4.00,ה',1600 - 2000,מ.ישראל-507,209
מחלקה היחידה לאנגלית כשפה זרה,41014-19,א' - 4.00,ו',0800 - 1200,מ.ישראל-507,202
מחלקה היחידה לאנגלית כשפה זרה,41014-20,א' - 4.00,ה',1600 - 2000,מ.ישראל-507,3
מחלקה היחידה לאנגלית כשפה זרה,41014-50,ב' - 4.00,א',1600 - 2000,מ.ישראל-605,102
מחלקה היחידה לאנגלית כשפה זרה,41014-51,ב' - 4.00,ג',0800 - 1200,מ.ישראל-505,3
מחלקה היחידה לאנגלית כשפה זרה,41014-52,ב' - 4.00,ד',0800 - 1200,מ.ישראל-507,205
מחלקה היחידה לאנגלית כשפה זרה,41014-53,ב' - 4.00,א',0800 - 1200,מ.ישראל-605,101
מחלקה היחידה לאנגלית כשפה זרה,41014-54,ב' - 4.00,ה',0800 - 1200,מ.ישראל-605,101
מחלקה היחידה לאנגלית כשפה זרה,41014-55,ב' - 4.00,ב',0800 - 1200,מ.ישראל-605,102
מחלקה היחידה לאנגלית כשפה זרה,41014-56,ב' - 4.00,ד',0800 - 1200,מ.ישראל-507,208
מחלקה היחידה לאנגלית כשפה זרה,41014-57,ב' - 4.00,ב',0800 - 1200,מ.ישראל-507,108
מחלקה היחידה לאנגלית כשפה זרה,41014-58,ב' - 4.00,ד',0800 - 1200,מ.ישראל-507,209
מחלקה היחידה לאנגלית כשפה זרה,41014-59,ב' - 4.00,ב',1600 - 2000,מ.ישראל-605,101
מחלקה היחידה לאנגלית כשפה זרה,41014-60,ב' - 4.00,ו',0800 - 1200,מ.ישראל-507,206
מחלקה היחידה לאנגלית כשפה זרה,41014-61,ב' - 4.00,א',1600 - 2000,מ.ישראל-507,6
מחלקה היחידה לאנגלית כשפה זרה,41014-62,ב' - 4.00,ב',1600 - 2000,מ.ישראל-507,205
מחלקה היחידה לאנגלית כשפה זרה,41014-63,ב' - 4.00,ד',1600 - 2000,מ.ישראל-507,206
מחלקה היחידה לאנגלית כשפה זרה,41014-64,ב' - 4.00,ג',1600 - 2000,מ.ישראל-507,206
מחלקה היחידה לאנגלית כשפה זרה,41014-65,ב' - 4.00,ג',1600 - 2000,מ.ישראל-507,205
מחלקה היחידה לאנגלית כשפה זרה,41022-01,א' - 4.00,א',1600 - 2000,מ.ישראל-605,102
מחלקה היחידה לאנגלית כשפה זרה,41022-02,א' - 4.00,ד',0800 - 1200,מ.ישראל-507,206
מחלקה היחידה לאנגלית כשפה זרה,41022-03,א' - 4.00,ג',1600 - 2000,מ.ישראל-507,209
מחלקה היחידה לאנגלית כשפה זרה,41022-04,א' - 4.00,א',0800 - 1200,מ.ישראל-605,101
מחלקה היחידה לאנגלית כשפה זרה,41022-05,א' - 4.00,ב',0800 - 1200,מ.ישראל-507,207
מחלקה היחידה לאנגלית כשפה זרה,41022-06,א' - 4.00,ד',1600 - 2000,מ.ישראל-605,104
מחלקה היחידה לאנגלית כשפה זרה,41022-07,א' - 4.00,ה',0800 - 1200,מ.ישראל-605,101
מחלקה היחידה לאנגלית כשפה זרה,41022-08,א' - 4.00,א',1600 - 2000,מ.ישראל-507,3
מחלקה היחידה לאנגלית כשפה זרה,41022-09,א' - 4.00,ב',1600 - 2000,מ.ישראל-507,208
מחלקה היחידה לאנגלית כשפה זרה,41022-10,א' - 4.00,ב',0800 - 1200,מ.ישראל-507,6
מחלקה היחידה לאנגלית כשפה זרה,41022-11,א' - 4.00,ג',0800 - 1200,מ.ישראל-605,103
מחלקה היחידה לאנגלית כשפה זרה,41022-12,א' - 4.00,ב',0800 - 1200,מ.ישראל-504,6
מחלקה היחידה לאנגלית כשפה זרה,41022-13,א' - 4.00,ד',0800 - 1200,מ.ישראל-507,209
מחלקה היחידה לאנגלית כשפה זרה,41022-14,א' - 4.00,ה',0800 - 1200,מ.ישראל-507,208
מחלקה היחידה לאנגלית כשפה זרה,41022-15,א' - 4.00,ד',0800 - 1200,מ.ישראל-507,101
מחלקה היחידה לאנגלית כשפה זרה,41022-16,א' - 4.00,ב',1600 - 2000,מ.ישראל-507,205
מחלקה היחידה לאנגלית כשפה זרה,41022-17,א' - 4.00,א',0800 - 1200,מ.ישראל-507,3
מחלקה היחידה לאנגלית כשפה זרה,41022-18,א' - 4.00,ג',0800 - 1200,מ.ישראל-507,106
מחלקה היחידה לאנגלית כשפה זרה,41022-19,א' - 4.00,ו',0800 - 1200,מ.ישראל-507,208
מחלקה היחידה לאנגלית כשפה זרה,41022-20,א' - 4.00,ג',0800 - 1200,יהדות-403,2
מחלקה היחידה לאנגלית כשפה זרה,41022-21,א' - 4.00,א',1600 - 2000,מ.ישראל-507,6
מחלקה היחידה לאנגלית כשפה זרה,41022-22,א' - 4.00,א',1600 - 2000,יהדות-403,2
מחלקה היחידה לאנגלית כשפה זרה,41022-23,א' - 4.00,ג',1600 - 2000,מ.ישראל-507,6
מחלקה היחידה לאנגלית כשפה זרה,41022-24,א' - 4.00,ה',1600 - 2000,מ.ישראל-507,207
מחלקה היחידה לאנגלית כשפה זרה,41022-25,א' - 4.00,ב',0800 - 1200,מ.ישראל-507,104
מחלקה היחידה לאנגלית כשפה זרה,41022-49,א' - 4.00,א',1500 - 1900,חוץ קמפוס,999
מחלקה היחידה לאנגלית כשפה זרה,41022-50,ב' - 4.00,ג',1600 - 2000,מ.ישראל-507,108
מחלקה היחידה לאנגלית כשפה זרה,41022-51,ב' - 4.00,ב',0800 - 1200,מ.ישראל-507,206
מחלקה היחידה לאנגלית כשפה זרה,41022-52,ב' - 4.00,ד',0800 - 1200,מ.ישראל-507,207
מחלקה היחידה לאנגלית כשפה זרה,41022-53,ב' - 4.00,ב',1400 - 1800,מ.ישראל-507,206
מחלקה היחידה לאנגלית כשפה זרה,41022-54,ב' - 4.00,ג',0800 - 1200,מ.ישראל-605,101
מחלקה היחידה לאנגלית כשפה זרה,41022-55,ב' - 4.00,ב',0800 - 1200,מ.ישראל-507,205
מחלקה היחידה לאנגלית כשפה זרה,41022-56,ב' - 4.00,ה',0800 - 1200,מ.ישראל-605,102
מחלקה היחידה לאנגלית כשפה זרה,41022-57,ב' - 4.00,ב',1600 - 2000,מ.ישראל-507,208
מחלקה היחידה לאנגלית כשפה זרה,41022-58,ב' - 4.00,ד',0800 - 1200,מ.ישראל-507,204
מחלקה היחידה לאנגלית כשפה זרה,41022-59,ב' - 4.00,ו',0800 - 1200,מ.ישראל-507,208
מחלקה היחידה לאנגלית כשפה זרה,41022-60,ב' - 4.00,ג',0800 - 1200,מ.ישראל-605,102
מחלקה היחידה לאנגלית כשפה זרה,41022-61,ב' - 4.00,ד',1600 - 2000,מ.ישראל-507,205
מחלקה היחידה לאנגלית כשפה זרה,41022-62,ב' - 4.00,ו',0800 - 1200,מ.ישראל-507,209
מחלקה היחידה לאנגלית כשפה זרה,41022-63,ב' - 4.00,ב',0800 - 1200,מ.ישראל-507,204
מחלקה היחידה לאנגלית כשפה זרה,41022-64,ב' - 4.00,ד',0800 - 1200,מ.ישראל-507,4
מחלקה היחידה לאנגלית כשפה זרה,41022-65,ב' - 4.00,ה',0800 - 1200,מ.ישראל-507,206
מחלקה היחידה לאנגלית כשפה זרה,41022-66,ב' - 4.00,א',1600 - 2000,מ.ישראל-507,5
מחלקה היחידה לאנגלית כשפה זרה,41022-67,ב' - 4.00,ב',1600 - 2000,מ.ישראל-507,203
מחלקה היחידה לאנגלית כשפה זרה,41022-68,ב' - 4.00,ג',0800 - 1200,מ.ישראל-505,103
מחלקה היחידה לאנגלית כשפה זרה,41022-69,ב' - 4.00,ה',0800 - 1200,מ.ישראל-507,208
מחלקה היחידה לאנגלית כשפה זרה,41022-70,ב' - 4.00,ד',1600 - 2000,מ.ישראל-507,204
מחלקה היחידה לאנגלית כשפה זרה,41022-71,ב' - 4.00,א',1600 - 2000,יהדות-403,2
מחלקה היחידה לאנגלית כשפה זרה,41022-72,ב' - 4.00,ג',1600 - 2000,מ.ישראל-507,204
מחלקה היחידה לאנגלית כשפה זרה,41022-73,ב' - 4.00,ה',1600 - 2000,מ.ישראל-507,207
מחלקה היחידה לאנגלית כשפה זרה,41022-74,ב' - 4.00,א',0800 - 1200,מ.ישראל-507,104
מחלקה היחידה לאנגלית כשפה זרה,41022-75,ב' - 4.00,ה',0800 - 1200,מ.ישראל-507,207
מחלקה היחידה לאנגלית כשפה זרה,41022-76,ב' - 4.00,ו',0800 - 1200,מ.ישראל-507,207
מחלקה היחידה לאנגלית כשפה זרה,41022-77,ב' - 4.00,ב',0800 - 1200,מ.ישראל-507,203
מחלקה היחידה לאנגלית כשפה זרה,41022-78,ב' - 4.00,א',0800 - 1200,מ.ישראל-507,207
מחלקה היחידה לאנגלית כשפה זרה,41022-79,ב' - 4.00,א',1000 - 1400,מ.ישראל-507,209
מחלקה היחידה לאנגלית כשפה זרה,41022-80,ב' - 4.00,ד',0800 - 1200,מ.ישראל-507,6
מחלקה היחידה לאנגלית כשפה זרה,41022-81,ב' - 4.00,ג',0800 - 1200,מ.ישראל-508,7
מחלקה היחידה לאנגלית כשפה זרה,41022-82,ב' - 4.00,א',1600 - 2000,יהדות-403,67
מחלקה היחידה לאנגלית כשפה זרה,41022-83,ב' - 4.00,ד',0800 - 1200,מ.ישראל-605,61
מחלקה היחידה לאנגלית כשפה זרה,41022-84,ב' - 4.00,א',1600 - 2000,מ.ישראל-502,37
מחלקה היחידה לאנגלית כשפה זרה,41022-85,ב' - 4.00,ו',0800 - 1200,מ.ישראל-507,204
מחלקה היחידה לאנגלית כשפה זרה,41032-01,א' - 2.00,א',1600 - 1800,משפטים-305,132
מחלקה היחידה לאנגלית כשפה זרה,41032-02,א' - 2.00,א',1600 - 1800,חברה-902,201
מחלקה היחידה לאנגלית כשפה זרה,41032-03,א' - 2.00,ו',1000 - 1200,נלמד בזום,999
מחלקה היחידה לאנגלית כשפה זרה,41032-05,א' - 2.00,ב',1600 - 1800,חברה-902,101
מחלקה היחידה לאנגלית כשפה זרה,41032-50,ב' - 2.00,ו',0800 - 1000,נלמד בזום,999
מחלקה היחידה לאנגלית כשפה זרה,41032-51,ב' - 2.00,ד',1600 - 1800,חברה-902,201
מחלקה היחידה לאנגלית כשפה זרה,41032-52,ב' - 2.00,ו',1000 - 1200,נלמד בזום,999
מחלקה היחידה לאנגלית כשפה זרה,41032-53,ב' - 2.00,ב',1600 - 1800,חברה-902,101
מחלקה היחידה לאנגלית כשפה זרה,41032-54,ב' - 2.00,ה',1400 - 1600,מ.ישראל-504,1
מחלקה היחידה לאנגלית כשפה זרה,41032-55,ב' - 2.00,ו',0800 - 1000,נלמד בזום,999
מחלקה היחידה לאנגלית כשפה זרה,41034-01,א' - 4.00,ב',0800 - 1200,מ.ישראל-505,3
מחלקה היחידה לאנגלית כשפה זרה,41034-02,א' - 4.00,ג',1600 - 2000,מ.ישראל-605,104
מחלקה היחידה לאנגלית כשפה זרה,41034-03,א' - 4.00,ד',1600 - 2000,מ.ישראל-605,103
מחלקה היחידה לאנגלית כשפה זרה,41034-04,א' - 4.00,ה',1600 - 2000,מ.ישראל-605,103
מחלקה היחידה לאנגלית כשפה זרה,41034-05,א' - 4.00,א',1600 - 2000,מ.ישראל-605,103
מחלקה היחידה לאנגלית כשפה זרה,41034-06,א' - 4.00,ו',0800 - 1200,מ.ישראל-605,104
מחלקה היחידה לאנגלית כשפה זרה,41034-07,א' - 4.00,א',1600 - 2000,מ.ישראל-605,104
מחלקה היחידה לאנגלית כשפה זרה,41034-08,א' - 4.00,ב',0800 - 1200,חדר מחלקה,מחלקה
מחלקה היחידה לאנגלית כשפה זרה,41034-50,ב' - 4.00,ג',1600 - 2000,מ.ישראל-605,103
מחלקה היחידה לאנגלית כשפה זרה,41034-51,ב' - 4.00,ד',1600 - 2000,מ.ישראל-605,103
מחלקה היחידה לאנגלית כשפה זרה,41034-52,ב' - 4.00,ה',1600 - 2000,מ.ישראל-605,103
מחלקה היחידה לאנגלית כשפה זרה,41034-53,ב' - 4.00,ג',1600 - 2000,חברה-902,104
מחלקה היחידה לאנגלית כשפה זרה,41034-54,ב' - 4.00,ב',0800 - 1200,חברה-902,104
מחלקה היחידה לאנגלית כשפה זרה,41034-55,ב' - 4.00,ד',1600 - 2000,רוח-1005,112
מחלקה היחידה לאנגלית כשפה זרה,41034-56,ב' - 4.00,א',1600 - 2000,חברה-902,201
מחלקה היחידה לאנגלית כשפה זרה,41034-57,ב' - 4.00,ה',0800 - 1200,מ.ישראל-605,103
מחלקה היחידה לאנגלית כשפה זרה,41036-01,א' - 4.00,א',1600 - 2000,מ.ישראל-605,65
מחלקה היחידה לאנגלית כשפה זרה,41036-02,א' - 4.00,ו',0800 - 1200,מ.ישראל-604,13
מחלקה היחידה לאנגלית כשפה זרה,41036-03,א' - 4.00,ב',1600 - 2000,מ.ישראל-605,105
מחלקה היחידה לאנגלית כשפה זרה,41036-04,א' - 4.00,ג',1600 - 2000,חברה-905,116
מחלקה היחידה לאנגלית כשפה זרה,41036-05,א' - 4.00,ה',1600 - 2000,חדר מחלקה,מחלקה
מחלקה היחידה לאנגלית כשפה זרה,41036-50,ב' - 4.00,ו',0800 - 1200,מ.ישראל-605,103
מחלקה היחידה לאנגלית כשפה זרה,41036-51,ב' - 4.00,א',1600 - 2000,טבע-203,226
מחלקה היחידה לאנגלית כשפה זרה,41036-52,ב' - 4.00,ב',1600 - 2000,מ.ישראל-605,105
מחלקה היחידה לאנגלית כשפה זרה,41036-53,ב' - 4.00,ג',1600 - 2000,משפטים-305,132
מחלקה היחידה לאנגלית כשפה זרה,41044-01,א' - 3.00,ד',1800 - 2000,חברה-905,116
מחלקה היחידה לאנגלית כשפה זרה,41044-02,א' - 3.00,ב',1800 - 2000,נלמד בזום,999
מחלקה היחידה לאנגלית כשפה זרה,41044-03,א' - 3.00,ב',1800 - 2000,חברה-902,101
מחלקה היחידה לאנגלית כשפה זרה,41044-04,א' - 3.00,ו',0800 - 1000,חדר מחלקה,מחלקה
מחלקה היחידה לאנגלית כשפה זרה,41044-06,א' - 3.00,ד',1800 - 2000,חברה-902,210
מחלקה היחידה לאנגלית כשפה זרה,41044-50,ב' - 3.00,ד',1800 - 2000,חברה-902,202
מחלקה היחידה לאנגלית כשפה זרה,41044-51,ב' - 3.00,ג',1400 - 1600,מ.ישראל-605,101
מחלקה היחידה לאנגלית כשפה זרה,41044-52,ב' - 3.00,ב',1800 - 2000,חברה-902,102
מחלקה היחידה לאנגלית כשפה זרה,41044-53,ב' - 3.00,ו',0800 - 1000,חברה-902,102
מחלקה היחידה לאנגלית כשפה זרה,41044-54,ב' - 3.00,ב',1800 - 2000,נלמד בזום,999
מחלקה היחידה לאנגלית כשפה זרה,41044-55,ב' - 3.00,ג',1300 - 1500,מ.ישראל-505,105
מחלקה היחידה לאנגלית כשפה זרה,41202-01,א' - 6.00,ו',"1000 - 1200
0800 - 0900",חדר מחלקה,מחלקה
מחלקה היחידה לאנגלית כשפה זרה,41402-01,"א' - 3.00
 ב' - 3.00",ה',1700 - 2000,חוץ קמפוס,999
מחלקה היחידה לאנגלית כשפה זרה,41404-03,"א' - 3.00
 ב' - 3.00",ד',0900 - 1200,חוץ קמפוס,999
מחלקה היחידה לאנגלית כשפה זרה,41414-10,א' - 4.00,א',1800 - 2200,מ.ישראל-605,101
מחלקה היחידה לאנגלית כשפה זרה,41414-11,א' - 4.00,ג',1600 - 2000,חוץ קמפוס,999
מחלקה היחידה לאנגלית כשפה זרה,41422-50,ב' - 4.00,ג',1600 - 2000,חוץ קמפוס,999
מחלקה היחידה לאנגלית כשפה זרה,41422-51,ב' - 4.00,א',1800 - 2200,מ.ישראל-605,101
מחלקה היחידה לאנגלית כשפה זרה,41504-01,"א' - 3.00
 ב' - 3.00",ד',1600 - 1900,מ.ישראל-507,207
מחלקה היחידה לאנגלית כשפה זרה,41504-02,"א' - 3.00
 ב' - 3.00",ד',1600 - 1900,מ.ישראל-507,4
מחלקה היחידה לאנגלית כשפה זרה,41504-03,"א' - 3.00
 ב' - 3.00",ה',1600 - 1900,רוח-1002,201
מחלקה היחידה לאנגלית כשפה זרה,41504-04,"א' - 3.00
 ב' - 3.00",ה',1600 - 1900,מ.ישראל-507,4
מחלקה היחידה לאנגלית כשפה זרה,41504-05,"א' - 3.00
 ב' - 3.00",ה',1600 - 1900,חדר מחלקה,מחלקה
מחלקה היחידה לאנגלית כשפה זרה,41514-10,א' - 4.00,ד',1600 - 2000,מ.ישראל-507,104
מחלקה היחידה לאנגלית כשפה זרה,41514-11,א' - 4.00,ד',1600 - 2000,מ.ישראל-507,6
מחלקה היחידה לאנגלית כשפה זרה,41514-12,א' - 4.00,ד',1600 - 2000,מ.ישראל-605,102
מחלקה היחידה לאנגלית כשפה זרה,41514-13,א' - 4.00,ה',1600 - 2000,מ.ישראל-507,203
מחלקה היחידה לאנגלית כשפה זרה,41514-14,א' - 4.00,ה',1600 - 2000,מ.ישראל-504,3
מחלקה היחידה לאנגלית כשפה זרה,41514-15,א' - 4.00,ה',1600 - 2000,מ.ישראל-507,5
מחלקה היחידה לאנגלית כשפה זרה,41514-16,א' - 4.00,ה',1600 - 2000,מ.ישראל-504,7
מחלקה היחידה לאנגלית כשפה זרה,41514-17,א' - 4.00,ה',1600 - 2000,חדר מחלקה,מחלקה
מחלקה היחידה לאנגלית כשפה זרה,41522-10,א' - 4.00,ד',1600 - 2000,מ.ישראל-507,3
מחלקה היחידה לאנגלית כשפה זרה,41522-11,א' - 4.00,ה',1600 - 2000,מ.ישראל-504,5
מחלקה היחידה לאנגלית כשפה זרה,41522-50,ב' - 4.00,ד',1600 - 2000,מ.ישראל-507,203
מחלקה היחידה לאנגלית כשפה זרה,41522-51,ב' - 4.00,ד',1600 - 2000,מ.ישראל-507,208
מחלקה היחידה לאנגלית כשפה זרה,41522-52,ב' - 4.00,ד',1600 - 2000,מ.ישראל-507,3
מחלקה היחידה לאנגלית כשפה זרה,41522-53,ב' - 4.00,ה',1600 - 2000,מ.ישראל-507,204
מחלקה היחידה לאנגלית כשפה זרה,41522-54,ב' - 4.00,ה',1600 - 2000,מ.ישראל-507,209
מחלקה היחידה לאנגלית כשפה זרה,41522-55,ב' - 4.00,ה',1600 - 2000,יהדות-403,2
מחלקה היחידה לאנגלית כשפה זרה,41522-56,ב' - 4.00,ה',1600 - 2000,מ.ישראל-504,4
מחלקה היחידה לאנגלית כשפה זרה,41522-57,ב' - 4.00,ה',1600 - 2000,טרם שובץ,טרם שובץ
מחלקה היחידה לאנגלית כשפה זרה,41604-50,ב' - 6.00,ג',1600 - 1900,מ.ישראל-507,207
מחלקה היחידה לאנגלית כשפה זרה,41604-51,ב' - 6.00,ה',1600 - 1900,יהדות-403,67
מחלקה היחידה לאנגלית כשפה זרה,41614-10,א' - 4.00,ג',1600 - 2000,מ.ישראל-605,103
מחלקה היחידה לאנגלית כשפה זרה,41614-11,א' - 4.00,ג',1600 - 2000,מ.ישראל-507,205
מחלקה היחידה לאנגלית כשפה זרה,41614-12,א' - 4.00,ה',1600 - 2000,מ.ישראל-502,37
מחלקה היחידה לאנגלית כשפה זרה,41614-13,א' - 4.00,ה',1600 - 2000,מ.ישראל-604,12
מחלקה היחידה לאנגלית כשפה זרה,41614-14,א' - 4.00,ה',1600 - 2000,חדר מחלקה,מחלקה
מחלקה היחידה לאנגלית כשפה זרה,41614-75,א' - 4.00,א',0800 - 1200,מ.ישראל-605,12
מחלקה היחידה לאנגלית כשפה זרה,41614-76,א' - 4.00,א',0800 - 1200,מ.ישראל-604,12
מחלקה היחידה לאנגלית כשפה זרה,41622-50,ב' - 4.00,ג',1600 - 2000,מ.ישראל-504,3
מחלקה היחידה לאנגלית כשפה זרה,41622-52,ב' - 4.00,ג',1600 - 2000,מ.ישראל-507,4
מחלקה היחידה לאנגלית כשפה זרה,41622-53,ב' - 4.00,ג',1600 - 2000,מ.ישראל-507,6
מחלקה היחידה לאנגלית כשפה זרה,41622-54,ב' - 4.00,ה',1600 - 2000,מ.ישראל-502,30
מחלקה היחידה לאנגלית כשפה זרה,41622-55,ב' - 4.00,ה',1600 - 2000,מ.ישראל-502,37
מחלקה היחידה לאנגלית כשפה זרה,41622-56,ב' - 4.00,ה',1600 - 2000,מ.ישראל-604,12
מחלקה היחידה לאנגלית כשפה זרה,41704-10,א' - 6.00,"ג',ה'","1700 - 2000
1700 - 2000","מ.ישראל-604
מ.ישראל-504","63
4"
מחלקה היחידה לאנגלית כשפה זרה,41704-20,א' - 6.00,"א',ו'","1300 - 1600
0800 - 1100","מ.ישראל-604
מ.ישראל-507","13
103"
מחלקה היחידה לאנגלית כשפה זרה,41714-10,א' - 4.00,ג',1600 - 2000,מ.ישראל-502,30
מחלקה היחידה לאנגלית כשפה זרה,41714-50,ב' - 4.00,ג',1600 - 2000,מ.ישראל-507,3
מחלקה היחידה לאנגלית כשפה זרה,41714-60,ב' - 4.00,א',1600 - 2000,מ.ישראל-504,5
מחלקה היחידה לאנגלית כשפה זרה,41722-50,ב' - 4.00,ג',1600 - 2000,מ.ישראל-507,209
מחלקה היחידה לאנגלית כשפה זרה,41722-51,ב' - 4.00,ג',1600 - 2000,מ.ישראל-507,5
מחלקה היחידה לאנגלית כשפה זרה,41891-01,"א' - 1.00
 ב' - 1.00",א',2000 - 2100,חדר מחלקה,מחלקה
מחלקה היחידה לאנגלית כשפה זרה,41891-02,"א' - 1.00
 ב' - 1.00",א',2100 - 2200,חדר מחלקה,מחלקה
מחלקה היחידה לאנגלית כשפה זרה,41891-03,"א' - 1.00
 ב' - 1.00",א',2200 - 2300,חדר מחלקה,מחלקה
מחלקה היחידה לאנגלית כשפה זרה,41904-01,"א' - 3.00
 ב' - 3.00",ג',"1700 - 2000
1700 - 2000","מ.ישראל-507
סטודנטים-105","102
61"
מחלקה היחידה לאנגלית כשפה זרה,41904-02,"א' - 3.00
 ב' - 3.00",ג',1800 - 2100,מ.ישראל-507,202
מחלקה היחידה לאנגלית כשפה זרה,41904-03,"א' - 3.00
 ב' - 3.00",ג',0800 - 1100,מ.ישראל-507,205
מחלקה היחידה לאנגלית כשפה זרה,41904-04,"א' - 3.00
 ב' - 3.00",ב',"1600 - 1900
1600 - 1900",מ.ישראל-507,"104
4"
מחלקה היחידה לאנגלית כשפה זרה,41904-05,"א' - 3.00
 ב' - 3.00",ג',0800 - 1100,חדר מחלקה,מחלקה
מחלקה היחידה לאנגלית כשפה זרה,41904-07,"א' - 3.00
 ב' - 3.00",ג',1600 - 1900,סטודנטים-105,106
מחלקה היחידה לאנגלית כשפה זרה,41904-08,"א' - 3.00
 ב' - 3.00",ג',1700 - 2000,מ.ישראל-505,4
מחלקה היחידה לאנגלית כשפה זרה,41904-09,"א' - 3.00
 ב' - 3.00",ב',"1200 - 1500
1200 - 1500","יהדות-403
מ.ישראל-604","2
11"
מחלקה היחידה לאנגלית כשפה זרה,41904-67,ב' - 6.00,ג',1600 - 1900,מ.ישראל-605,12
מחלקה היחידה לאנגלית כשפה זרה,41904-68,ב' - 6.00,ג',1700 - 2000,מ.ישראל-502,30
מחלקה היחידה לאנגלית כשפה זרה,41904-69,ב' - 6.00,ב',1600 - 1900,מ.ישראל-507,6
מחלקה היחידה לאנגלית כשפה זרה,41904-70,ב' - 6.00,ב',1700 - 2000,מ.ישראל-502,37
מחלקה היחידה לאנגלית כשפה זרה,41914-30,א' - 4.00,ג',1700 - 2100,מ.ישראל-507,204
מחלקה היחידה לאנגלית כשפה זרה,41914-31,א' - 4.00,ג',1800 - 2200,מ.ישראל-507,206
מחלקה היחידה לאנגלית כשפה זרה,41914-33,א' - 4.00,ג',1600 - 2000,מ.ישראל-507,207
מחלקה היחידה לאנגלית כשפה זרה,41914-34,א' - 4.00,ג',1600 - 2000,מ.ישראל-507,208
מחלקה היחידה לאנגלית כשפה זרה,41914-35,א' - 4.00,ג',1700 - 2100,מ.ישראל-507,4
מחלקה היחידה לאנגלית כשפה זרה,41914-36,א' - 4.00,ג',1700 - 2100,מ.ישראל-507,203
מחלקה היחידה לאנגלית כשפה זרה,41914-37,א' - 4.00,ב',1600 - 2000,מ.ישראל-507,5
מחלקה היחידה לאנגלית כשפה זרה,41914-38,א' - 4.00,ב',1600 - 2000,מ.ישראל-605,61
מחלקה היחידה לאנגלית כשפה זרה,41914-39,א' - 4.00,ב',1600 - 2000,חדר מחלקה,מחלקה
מחלקה היחידה לאנגלית כשפה זרה,41914-40,א' - 4.00,ב',1600 - 2000,יהדות-403,2
מחלקה היחידה לאנגלית כשפה זרה,41914-43,א' - 4.00,ב',1600 - 2000,יהדות-403,67
מחלקה היחידה לאנגלית כשפה זרה,41914-44,א' - 4.00,ב',1600 - 2000,סטודנטים-105,61
מחלקה היחידה לאנגלית כשפה זרה,41922-31,א' - 4.00,ג',1600 - 2000,מ.ישראל-505,1
מחלקה היחידה לאנגלית כשפה זרה,41922-32,א' - 4.00,ג',1700 - 2100,מ.ישראל-505,101
מחלקה היחידה לאנגלית כשפה זרה,41922-67,ב' - 4.00,ג',1700 - 2100,מ.ישראל-502,37
מחלקה היחידה לאנגלית כשפה זרה,41922-68,ב' - 4.00,ג',1800 - 2200,מ.ישראל-605,101
מחלקה היחידה לאנגלית כשפה זרה,41922-70,ב' - 4.00,ג',1700 - 2100,מ.ישראל-604,12
מחלקה היחידה לאנגלית כשפה זרה,41922-71,ב' - 4.00,ג',1700 - 2100,סטודנטים-105,105
מחלקה היחידה לאנגלית כשפה זרה,41922-72,ב' - 4.00,ב',1600 - 2000,יהדות-403,2
מחלקה היחידה לאנגלית כשפה זרה,41922-73,ב' - 4.00,ב',1600 - 2000,מ.ישראל-505,1
מחלקה היחידה לאנגלית כשפה זרה,41922-74,ב' - 4.00,ב',1600 - 2000,מ.ישראל-504,7
מחלקה היחידה לאנגלית כשפה זרה,41922-75,ב' - 4.00,ג',1600 - 2000,מ.ישראל-504,1
מחלקה היחידה לאנגלית כשפה זרה,41922-76,ב' - 4.00,ג',1600 - 2000,סטודנטים-105,5
מחלקה היחידה לאנגלית כשפה זרה,41922-77,ב' - 4.00,ב',1600 - 2000,טרם שובץ,טרם שובץ
מחלקה היחידה לאנגלית כשפה זרה,41922-79,ב' - 4.00,ב',1600 - 2000,מ.ישראל-504,3
מחלקה היחידה לאנגלית כשפה זרה,41922-80,ב' - 4.00,ב',1600 - 2000,מ.ישראל-507,3
מחלקה היחידה לאנגלית כשפה זרה,41922-81,ב' - 4.00,ב',1600 - 2000,מ.ישראל-507,201
מחלקה היחידה לאנגלית כשפה זרה,41922-82,ב' - 4.00,ב',1600 - 2000,מ.ישראל-507,105
מחלקה המחלקה לתרבות צרפת,43003-01,"א' - 2.00
 ב' - 2.00",ב',1200 - 1400,רוח-1004,203
מחלקה המחלקה לתרבות צרפת,43005-01,"א' - 2.00
 ב' - 2.00",ה',1000 - 1200,רוח-1004,402
מחלקה המחלקה לתרבות צרפת,43011-01,"א' - 2.00
 ב' - 2.00",ד',1600 - 1800,רוח-1004,212
מחלקה המחלקה לתרבות צרפת,43013-01,"א' - 2.00
 ב' - 2.00",ד',1800 - 2000,רוח-1004,212
מחלקה המחלקה לתרבות צרפת,43015-01,א' - 2.00,סוג מפגש קולוקו רשות,1600 - 1800,רוח-1004,402
מחלקה המחלקה לתרבות צרפת,43016-01,א' - 2.00,ג',1400 - 1600,רוח-1004,212
מחלקה המחלקה לתרבות צרפת,43017-01,א' - 2.00,ג',1800 - 2000,רוח-1004,402
מחלקה המחלקה לתרבות צרפת,43019-01,א' - 2.00,ה',1600 - 1800,רוח-1004,402
מחלקה המחלקה לתרבות צרפת,43022-01,ב' - 2.00,ג',1800 - 2000,רוח-1004,203
מחלקה המחלקה לתרבות צרפת,43023-01,ב' - 2.00,ה',1600 - 1800,רוח-1004,402
מחלקה המחלקה לתרבות צרפת,43071-01,א' - 2.00,ג',1000 - 1200,רוח-1004,203
מחלקה המחלקה לתרבות צרפת,43082-01,א' - 2.00,ד',1000 - 1200,רוח-1004,203
מחלקה המחלקה לתרבות צרפת,43094-01,א' - 2.00,ה',1400 - 1600,רוח-1004,402
מחלקה המחלקה לתרבות צרפת,43126-01,א' - 2.00,ה',1200 - 1400,רוח-1004,402
מחלקה המחלקה לתרבות צרפת,43143-01,א' - 4.00,ד',1600 - 2000,רוח-1004,402
מחלקה המחלקה לתרבות צרפת,43144-01,ב' - 4.00,ד',1600 - 2000,רוח-1004,402
מחלקה המחלקה לתרבות צרפת,43145-01,א' - 4.00,ב',1200 - 1600,רוח-1004,402
מחלקה המחלקה לתרבות צרפת,43146-01,ב' - 4.00,ב',1200 - 1600,רוח-1004,402
מחלקה המחלקה לתרבות צרפת,43147-01,א' - 4.00,ב',1600 - 2000,רוח-1004,402
מחלקה המחלקה לתרבות צרפת,43148-01,ב' - 4.00,ב',1600 - 2000,רוח-1004,402
מחלקה המחלקה לתרבות צרפת,43200-01,"א' - 2.00
 ב' - 2.00",ד',1400 - 1600,רוח-1004,402
מחלקה המחלקה לתרבות צרפת,43206-01,"א' - 2.00
 ב' - 2.00",ג',1400 - 1600,רוח-1004,305
מחלקה המחלקה לתרבות צרפת,43246-01,"א' - 2.00
 ב' - 2.00",ג',1200 - 1400,רוח-1004,212
מחלקה המחלקה לתרבות צרפת,43490-01,"א' - 2.00
 ב' - 2.00",ב',1400 - 1600,רוח-1004,212
מחלקה המחלקה ללימודים קלאסיים,460011-01,"א' - 4.00
 ב' - 4.00","א',ג'","1000 - 1200
1200 - 1400","רוח-1004
רוח-1002","305
102"
מחלקה המחלקה ללימודים קלאסיים,460011-02,א' - 2.00,א',1800 - 2000,נלמד בזום,999
מחלקה המחלקה ללימודים קלאסיים,460051-01,"א' - 4.00
 ב' - 4.00","א',ג'","1200 - 1400
1200 - 1400
1000 - 1200","נלמד בזום
רוח-1002
מ.ישראל-507","999
203
2"
מחלקה המחלקה ללימודים קלאסיים,461006-01,א' - 2.00,א',1800 - 2000,נלמד בזום,999
מחלקה המחלקה ללימודים קלאסיים,461008-01,א' - 2.00,ב',1200 - 1400,נלמד בזום,999
מחלקה המחלקה ללימודים קלאסיים,461009-01,"א' - 2.00
 ב' - 2.00",ב',1600 - 1800,נלמד בזום,999
מחלקה המחלקה ללימודים קלאסיים,462103-01,א' - 2.00,א',1000 - 1200,מ.ישראל-504,1
מחלקה המחלקה ללימודים קלאסיים,462104-01,ב' - 2.00,א',1000 - 1200,חברה-902,102
מחלקה המחלקה ללימודים קלאסיים,463035-01,ב' - 2.00,א',1200 - 1400,חברה-902,104
מחלקה המחלקה ללימודים קלאסיים,463500-01,א' - 2.00,ג',1400 - 1600,רוח-1002,202
מחלקה המחלקה ללימודים קלאסיים,463750-01,"א' - 2.00
 ב' - 2.00",ג',1600 - 1800,רוח-1002,202
מחלקה המחלקה ללימודים קלאסיים,464310-01,"א' - 2.00
 ב' - 2.00",ב',1200 - 1400,מ.ישראל-507,1
מחלקה המחלקה ללימודים קלאסיים,464610-01,"א' - 2.00
 ב' - 2.00",א',1600 - 1800,נלמד בזום,999
מחלקה המחלקה ללימודים קלאסיים,465005-01,א' - 2.00,ב',1400 - 1600,רוח-1004,407
מחלקה המחלקה ללימודים קלאסיים,465015-01,"א' - 2.00
 ב' - 2.00",ד',1700 - 1900,נלמד בזום,999
מחלקה המחלקה ללימודים קלאסיים,465016-01,"א' - 2.00
 ב' - 2.00",ג',1000 - 1200,רוח-1004,402
מחלקה המחלקה ללימודים קלאסיים,465020-01,ב' - 2.00,ב',1400 - 1600,מ.ישראל-504,5
מחלקה המחלקה ללימודים קלאסיים,465021-01,ב' - 2.00,ב',1600 - 1800,מ.ישראל-502,9
מחלקה המחלקה ללימודים קלאסיים,465051-01,א' - 2.00,א',1200 - 1400,מ.ישראל-605,101
מחלקה המחלקה ללימודים קלאסיים,465052-01,ב' - 2.00,א',1200 - 1400,מ.ישראל-605,101
מחלקה המחלקה ללימודים קלאסיים,465113-01,ב' - 2.00,א',1400 - 1600,רוח-1002,202
מחלקה המחלקה למוזיקה,471021-01,א' - 2.00,א',1400 - 1600,רוח-1005,111
מחלקה המחלקה למוזיקה,471022-01,ב' - 2.00,ג',1400 - 1600,רוח-1005,19
מחלקה המחלקה למוזיקה,47110-01,"א' - 2.00
 ב' - 2.00",א',1000 - 1200,רוח-1005,111
מחלקה המחלקה למוזיקה,47110-02,"א' - 1.00
 ב' - 1.00",א',1200 - 1300,רוח-1005,111
מחלקה המחלקה למוזיקה,47118-01,א' - 2.00,ג',1200 - 1400,רוח-1005,109
מחלקה המחלקה למוזיקה,47119-01,ב' - 2.00,ג',1100 - 1300,רוח-1005,109
מחלקה המחלקה למוזיקה,47129-01,"א' - 2.00
 ב' - 2.00","פרטי קורס  עבודת אולפן ויישומי אודיו הסאונד כמד אמנותי
קוד קורס 47129-01
שם קורס באנגלית Studio Work and Audio Applications
מחלקה המחלקה למוזיקה
פקולטה מדעי הרוח
סוג מפגש סדנה
מרצה ד""ר אלעד שניידרמן
שעות סמסטר א' - 2.00
סמסטר ב' - 2.00
נ""ז 4.00
הערה
 ג'
שעה 1600 - 1800
בניין
רוח-1005
חדר
19
אפיונים מודל - אתר מלווה קורס
תאריכי בחינות",1600 - 1800,רוח-1005,19
מחלקה המחלקה למוזיקה,47200-01,"א' - 2.00
 ב' - 2.00",ג',1200 - 1400,רוח-1005,111
מחלקה המחלקה למוזיקה,47200-02,"א' - 1.00
 ב' - 1.00",ג',1400 - 1500,רוח-1005,111
מחלקה המחלקה למוזיקה,47202-01,"א' - 2.00
 ב' - 2.00",ה',1000 - 1200,רוח-1005,19
מחלקה המחלקה למוזיקה,47203-01,"א' - 2.00
 ב' - 2.00",ה',1200 - 1400,רוח-1005,19
מחלקה המחלקה למוזיקה,47204-01,"א' - 2.00
 ב' - 2.00",ג',1600 - 1800,רוח-1005,111
מחלקה המחלקה למוזיקה,47205-01,"א' - 2.00
 ב' - 2.00",ה',1400 - 1600,רוח-1005,19
מחלקה המחלקה למוזיקה,47206-01,"א' - 2.00
 ב' - 2.00",ה',1600 - 1800,רוח-1005,19
מחלקה המחלקה למוזיקה,47208-01,א' - 2.00,ב',1600 - 1800,רוח-1005,111
מחלקה המחלקה למוזיקה,47217-01,א' - 2.00,ד',1600 - 1800,רוח-1005,19
מחלקה המחלקה למוזיקה,47222-02,"א' - 1.00
 ב' - 1.00",ג',2000 - 2100,רוח-1005,112
מחלקה המחלקה למוזיקה,47227-01,א' - 2.00,ג',1400 - 1600,רוח-1005,19
מחלקה המחלקה למוזיקה,47228-01,ב' - 2.00,ב',1000 - 1200,רוח-1005,111
מחלקה המחלקה למוזיקה,47242-01,ב' - 2.00,ד',1600 - 1800,רוח-1005,109
מחלקה המחלקה למוזיקה,47245-01,א' - 2.00,ב',1200 - 1400,רוח-1005,109
מחלקה המחלקה למוזיקה,47339-01,ב' - 2.00,ב',0800 - 1000,רוח-1005,109
מחלקה המחלקה למוזיקה,47348-01,א' - 2.00,ה',1300 - 1500,רוח-1005,111
מחלקה המחלקה למוזיקה,47378-01,ב' - 2.00,ב',1600 - 1800,רוח-1005,108
מחלקה המחלקה למוזיקה,47379-01,ב' - 3.00,ג',1300 - 1600,רוח-1005,109
מחלקה המחלקה למוזיקה,47380-01,א' - 2.00,ג',1000 - 1200,רוח-1005,112
מחלקה המחלקה למוזיקה,47381-01,ב' - 2.00,ב',1800 - 2000,רוח-1005,201
מחלקה המחלקה למוזיקה,47382-01,א' - 2.00,ב',1400 - 1600,רוח-1005,112
מחלקה המחלקה למוזיקה,47402-01,א' - 2.00,ג',0800 - 1000,רוח-1005,111
מחלקה המחלקה למוזיקה,47442-01,ב' - 3.00,ב',1300 - 1600,רוח-1005,111
מחלקה המחלקה למוזיקה,47443-01,א' - 3.00,ב',0900 - 1200,רוח-1005,109
מחלקה המחלקה למוזיקה,47445-01,ב' - 3.00,ג',0800 - 1100,רוח-1005,109
מחלקה המחלקה למוזיקה,47450-01,ב' - 2.00,ד',0800 - 1000,רוח-1005,109
מחלקה המחלקה למוזיקה,47524-01,"א' - 2.00
 ב' - 2.00",ג',1600 - 1800,רוח-1005,109
מחלקה המחלקה למוזיקה,47541-01,"א' - 2.00
 ב' - 2.00",ג',1800 - 2000,רוח-1005,111
מחלקה המחלקה למוזיקה,47544-01,"א' - 2.00
 ב' - 2.00",ג',1600 - 1800,רוח-1005,109
מחלקה המחלקה למוזיקה,47561-01,"א' - 2.00
 ב' - 2.00",ג',1800 - 2000,רוח-1005,111
מחלקה המחלקה למוזיקה,47571-01,"א' - 2.00
 ב' - 2.00",ג',1800 - 2000,רוח-1005,111
מחלקה המחלקה למוזיקה,47611-01,א' - 3.00,ג',1200 - 1500,רוח-1005,108
מחלקה המחלקה למוזיקה,476155-01,ב' - 2.00,ב',1300 - 1500,רוח-1005,109
מחלקה המחלקה למוזיקה,47777-01,א' - 2.00,ב',1400 - 1600,רוח-1005,111
מחלקה המחלקה למוזיקה,47781-01,ב' - 3.00,ב',1000 - 1300,רוח-1005,109
מחלקה המחלקה למוזיקה,47785-01,"א' - 2.00
 ב' - 0.00",ב',1400 - 1600,רוח-1005,209
מחלקה המחלקה למוזיקה,47786-01,"א' - 0.00
 ב' - 2.00",ב',0800 - 1000,רוח-1005,209
מחלקה המחלקה למוזיקה,47790-01,"א' - 2.00
 ב' - 0.00",ב',1000 - 1200,רוח-1005,209
מחלקה המחלקה למוזיקה,47791-01,ב' - 2.00,ב',2000 - 2200,רוח-1005,209
מחלקה המחלקה למוזיקה,478210-01,"א' - 2.00
 ב' - 2.00",ה',1000 - 1200,רוח-1005,19
מחלקה המחלקה למוזיקה,478430-01,"א' - 2.00
 ב' - 2.00",ה',1200 - 1400,רוח-1005,19
מחלקה המחלקה למוזיקה,47867-01,"א' - 2.00
 ב' - 2.00",ג',1200 - 1400,רוח-1005,201
מחלקה המחלקה למוזיקה,47885-01,"א' - 2.00
 ב' - 2.00",ב',2000 - 2200,נלמד בזום,999
מחלקה המחלקה למוזיקה,478860-01,"א' - 2.00
 ב' - 2.00",ה',1800 - 2000,רוח-1005,19
מחלקה המחלקה למוזיקה,47894-01,"א' - 2.00
 ב' - 2.00",ה',1400 - 1600,רוח-1005,19
מחלקה המחלקה למוזיקה,47897-01,"א' - 2.00
 ב' - 2.00",ה',1600 - 1800,רוח-1005,19
מחלקה המחלקה למוזיקה,47900-01,א' - 2.00,"פרטי קורס  קולקו 1
קוד קורס 47900-01
שם קורס באנגלית Colloquium 1
מחלקה המחלקה למוזיקה
פקולטה מדעי הרוח
סוג מפגש קולוקו חובה
מרצה פרופ' אבי גלבוע
שעות סמסטר א' - 2.00
נ""ז 1.00
הערה
 ב'
שעה 1600 - 1800
בניין
רוח-1005
חדר
109
אפיונים מודל - אתר מלווה קורס
תאריכי בחינות",1600 - 1800,רוח-1005,109
מחלקה המחלקה למוזיקה,47912-01,א' - 2.00,ב',1200 - 1400,רוח-1005,109
מחלקה המחלקה למוזיקה,47913-01,ב' - 2.00,"פרטי קורס  קולקוו 2
קוד קורס 47913-01
שם קורס באנגלית Colloquium 2
מחלקה המחלקה למוזיקה
פקולטה מדעי הרוח
סוג מפגש קולוקו חובה
מרצה פרופ' אבי גלבוע
שעות סמסטר ב' - 2.00
נ""ז 1.00
הערה
 ב'
שעה 1600 - 1800
בניין
רוח-1005
חדר
109
אפיונים מודל - אתר מלווה קורס
תאריכי בחינות",1600 - 1800,רוח-1005,109
מחלקה המחלקה למוזיקה,47916-01,א' - 2.00,"פרטי קורס  קולוקוו 3
קוד קורס 47916-01
שם קורס באנגלית Colloquium 3
מחלקה המחלקה למוזיקה
פקולטה מדעי הרוח
סוג מפגש קולוקו חובה
מרצה פרופ' אבי גלבוע
שעות סמסטר א' - 2.00
נ""ז 1.00
הערה
 ב'
שעה 1600 - 1800
בניין
רוח-1005
חדר
109
אפיונים מודל - אתר מלווה קורס
תאריכי בחינות",1600 - 1800,רוח-1005,109
מחלקה המחלקה למוזיקה,47917-01,ב' - 2.00,"פרטי קורס  קולוקוו 4
קוד קורס 47917-01
שם קורס באנגלית Colloquium 4
מחלקה המחלקה למוזיקה
פקולטה מדעי הרוח
סוג מפגש קולוקו חובה
מרצה פרופ' אבי גלבוע
שעות סמסטר ב' - 2.00
נ""ז 1.00
הערה
 ב'
שעה 1600 - 1800
בניין
רוח-1005
חדר
109
אפיונים מודל - אתר מלווה קורס
תאריכי בחינות",1600 - 1800,רוח-1005,109
מחלקה המחלקה למוזיקה,47920-01,א' - 2.00,ג',1800 - 2000,רוח-1005,201
מחלקה המחלקה למוזיקה,47921-01,א' - 2.00,ב',1200 - 1400,רוח-1005,209
מחלקה המחלקה למוזיקה,47927-01,ב' - 2.00,ג',1600 - 1800,רוח-1005,201
מחלקה המחלקה למוזיקה,47928-01,א' - 2.00,ב',1800 - 2000,רוח-1005,207
מחלקה המחלקה למוזיקה,47929-01,ב' - 2.00,ב',1800 - 2000,רוח-1005,207
מחלקה המחלקה למוזיקה,47940-01,"א' - 2.00
 ב' - 2.00",ב',1400 - 1600,רוח-1005,201
מחלקה המחלקה למוזיקה,47955-01,"א' - 2.00
 ב' - 2.00",ב',1000 - 1200,רוח-1005,203
מחלקה המחלקה למוזיקה,47960-01,א' - 2.00,ג',1000 - 1200,רוח-1005,201
מחלקה המחלקה למוזיקה,47963-01,"א' - 2.00
 ב' - 2.00","ג',ב'","1400 - 1600
1200 - 1400",רוח-1005,201
מחלקה המחלקה למוזיקה,47965-01,ב' - 2.00,ג',1400 - 1600,רוח-1005,201
מחלקה המחלקה למוזיקה,47979-01,ב' - 2.00,ג',1800 - 2000,רוח-1005,201
מחלקה המחלקה למוזיקה,47983-01,"א' - 2.00
 ב' - 2.00",ג',"1600 - 1800
1000 - 1200",רוח-1005,201
מחלקה המחלקה לתרגום וחקר התרגום,50007-01,א' - 2.00,א',1200 - 1400,רוח-1004,407
מחלקה המחלקה לתרגום וחקר התרגום,50020-01,"א' - 2.00
 ב' - 2.00",א',1600 - 1800,רוח-1004,212
מחלקה המחלקה לתרגום וחקר התרגום,50038-01,א' - 2.00,א',0800 - 1000,רוח-1004,212
מחלקה המחלקה לתרגום וחקר התרגום,50049-01,א' - 2.00,א',1400 - 1600,רוח-1004,212
מחלקה המחלקה לתרגום וחקר התרגום,50054-01,ב' - 2.00,א',1000 - 1200,נלמד בזום,999
מחלקה המחלקה לתרגום וחקר התרגום,50058-01,ב' - 2.00,א',0800 - 1000,רוח-1004,212
מחלקה המחלקה לתרגום וחקר התרגום,50088-01,ב' - 2.00,ד',1200 - 1400,נלמד בזום,999
מחלקה המחלקה לתרגום וחקר התרגום,50098-01,ב' - 2.00,א',1800 - 2000,נלמד בזום,999
מחלקה המחלקה לתרגום וחקר התרגום,50102-01,ב' - 2.00,א',1200 - 1400,רוח-1004,406
מחלקה המחלקה לתרגום וחקר התרגום,50119-01,א' - 2.00,א',1400 - 1600,חדר מחלקה,מחלקה
מחלקה המחלקה לתרגום וחקר התרגום,50120-01,א' - 2.00,ד',1200 - 1400,נלמד בזום,999
מחלקה המחלקה לתרגום וחקר התרגום,50706-01,"א' - 2.00
 ב' - 2.00",א',1000 - 1200,רוח-1004,212
מחלקה המחלקה לתרגום וחקר התרגום,50717-01,"א' - 2.00
 ב' - 2.00",א',1000 - 1200,רוח-1004,406
מחלקה המחלקה לתרגום וחקר התרגום,50719-01,"א' - 2.00
 ב' - 2.00",א',"1400 - 1600
1400 - 1600",רוח-1004,406
מחלקה המחלקה לתרגום וחקר התרגום,50726-01,"א' - 2.00
 ב' - 2.00",א',"0800 - 1000
0800 - 1000",רוח-1004,203
מחלקה המחלקה לתרגום וחקר התרגום,50746-01,א' - 2.00,א',1800 - 2000,רוח-1004,212
מחלקה המחלקה לתרגום וחקר התרגום,50747-01,ב' - 2.00,א',1800 - 2000,חדר מחלקה,מחלקה
מחלקה המחלקה לתרגום וחקר התרגום,50748-01,"א' - 2.00
 ב' - 2.00",א',1400 - 1600,רוח-1005,207
מחלקה המחלקה לתרגום וחקר התרגום,50750-01,"א' - 2.00
 ב' - 2.00",א',1200 - 1400,רוח-1004,203
מחלקה המחלקה לתרגום וחקר התרגום,50817-01,"א' - 2.00
 ב' - 2.00",ג',1400 - 1600,רוח-1004,406
מחלקה המחלקה לתרגום וחקר התרגום,50817-01,"א' - 2.00
 ב' - 2.00",ג',1400 - 1600,רוח-1004,406
מחלקה המחלקה לתרגום וחקר התרגום,50821-01,ב' - 2.00,ג',1000 - 1200,רוח-1004,406
מחלקה המחלקה לתרגום וחקר התרגום,50824-01,"א' - 2.00
 ב' - 2.00",ג',1200 - 1400,רוח-1004,203
מחלקה המחלקה לתרגום וחקר התרגום,50826-01,"א' - 2.00
 ב' - 2.00",ג',1600 - 1800,רוח-1004,203
מחלקה המחלקה לתרגום וחקר התרגום,50913-01,"א' - 2.00
 ב' - 2.00",ד',1600 - 1800,נלמד בזום,999
מחלקה המחלקה לתרגום וחקר התרגום,50917-01,"א' - 2.00
 ב' - 2.00",ד',1400 - 1600,נלמד בזום,999
מחלקה המחלקה לתרגום וחקר התרגום,50987-01,"א' - 2.00
 ב' - 2.00",א',"1600 - 1800
1600 - 1800",רוח-1004,203
מחלקה ב.א. רב-תחומי במדעי הרוח,541000-01,א' - 2.00,א',1200 - 1400,רוח-1002,405
מחלקה ב.א. רב-תחומי במדעי הרוח,541001-01,"א' - 2.00
 ב' - 2.00",א',1400 - 1600,רוח-1002,405
מחלקה ב.א. רב-תחומי במדעי הרוח,541002-01,א' - 2.00,א',1600 - 1800,חברה-902,210
מחלקה ב.א. רב-תחומי במדעי הרוח,541003-01,א' - 2.00,ב',1600 - 1800,חדר מחלקה,מחלקה
מחלקה ב.א. רב-תחומי במדעי הרוח,541129-01,א' - 4.00,ב',1000 - 1400,מ.ישראל-508,7
מחלקה ב.א. רב-תחומי במדעי הרוח,541135-01,א' - 2.00,ג',1600 - 1800,חדר מחלקה,מחלקה
מחלקה ב.א. רב-תחומי במדעי הרוח,541142-01,ב' - 2.00,ג',1600 - 1800,מ.ישראל-502,8
מחלקה ב.א. רב-תחומי במדעי הרוח,54209-01,"א' - 2.00
 ב' - 2.00",ב',0800 - 1000,מ.ישראל-605,104
מחלקה ב.א. רב-תחומי במדעי הרוח,54213-01,א' - 2.00,א',1600 - 1800,רוח-1002,61
מחלקה ב.א. רב-תחומי במדעי הרוח,54217-01,א' - 4.00,"א',ג'","1000 - 1200
1200 - 1400","מ.ישראל-507
מ.ישראל-504","4
2"
מחלקה ב.א. רב-תחומי במדעי הרוח,54218-01,ב' - 4.00,א',1000 - 1400,רוח-1002,202
מחלקה ב.א. רב-תחומי במדעי הרוח,54219-01,א' - 2.00,ד',1800 - 2000,מ.ישראל-502,6
מחלקה ב.א. רב-תחומי במדעי הרוח,54221-01,"א' - 2.00
 ב' - 2.00",ג',1000 - 1200,מ.ישראל-504,2
מחלקה ב.א. רב-תחומי במדעי הרוח,54223-01,א' - 2.00,ד',1000 - 1200,מ.ישראל-508,7
מחלקה ב.א. רב-תחומי במדעי הרוח,54224-01,ב' - 2.00,ד',1000 - 1200,מ.ישראל-502,7
מחלקה ב.א. רב-תחומי במדעי הרוח,54225-01,"א' - 2.00
 ב' - 2.00",ד',"1600 - 1800
1600 - 1800","מ.ישראל-505
מ.ישראל-604","4
105"
מחלקה ב.א. רב-תחומי במדעי הרוח,54226-01,ב' - 2.00,ג',1200 - 1400,מ.ישראל-502,8
מחלקה ב.א. רב-תחומי במדעי הרוח,543100-01,ב' - 2.00,ב',1600 - 1800,רוח-1002,1
מחלקה ב.א. רב-תחומי במדעי הרוח,54403-01,"א' - 4.00
 ב' - 4.00","ב',ד'","0800 - 1000
1600 - 1800",מ.ישראל-502,"7
9"
מחלקה ב.א. רב-תחומי במדעי הרוח,54407-01,ב' - 4.00,ג',1000 - 1400,מ.ישראל-502,9
מחלקה ב.א. רב-תחומי במדעי הרוח,54408-01,א' - 4.00,ג',0800 - 1200,רוח-1005,109
מחלקה ב.א. רב-תחומי במדעי הרוח,54409-01,ב' - 4.00,א',1000 - 1400,חברה-902,103
מחלקה ב.א. רב-תחומי במדעי הרוח,54415-01,ב' - 2.00,ב',1400 - 1600,רוח-1002,61
מחלקה ב.א. רב-תחומי במדעי הרוח,54424-01,ב' - 4.00,ב',1000 - 1400,מ.ישראל-502,37
מחלקה ב.א. רב-תחומי במדעי הרוח,54426-01,א' - 4.00,א',1200 - 1600,חברה-902,201
מחלקה ב.א. רב-תחומי במדעי הרוח,54441-01,א' - 2.00,א',1800 - 2000,מ.ישראל-604,205
מחלקה ב.א. רב-תחומי במדעי הרוח,54500-01,"א' - 4.00
 ב' - 4.00","ב',ד'","1400 - 1600
1600 - 1800",מ.ישראל-505,63
מחלקה ב.א. רב-תחומי במדעי הרוח,54502-01,"א' - 4.00
 ב' - 4.00","ב',ד'","1600 - 1800
1400 - 1600","מ.ישראל-504
משפטים-305","5
132"
מחלקה ב.א. רב-תחומי במדעי הרוח,54506-01,א' - 4.00,ב',1000 - 1400,מ.ישראל-604,63
מחלקה ב.א. רב-תחומי במדעי הרוח,54534-01,ב' - 4.00,ב',1000 - 1400,רוח-1002,61
מחלקה ב.א. רב-תחומי במדעי הרוח,54550-01,א' - 4.00,ג',1600 - 2000,מ.ישראל-605,14
מחלקה ב.א. רב-תחומי במדעי הרוח,54554-01,ב' - 4.00,ג',1600 - 2000,מ.ישראל-505,105
מחלקה ב.א. רב-תחומי במדעי הרוח,54560-01,"א' - 4.00
 ב' - 4.00","א',ד'","1200 - 1400
1600 - 1800",מ.ישראל-502,"24
25"
מחלקה ב.א. רב-תחומי במדעי הרוח,54564-01,"א' - 4.00
 ב' - 4.00","א',ד'","1400 - 1600
1400 - 1600
1400 - 1600","מ.ישראל-504
מ.ישראל-505","5
103
2"
מחלקה ב.א. רב-תחומי במדעי הרוח,54625-01,ב' - 4.00,א',1400 - 1800,חדר מחלקה,מחלקה
מחלקה ב.א. רב-תחומי במדעי הרוח,54639-01,א' - 2.00,ד',1200 - 1400,מ.ישראל-502,6
מחלקה ב.א. רב-תחומי במדעי הרוח,54725-01,א' - 4.00,ד',1600 - 2000,רוח-1002,202
מחלקה ב.א. רב-תחומי במדעי הרוח,54726-01,"א' - 2.00
 ב' - 2.00",א',1600 - 1800,יהדות-404,68
מחלקה ב.א. רב-תחומי במדעי הרוח,54801-01,"א' - 2.00
 ב' - 2.00",סוג מפגש קולוקו חובה,1400 - 1600,מ.ישראל-502,7
מחלקה המחלקה לניהול,55002-01,א' - 2.00,ב',0800 - 1000,מ.ישראל-507,202
מחלקה המחלקה לניהול,55002-02,א' - 1.00,ב',1000 - 1100,מ.ישראל-507,202
מחלקה המחלקה לניהול,55002-03,א' - 2.00,ב',1100 - 1300,מ.ישראל-507,202
מחלקה המחלקה לניהול,55002-04,א' - 1.00,ב',1300 - 1400,מ.ישראל-507,202
מחלקה המחלקה לניהול,55003-01,ב' - 2.00,ב',0800 - 1000,מ.ישראל-507,209
מחלקה המחלקה לניהול,55003-02,ב' - 1.00,ב',1000 - 1100,מ.ישראל-507,209
מחלקה המחלקה לניהול,55003-03,ב' - 2.00,ב',1100 - 1300,מ.ישראל-507,209
מחלקה המחלקה לניהול,55003-04,ב' - 1.00,ב',1300 - 1400,מ.ישראל-507,209
מחלקה המחלקה לניהול,55003-05,א' - 2.00,א',1000 - 1200,מ.ישראל-604,105
מחלקה המחלקה לניהול,55003-06,א' - 1.00,א',1200 - 1300,מ.ישראל-604,105
מחלקה המחלקה לניהול,55004-01,א' - 3.00,ב',0800 - 1100,מ.ישראל-507,206
מחלקה המחלקה לניהול,55004-02,א' - 3.00,ב',1100 - 1400,מ.ישראל-507,206
מחלקה המחלקה לניהול,55004-03,א' - 3.00,ו',1100 - 1400,מ.ישראל-507,108
מחלקה המחלקה לניהול,55005-01,ב' - 2.00,ב',1100 - 1300,מ.ישראל-507,208
מחלקה המחלקה לניהול,55005-02,ב' - 2.00,ב',1400 - 1600,מ.ישראל-507,108
מחלקה המחלקה לניהול,55005-03,ב' - 2.00,א',0900 - 1100,מ.ישראל-504,5
מחלקה המחלקה לניהול,55005-06,ב' - 2.00,ו',0800 - 1000,מ.ישראל-604,104
מחלקה המחלקה לניהול,55006-01,ב' - 2.00,א',1200 - 1400,מ.ישראל-507,207
מחלקה המחלקה לניהול,55006-02,ב' - 2.00,ב',1300 - 1500,מ.ישראל-507,208
מחלקה המחלקה לניהול,55006-03,ב' - 2.00,ו',1000 - 1200,מ.ישראל-507,203
מחלקה המחלקה לניהול,55006-06,ב' - 2.00,א',1400 - 1600,מ.ישראל-504,5
מחלקה המחלקה לניהול,55007-01,א' - 2.00,ב',1100 - 1300,מ.ישראל-604,61
מחלקה המחלקה לניהול,55007-02,א' - 1.00,ב',1300 - 1400,מ.ישראל-604,61
מחלקה המחלקה לניהול,55007-03,א' - 2.00,ב',1400 - 1600,מ.ישראל-604,61
מחלקה המחלקה לניהול,55007-04,א' - 1.00,ב',1600 - 1700,מ.ישראל-604,61
מחלקה המחלקה לניהול,55008-01,ב' - 2.00,ב',1100 - 1300,מ.ישראל-507,207
מחלקה המחלקה לניהול,55008-02,ב' - 1.00,ב',1300 - 1400,מ.ישראל-507,207
מחלקה המחלקה לניהול,55008-03,ב' - 2.00,ב',1400 - 1600,מ.ישראל-507,207
מחלקה המחלקה לניהול,55008-04,ב' - 1.00,ב',1600 - 1700,מ.ישראל-507,207
מחלקה המחלקה לניהול,55009-01,א' - 2.00,ב',1100 - 1300,מ.ישראל-507,209
מחלקה המחלקה לניהול,55009-02,א' - 1.00,ב',1300 - 1400,מ.ישראל-507,209
מחלקה המחלקה לניהול,55009-03,ב' - 2.00,ג',1300 - 1500,מ.ישראל-505,101
מחלקה המחלקה לניהול,55009-04,ב' - 1.00,ג',1500 - 1600,מ.ישראל-505,101
מחלקה המחלקה לניהול,55009-05,א' - 2.00,ו',0800 - 1000,מ.ישראל-507,203
מחלקה המחלקה לניהול,55009-06,א' - 1.00,ו',1000 - 1100,מ.ישראל-507,203
מחלקה המחלקה לניהול,55009-07,א' - 2.00,ו',1100 - 1300,מ.ישראל-507,203
מחלקה המחלקה לניהול,55009-08,א' - 1.00,ו',1300 - 1400,מ.ישראל-507,203
מחלקה המחלקה לניהול,55011-01,ב' - 2.00,א',1500 - 1700,מ.ישראל-505,201
מחלקה המחלקה לניהול,55011-02,ב' - 1.00,א',1700 - 1800,מ.ישראל-505,201
מחלקה המחלקה לניהול,55011-03,ב' - 2.00,ב',1600 - 1800,מ.ישראל-505,202
מחלקה המחלקה לניהול,55011-04,ב' - 1.00,ב',1800 - 1900,מ.ישראל-505,201
מחלקה המחלקה לניהול,55011-05,א' - 2.00,ו',0800 - 1000,מ.ישראל-505,202
מחלקה המחלקה לניהול,55011-06,א' - 1.00,ו',1000 - 1100,מ.ישראל-505,202
מחלקה המחלקה לניהול,55011-07,א' - 2.00,ו',1100 - 1300,מ.ישראל-505,202
מחלקה המחלקה לניהול,55011-08,א' - 1.00,ו',1300 - 1400,מ.ישראל-505,202
מחלקה המחלקה לניהול,55011-13,א' - 2.00,א',1600 - 1800,מ.ישראל-505,201
מחלקה המחלקה לניהול,55011-14,א' - 1.00,א',1800 - 1900,מ.ישראל-505,201
מחלקה המחלקה לניהול,55011-15,א' - 1.00,א',0900 - 1000,מ.ישראל-505,201
מחלקה המחלקה לניהול,55015-01,א' - 2.00,א',1600 - 1800,מ.ישראל-507,5
מחלקה המחלקה לניהול,55015-02,א' - 1.00,א',1800 - 1900,מ.ישראל-507,5
מחלקה המחלקה לניהול,55015-03,א' - 2.00,ב',1400 - 1600,מ.ישראל-507,209
מחלקה המחלקה לניהול,55015-04,א' - 1.00,ב',1600 - 1700,מ.ישראל-507,209
מחלקה המחלקה לניהול,55016-01,ב' - 2.00,א',1200 - 1400,מ.ישראל-504,3
מחלקה המחלקה לניהול,55016-02,ב' - 1.00,א',1400 - 1500,מ.ישראל-504,3
מחלקה המחלקה לניהול,55016-03,ב' - 2.00,ב',0800 - 1000,מ.ישראל-507,207
מחלקה המחלקה לניהול,55016-04,ב' - 1.00,ב',1000 - 1100,מ.ישראל-507,207
מחלקה המחלקה לניהול,55016-05,ב' - 2.00,א',1100 - 1300,מ.ישראל-504,5
מחלקה המחלקה לניהול,55016-06,ב' - 1.00,א',1300 - 1400,מ.ישראל-504,5
מחלקה המחלקה לניהול,55019-01,ב' - 2.00,ג',1600 - 1800,מ.ישראל-505,101
מחלקה המחלקה לניהול,55019-02,ב' - 1.00,ג',1800 - 1900,מ.ישראל-505,101
מחלקה המחלקה לניהול,55020-01,א' - 2.00,ג',1600 - 1800,מ.ישראל-604,13
מחלקה המחלקה לניהול,55020-02,א' - 1.00,ג',1800 - 1900,מ.ישראל-604,13
מחלקה המחלקה לניהול,55021-01,א' - 2.00,ג',1400 - 1600,מ.ישראל-505,103
מחלקה המחלקה לניהול,55022-01,ב' - 2.00,ג',1900 - 2100,מ.ישראל-505,101
מחלקה המחלקה לניהול,55023-01,ב' - 2.00,ד',1500 - 1700,מ.ישראל-505,204
מחלקה המחלקה לניהול,55023-02,ב' - 1.00,ד',1700 - 1800,מ.ישראל-505,204
מחלקה המחלקה לניהול,55024-01,א' - 2.00,ג',1100 - 1300,מ.ישראל-507,202
מחלקה המחלקה לניהול,55026-01,א' - 2.00,ב',1400 - 1600,מ.ישראל-507,206
מחלקה המחלקה לניהול,55026-02,א' - 1.00,ב',1600 - 1700,מ.ישראל-507,206
מחלקה המחלקה לניהול,55027-01,ב' - 2.00,ג',1600 - 1800,מ.ישראל-505,1
מחלקה המחלקה לניהול,55027-02,ב' - 1.00,ג',1800 - 1900,מ.ישראל-505,1
מחלקה המחלקה לניהול,55027-03,א' - 2.00,ד',1500 - 1700,מ.ישראל-505,1
מחלקה המחלקה לניהול,55027-04,א' - 1.00,ד',1700 - 1800,מ.ישראל-505,1
מחלקה המחלקה לניהול,55028-01,ב' - 2.00,ב',1400 - 1600,מ.ישראל-507,209
מחלקה המחלקה לניהול,55028-02,ב' - 1.00,ב',1600 - 1700,מ.ישראל-507,209
מחלקה המחלקה לניהול,55028-03,ב' - 2.00,ו',0800 - 1000,מ.ישראל-507,202
מחלקה המחלקה לניהול,55028-04,ב' - 1.00,ו',1000 - 1100,מ.ישראל-507,202
מחלקה המחלקה לניהול,55030-01,א' - 3.00,ג',1600 - 1900,מ.ישראל-604,103
מחלקה המחלקה לניהול,55030-02,א' - 1.00,ג',1500 - 1600,מ.ישראל-604,103
מחלקה המחלקה לניהול,55030-03,ב' - 3.00,ג',1500 - 1800,מ.ישראל-605,201
מחלקה המחלקה לניהול,55030-04,ב' - 1.00,ג',1800 - 1900,מ.ישראל-605,201
מחלקה המחלקה לניהול,55032-01,א' - 2.00,ד',1500 - 1700,מ.ישראל-505,101
מחלקה המחלקה לניהול,55032-02,א' - 1.00,ד',1700 - 1800,מ.ישראל-505,101
מחלקה המחלקה לניהול,55033-01,א' - 2.00,ב',1700 - 1900,מ.ישראל-507,209
מחלקה המחלקה לניהול,55033-02,א' - 1.00,ב',1900 - 2000,מ.ישראל-507,209
מחלקה המחלקה לניהול,55033-03,א' - 2.00,ד',1200 - 1400,מ.ישראל-507,107
מחלקה המחלקה לניהול,55033-04,א' - 1.00,ד',1400 - 1500,מ.ישראל-507,107
מחלקה המחלקה לניהול,55036-01,א' - 2.00,ג',1900 - 2100,חדר מחלקה,מחלקה
מחלקה המחלקה לניהול,55040-01,ב' - 2.00,ד',1300 - 1500,מ.ישראל-605,64
מחלקה המחלקה לניהול,55045-01,ב' - 2.00,ג',1900 - 2100,מ.ישראל-604,101
מחלקה המחלקה לניהול,55046-01,ב' - 2.00,ב',0800 - 1000,מעבדת מחשבים,999
מחלקה המחלקה לניהול,55046-03,ב' - 2.00,ד',1600 - 1800,מ.ישראל-507,105
מחלקה המחלקה לניהול,55047-01,ב' - 2.00,א',1000 - 1200,מ.ישראל-507,101
מחלקה המחלקה לניהול,55048-01,א' - 2.00,א',1900 - 2100,מ.ישראל-507,5
מחלקה המחלקה לניהול,55050-01,ב' - 2.00,ב',1700 - 1900,מ.ישראל-605,64
מחלקה המחלקה לניהול,55050-02,ב' - 1.00,ב',1900 - 2000,מ.ישראל-605,64
מחלקה המחלקה לניהול,55050-03,ב' - 2.00,ו',1100 - 1300,מ.ישראל-507,202
מחלקה המחלקה לניהול,55050-04,ב' - 1.00,ו',1300 - 1400,מ.ישראל-507,202
מחלקה המחלקה לניהול,55051-01,א' - 2.00,א',1400 - 1600,מ.ישראל-605,201
מחלקה המחלקה לניהול,55051-02,א' - 1.00,א',1600 - 1700,מ.ישראל-605,201
מחלקה המחלקה לניהול,55051-03,א' - 2.00,ב',1400 - 1600,מ.ישראל-605,201
מחלקה המחלקה לניהול,55051-04,א' - 1.00,ב',1600 - 1700,מ.ישראל-605,201
מחלקה המחלקה לניהול,55056-01,ב' - 2.00,א',1900 - 2100,מ.ישראל-507,201
מחלקה המחלקה לניהול,55058-01,א' - 2.00,ג',1900 - 2100,מ.ישראל-604,101
מחלקה המחלקה לניהול,55059-01,ב' - 2.00,א',1000 - 1200,מ.ישראל-505,201
מחלקה המחלקה לניהול,55059-02,א' - 2.00,א',1900 - 2100,מ.ישראל-505,201
מחלקה המחלקה לניהול,55060-01,"א' - 2.00
 ב' - 2.00",ד',2000 - 2200,מ.ישראל-505,106
מחלקה המחלקה לניהול,55060-02,"א' - 2.00
 ב' - 2.00",ד',"2000 - 2200
2000 - 2200",מ.ישראל-505,"1
103"
מחלקה המחלקה לניהול,55060-04,"א' - 2.00
 ב' - 2.00",ד',2000 - 2200,מ.ישראל-505,5
מחלקה המחלקה לניהול,55061-01,"א' - 2.00
 ב' - 2.00",ד',1800 - 2000,מ.ישראל-605,101
מחלקה המחלקה לניהול,55061-02,"א' - 2.00
 ב' - 2.00",ד',1800 - 2000,מ.ישראל-502,25
מחלקה המחלקה לניהול,55061-03,"א' - 2.00
 ב' - 2.00",ד',1800 - 2000,מ.ישראל-505,106
מחלקה המחלקה לניהול,55061-04,"א' - 2.00
 ב' - 2.00",ד',1800 - 2000,מ.ישראל-505,63
מחלקה המחלקה לניהול,55061-05,"א' - 2.00
 ב' - 2.00",ד',1800 - 2000,מ.ישראל-505,64
מחלקה המחלקה לניהול,55061-06,"א' - 2.00
 ב' - 2.00",ד',1800 - 2000,מ.ישראל-505,1
מחלקה המחלקה לניהול,55061-07,"א' - 2.00
 ב' - 2.00",ד',"1800 - 2000
1800 - 2000","מ.ישראל-505
מ.ישראל-605","105
63"
מחלקה המחלקה לניהול,55062-01,ב' - 2.00,א',1900 - 2100,מ.ישראל-507,209
מחלקה המחלקה לניהול,55063-01,ב' - 2.00,ג',1100 - 1300,מ.ישראל-507,105
מחלקה המחלקה לניהול,55065-01,א' - 2.00,ג',1100 - 1300,מ.ישראל-507,105
מחלקה המחלקה לניהול,55066-01,א' - 2.00,ב',1700 - 1900,מ.ישראל-605,201
מחלקה המחלקה לניהול,55066-03,ב' - 2.00,ו',0800 - 1000,מ.ישראל-605,201
מחלקה המחלקה לניהול,55078-01,א' - 2.00,א',1200 - 1400,מ.ישראל-507,103
מחלקה המחלקה לניהול,55078-02,ב' - 2.00,ד',1400 - 1600,מ.ישראל-605,63
מחלקה המחלקה לניהול,55091-01,ב' - 2.00,ד',1600 - 1800,מ.ישראל-605,63
מחלקה המחלקה לניהול,55091-02,ב' - 2.00,ו',1200 - 1400,מ.ישראל-604,104
מחלקה המחלקה לניהול,55221-01,א' - 2.00,ד',1500 - 1700,מ.ישראל-505,204
מחלקה המחלקה לניהול,55221-02,א' - 1.00,ד',1700 - 1800,מ.ישראל-505,204
מחלקה המחלקה לניהול,55222-01,ב' - 2.00,ג',1600 - 1800,מ.ישראל-605,11
מחלקה המחלקה לניהול,55222-02,ב' - 1.00,ג',1800 - 1900,מ.ישראל-605,11
מחלקה המחלקה לניהול,55223-01,א' - 3.00,ג',1300 - 1600,מ.ישראל-507,105
מחלקה המחלקה לניהול,55223-02,ב' - 3.00,ו',1100 - 1400,מ.ישראל-604,102
מחלקה המחלקה לניהול,55224-01,א' - 2.00,ב',0800 - 1000,מ.ישראל-505,2
מחלקה המחלקה לניהול,55224-02,א' - 1.00,ב',1000 - 1100,מ.ישראל-505,2
מחלקה המחלקה לניהול,55224-03,א' - 2.00,ד',1500 - 1700,מ.ישראל-605,12
מחלקה המחלקה לניהול,55224-04,א' - 1.00,ד',1700 - 1800,מ.ישראל-605,12
מחלקה המחלקה לניהול,55225-01,ב' - 2.00,ב',0800 - 1000,מ.ישראל-604,61
מחלקה המחלקה לניהול,55225-02,ב' - 1.00,ב',1000 - 1100,מ.ישראל-604,61
מחלקה המחלקה לניהול,55225-03,ב' - 2.00,ד',1500 - 1700,מ.ישראל-604,62
מחלקה המחלקה לניהול,55225-04,ב' - 1.00,ד',1700 - 1800,מ.ישראל-604,62
מחלקה המחלקה לניהול,55226-01,ב' - 2.00,ב',1100 - 1300,מ.ישראל-507,201
מחלקה המחלקה לניהול,55226-02,ב' - 1.00,ב',1300 - 1400,מ.ישראל-507,201
מחלקה המחלקה לניהול,55228-01,ב' - 2.00,ב',1700 - 1900,מ.ישראל-604,61
מחלקה המחלקה לניהול,55228-02,א' - 2.00,ג',1400 - 1600,מ.ישראל-605,11
מחלקה המחלקה לניהול,55229-01,א' - 2.00,ג',1600 - 1800,מ.ישראל-605,201
מחלקה המחלקה לניהול,55229-02,א' - 1.00,ג',1800 - 1900,מ.ישראל-605,201
מחלקה המחלקה לניהול,55230-01,"א' - 2.00
 ב' - 2.00",ד',2000 - 2200,מ.ישראל-504,1
מחלקה המחלקה לניהול,55230-02,"א' - 2.00
 ב' - 2.00",ד',2000 - 2200,מ.ישראל-505,3
מחלקה המחלקה לניהול,55230-03,"א' - 2.00
 ב' - 2.00",ד',2000 - 2200,מ.ישראל-505,62
מחלקה המחלקה לניהול,55230-04,"א' - 2.00
 ב' - 2.00",ד',2000 - 2200,מ.ישראל-505,203
מחלקה המחלקה לניהול,55230-05,"א' - 2.00
 ב' - 2.00",ד',2000 - 2200,מ.ישראל-504,5
מחלקה המחלקה לניהול,55231-01,ב' - 2.00,ג',1300 - 1500,מ.ישראל-605,11
מחלקה המחלקה לניהול,55231-02,ב' - 1.00,ג',1500 - 1600,מ.ישראל-605,11
מחלקה המחלקה לניהול,55232-01,א' - 2.00,ג',1600 - 1800,מ.ישראל-604,102
מחלקה המחלקה לניהול,55232-02,א' - 1.00,ג',1800 - 1900,מ.ישראל-604,102
מחלקה המחלקה לניהול,55233-01,א' - 2.00,א',1100 - 1300,מ.ישראל-605,201
מחלקה המחלקה לניהול,55233-02,א' - 1.00,א',1300 - 1400,מ.ישראל-605,201
מחלקה המחלקה לניהול,55233-05,א' - 2.00,ו',1100 - 1300,מ.ישראל-507,103
מחלקה המחלקה לניהול,55233-06,א' - 1.00,ו',1300 - 1400,מ.ישראל-507,103
מחלקה המחלקה לניהול,55500-01,א' - 2.00,ו',0800 - 1000,מ.ישראל-507,4
מחלקה המחלקה לניהול,55500-02,א' - 2.00,ו',0800 - 1000,מ.ישראל-505,62
מחלקה המחלקה לניהול,55501-01,ב' - 2.00,ו',1000 - 1200,מ.ישראל-505,3
מחלקה המחלקה לניהול,55502-01,ב' - 2.00,ה',1600 - 1800,מ.ישראל-605,65
מחלקה המחלקה לניהול,55502-03,ב' - 2.00,ה',1800 - 2000,מ.ישראל-505,106
מחלקה המחלקה לניהול,55502-04,ב' - 2.00,ו',0800 - 1000,מ.ישראל-605,12
מחלקה המחלקה לניהול,55502-05,ב' - 2.00,ג',1200 - 1400,טרם שובץ,טרם שובץ
מחלקה המחלקה לניהול,55502-06,ב' - 2.00,ג',1600 - 1800,טרם שובץ,טרם שובץ
מחלקה המחלקה לניהול,55504-01,א' - 2.00,ה',1800 - 2000,מ.ישראל-605,65
מחלקה המחלקה לניהול,55505-01,א' - 2.00,ו',1200 - 1400,מ.ישראל-507,4
מחלקה המחלקה לניהול,55509-01,ב' - 2.00,ו',1200 - 1400,מ.ישראל-505,3
מחלקה המחלקה לניהול,55600-01,ב' - 2.00,ו',1000 - 1200,חדר מחלקה,מחלקה
מחלקה המחלקה לניהול,55601-01,א' - 4.00,ה',1800 - 2200,מ.ישראל-502,6
מחלקה המחלקה לניהול,55601-02,א' - 4.00,ג',1600 - 2000,חדר מחלקה,מחלקה
מחלקה המחלקה לניהול,55602-01,ב' - 2.00,ה',1800 - 2000,מ.ישראל-604,14
מחלקה המחלקה לניהול,55604-01,ב' - 2.00,ה',1800 - 2000,מ.ישראל-604,205
מחלקה המחלקה לניהול,55604-02,ב' - 2.00,ג',1000 - 1200,טרם שובץ,טרם שובץ
מחלקה המחלקה לניהול,55609-01,ב' - 2.00,ה',1600 - 1800,מ.ישראל-604,14
מחלקה המחלקה לניהול,55609-02,ב' - 2.00,ג',0800 - 1000,טרם שובץ,טרם שובץ
מחלקה המחלקה לניהול,55623-01,א' - 2.00,ו',1000 - 1200,מ.ישראל-507,4
מחלקה המחלקה לניהול,55623-02,ב' - 2.00,ג',1800 - 2000,מ.ישראל-604,61
מחלקה המחלקה לניהול,55626-01,א' - 2.00,ג',0800 - 1000,חדר מחלקה,מחלקה
מחלקה המחלקה לניהול,55627-01,ב' - 2.00,ו',1200 - 1400,מ.ישראל-505,201
מחלקה המחלקה לניהול,55627-02,א' - 2.00,ה',2000 - 2200,מ.ישראל-505,202
מחלקה המחלקה לניהול,55627-03,ב' - 2.00,ג',1400 - 1600,טרם שובץ,טרם שובץ
מחלקה המחלקה לניהול,55627-04,ב' - 2.00,ג',1600 - 1800,טרם שובץ,טרם שובץ
מחלקה המחלקה לניהול,55628-01,א' - 2.00,ג',1000 - 1200,חדר מחלקה,מחלקה
מחלקה המחלקה לניהול,55702-01,ב' - 2.00,ה',1600 - 1800,מ.ישראל-505,106
מחלקה המחלקה לניהול,55702-03,א' - 2.00,ג',1600 - 1800,חדר מחלקה,מחלקה
מחלקה המחלקה לניהול,55703-01,א' - 2.00,ו',0800 - 1000,מ.ישראל-507,104
מחלקה המחלקה לניהול,55703-02,א' - 2.00,ג',1000 - 1200,חדר מחלקה,מחלקה
מחלקה המחלקה לניהול,55703-03,א' - 2.00,ג',1200 - 1400,חדר מחלקה,מחלקה
מחלקה המחלקה לניהול,55705-01,א' - 2.00,ו',1000 - 1200,מ.ישראל-605,13
מחלקה המחלקה לניהול,55705-03,א' - 2.00,ג',1400 - 1600,חדר מחלקה,מחלקה
מחלקה המחלקה לניהול,55706-01,א' - 2.00,ה',1800 - 2000,מ.ישראל-507,108
מחלקה המחלקה לניהול,55706-02,א' - 2.00,ג',1800 - 2000,חדר מחלקה,מחלקה
מחלקה המחלקה לניהול,55707-01,ב' - 2.00,ו',1000 - 1200,מ.ישראל-605,13
מחלקה המחלקה לניהול,55707-02,ב' - 2.00,ג',1000 - 1200,טרם שובץ,טרם שובץ
מחלקה המחלקה לניהול,55724-01,ב' - 2.00,ה',2000 - 2200,מ.ישראל-507,102
מחלקה המחלקה לניהול,55725-01,ב' - 2.00,ו',1200 - 1400,מ.ישראל-605,13
מחלקה המחלקה לניהול,55801-01,ב' - 2.00,ו',0800 - 1000,חברה-905,62
מחלקה המחלקה לניהול,55803-01,ב' - 2.00,ה',1600 - 1800,מ.ישראל-507,101
מחלקה המחלקה לניהול,55804-01,א' - 2.00,ו',1000 - 1200,חברה-905,62
מחלקה המחלקה לניהול,55806-01,ב' - 2.00,ה',2000 - 2200,מ.ישראל-507,101
מחלקה המחלקה לניהול,55806-02,ב' - 1.00,ה',1800 - 1900,חדר מחלקה,מחלקה
מחלקה המחלקה לניהול,55808-01,א' - 2.00,ה',1800 - 2000,מ.ישראל-504,10
מחלקה המחלקה לניהול,55810-01,א' - 2.00,ה',1600 - 1800,מ.ישראל-504,10
מחלקה המחלקה לניהול,55811-01,ב' - 2.00,ה',1600 - 1800,מ.ישראל-505,104
מחלקה המחלקה לניהול,55828-01,ב' - 2.00,ה',1800 - 2000,מ.ישראל-507,101
מחלקה המחלקה לניהול,55829-01,א' - 2.00,ה',2000 - 2200,מ.ישראל-504,10
מחלקה המחלקה לניהול,55829-02,א' - 1.00,ו',1200 - 1300,חדר מחלקה,מחלקה
מחלקה המחלקה לניהול,55829-03,א' - 2.00,ה',1600 - 1800,מ.ישראל-605,12
מחלקה המחלקה לניהול,55829-04,ב' - 2.00,ג',1400 - 1600,מ.ישראל-604,61
מחלקה המחלקה לניהול,55832-01,א' - 2.00,ו',1200 - 1400,חברה-905,62
מחלקה המחלקה לניהול,55833-01,א' - 2.00,ו',0800 - 1000,חברה-905,62
מחלקה המחלקה לניהול,55837-01,ב' - 2.00,ו',1000 - 1200,חברה-905,62
מחלקה המחלקה לניהול,55839-01,ב' - 2.00,ה',1800 - 2000,מ.ישראל-505,104
מחלקה המחלקה לניהול,55839-02,ב' - 1.00,ה',2000 - 2100,מ.ישראל-505,104
מחלקה המחלקה לניהול,55840-01,ב' - 2.00,ו',1200 - 1400,מ.ישראל-505,103
מחלקה המחלקה לניהול,55841-01,ב' - 2.00,ו',1200 - 1400,חברה-905,62
מחלקה המחלקה לניהול,55842-01,ב' - 2.00,ו',0800 - 1000,מ.ישראל-505,103
מחלקה המחלקה לניהול,55842-02,ב' - 2.00,ה',2000 - 2200,מ.ישראל-604,103
מחלקה המחלקה לניהול,55901-01,ב' - 2.00,ו',1200 - 1400,מ.ישראל-505,106
מחלקה המחלקה לניהול,55902-01,א' - 2.00,א',1600 - 1800,מ.ישראל-604,64
מחלקה המחלקה לניהול,55913-02,א' - 2.00,ו',1200 - 1400,מ.ישראל-505,103
מחלקה המחלקה לניהול,55917-01,א' - 2.00,א',2000 - 2200,חדר מחלקה,מחלקה
מחלקה המחלקה לניהול,55917-02,א' - 2.00,ג',0800 - 1000,חדר מחלקה,מחלקה
מחלקה המחלקה לניהול,55918-01,א' - 2.00,א',1700 - 1900,מ.ישראל-604,12
מחלקה המחלקה לניהול,55918-02,א' - 1.00,א',1900 - 2000,מ.ישראל-604,12
מחלקה המחלקה לניהול,55921-01,"א' - 2.00
 ב' - 2.00","פרטי קורס  קולק מחלקתי לחברי הסגל
קוד קורס 55921-01
שם קורס באנגלית Departmental Colloquium for Faculty Members
מחלקה המחלקה לניהול
פקולטה מדעי החברה
סוג מפגש קולוקו חובה
מרצה פרופ' יעל פרלמן
פרופ' טל אבינדב
שעות סמסטר א' - 2.00
סמסטר ב' - 2.00
נ""ז 4.00
הערה
 ג'
שעה 1200 - 1400
בניין
חדר מחלקה
חדר
999
אפיונים מודל - אתר מלווה קורס
תאריכי בחינות",1200 - 1400,חדר מחלקה,מחלקה
מחלקה המחלקה לניהול,55922-01,ב' - 2.00,ה',1800 - 2000,מ.ישראל-605,65
מחלקה המחלקה לניהול,55923-01,א' - 2.00,ג',1200 - 1400,חדר מחלקה,מחלקה
מחלקה המחלקה לניהול,55923-02,א' - 2.00,ג',1400 - 1600,חדר מחלקה,מחלקה
מחלקה המחלקה לניהול,55934-01,א' - 2.00,ו',0800 - 1000,יהדות-404,115
מחלקה המחלקה לניהול,55934-02,א' - 2.00,ה',2000 - 2200,מ.ישראל-505,4
מחלקה המחלקה לניהול,55934-03,ב' - 2.00,ג',1600 - 1800,טרם שובץ,טרם שובץ
מחלקה המחלקה לניהול,55934-04,ב' - 2.00,ג',1400 - 1600,טרם שובץ,טרם שובץ
מחלקה המחלקה לניהול,55937-01,א' - 2.00,ה',2000 - 2200,מ.ישראל-505,106
מחלקה המחלקה לניהול,55945-01,א' - 2.00,ו',1200 - 1400,מ.ישראל-507,206
מחלקה המחלקה לניהול,55945-02,ב' - 2.00,ג',0800 - 1000,טרם שובץ,טרם שובץ
מחלקה המחלקה לניהול,55996-01,א' - 2.00,א',1800 - 2000,מ.ישראל-505,65
מחלקה המחלקה לניהול,55997-01,ב' - 2.00,ו',1000 - 1200,מ.ישראל-507,1
"מחלקה ע""ס-לימודי חוץ",59105-01,"א' - 30.00
 ב' - 30.00",ג',"0800 - 1600
1600 - 1800
1600 - 1800","מ.ישראל-505
חדר מחלקה",מחלקה
"מחלקה ע""ס-לימודי חוץ",59106-01,"א' - 27.62
 ב' - 27.62",ג',"0800 - 1800
0800 - 1800
1400 - 1600","מ.ישראל-505
חדר מחלקה",מחלקה
"מחלקה ע""ס-לימודי חוץ",59107-01,"א' - 18.20
 ב' - 18.20",ב',"0900 - 1500
0900 - 1500",חדר מחלקה,מחלקה
"מחלקה ע""ס-לימודי חוץ",59108-01,"א' - 14.00
 ב' - 14.00",ב',"0900 - 1500
0900 - 1500",חדר מחלקה,מחלקה
"מחלקה ע""ס-לימודי חוץ",59110-01,"א' - 23.80
 ב' - 23.80",ג',"0800 - 1600
0800 - 1600",חדר מחלקה,מחלקה
"מחלקה ע""ס-לימודי חוץ",59110-02,"א' - 5.00
 ב' - 5.00",ג',0800 - 1300,חדר מחלקה,מחלקה
"מחלקה ע""ס-לימודי חוץ",59111-01,"א' - 20.00
 ב' - 20.00",ג',0800 - 1600,חדר מחלקה,מחלקה
"מחלקה ע""ס-לימודי חוץ",59120-01,"א' - 26.00
 ב' - 26.00",ד',"1000 - 2000
1000 - 2000",חדר מחלקה,נדרש  בקמפוס
"מחלקה ע""ס-לימודי חוץ",59121-01,"א' - 26.00
 ב' - 26.00",ד',"1000 - 2000
1000 - 2000",חדר מחלקה,נדרש  בקמפוס
"מחלקה ע""ס-לימודי חוץ",59123-01,"א' - 20.00
 ב' - 20.00",א',"1400 - 2000
1400 - 2000",חדר מחלקה,מחלקה
"מחלקה ע""ס-לימודי חוץ",59129-01,"א' - 24.80
 ב' - 24.80",ה',1400 - 2200,חדר מחלקה,נדרש  בקמפוס
"מחלקה ע""ס-לימודי חוץ",59137-01,"א' - 25.80
 ב' - 25.80",א',"0900 - 1800
0900 - 1900",מ.ישראל-504,4
"מחלקה ע""ס-לימודי חוץ",59138-01,"א' - 20.76
 ב' - 20.76",א',"0900 - 1800
0900 - 1900",מ.ישראל-504,7
"מחלקה ע""ס-לימודי חוץ",59140-01,"א' - 25.80
 ב' - 25.80",ג',"0800 - 1600
0800 - 1600",מ.ישראל-505,63
"מחלקה ע""ס-לימודי חוץ",59141-01,"א' - 24.76
 ב' - 24.76",ג',"0800 - 1600
0800 - 1600",מ.ישראל-504,6
"מחלקה ע""ס-לימודי חוץ",59142-01,"א' - 20.19
 ב' - 20.19",ג',"0800 - 1600
0800 - 1600",מ.ישראל-504,7
"מחלקה ע""ס-לימודי חוץ",59143-01,"א' - 22.00
 ב' - 22.00",ב',"1300 - 2000
1300 - 2000",חדר מחלקה,מחלקה
"מחלקה ע""ס-לימודי חוץ",59144-01,"א' - 20.95
 ב' - 20.95",ב',"1300 - 2100
1300 - 2100",חדר מחלקה,מחלקה
"מחלקה ע""ס-לימודי חוץ",59145-01,"א' - 13.30
 ב' - 13.30",ב',1500 - 2000,חדר מחלקה,מחלקה
"מחלקה ע""ס-לימודי חוץ",59153-01,"א' - 16.00
 ב' - 16.00",ה',"0900 - 1300
0900 - 1300",חדר מחלקה,מחלקה
"מחלקה ע""ס-לימודי חוץ",59163-01,"א' - 115.80
 ב' - 15.80",ה',"0900 - 1300
0900 - 1300",חדר מחלקה,מחלקה
"מחלקה ע""ס-לימודי חוץ",59168-01,"א' - 15.00
 ב' - 15.00",ד',"1000 - 1900
1000 - 1900",חדר מחלקה,מחלקה
"מחלקה ע""ס-לימודי חוץ",59180-01,"א' - 22.20
 ב' - 22.20",ו',"0800 - 1400
0800 - 1400",חדר מחלקה,מחלקה
"מחלקה ע""ס-לימודי חוץ",59181-01,"א' - 20.95
 ב' - 20.95",ו',0800 - 1400,חדר מחלקה,מחלקה
"מחלקה ע""ס-לימודי חוץ",59182-01,"א' - 14.57
 ב' - 14.57",ו',"0800 - 1400
0800 - 1400",חדר מחלקה,מחלקה
"מחלקה ע""ס-לימודי חוץ",59183-01,"א' - 18.20
 ב' - 18.20",ד',"1400 - 2000
1700 - 2000
1700 - 2000
1400 - 2000","חדר מחלקה
טרם שובץ
יהדות-410",מחלקה
"מחלקה ע""ס-לימודי חוץ",59187-01,"א' - 22.86
 ב' - 22.86","ד',ו'","1400 - 2000
0800 - 1400",חדר מחלקה,מחלקה
"מחלקה ע""ס-לימודי חוץ",59201-01,"א' - 7.81
 ב' - 7.81",א',0900 - 1300,חדר מחלקה,מחלקה
"מחלקה ע""ס-לימודי חוץ",59201-02,"א' - 7.80
 ב' - 7.80",ב',0900 - 1300,חדר מחלקה,מחלקה
"מחלקה ע""ס-לימודי חוץ",59250-01,"א' - 22.28
 ב' - 22.28",א',1400 - 2000,חדר מחלקה,מחלקה
"מחלקה ע""ס-לימודי חוץ",59285-01,"א' - 13.20
 ב' - 13.20",ב',"1500 - 2000
1500 - 2000","חדר מחלקה
מ.ישראל-502",מחלקה
"מחלקה ע""ס-לימודי חוץ",59301-01,"א' - 2.00
 ב' - 2.00",א',0800 - 1000,חדר מחלקה,מחלקה
"מחלקה ע""ס-לימודי חוץ",59310-01,"א' - 16.00
 ב' - 16.00",ה',0900 - 1400,חדר מחלקה,מחלקה
"מחלקה ע""ס-לימודי חוץ",59311-01,"א' - 15.80
 ב' - 15.80",ה',0900 - 1300,חדר מחלקה,מחלקה
"מחלקה ע""ס-לימודי חוץ",59315-01,ב' - 6.00,ב',0900 - 1500,חדר מחלקה,מחלקה
"מחלקה ע""ס-לימודי חוץ",59400-01,"א' - 4.00
 ב' - 4.00",ד',1000 - 1400,חדר מחלקה,מחלקה
"מחלקה ע""ס-לימודי חוץ",59400-02,"א' - 4.00
 ב' - 4.00",ד',1000 - 1400,חדר מחלקה,מחלקה
"מחלקה ע""ס-לימודי חוץ",59400-03,"א' - 4.00
 ב' - 4.00",ב',1200 - 1600,נלמד בזום,999
"מחלקה ע""ס-לימודי חוץ",59400-04,"א' - 4.00
 ב' - 4.00",ג',2000 - 2200,חדר מחלקה,מחלקה
"מחלקה ע""ס-לימודי חוץ",59540-01,"א' - 24.60
 ב' - 24.60",ב',1400 - 2000,מ.ישראל-505,נדרש  בקמפוס
"מחלקה ע""ס-לימודי חוץ",59541-01,"א' - 23.60
 ב' - 23.60",ב',1400 - 2000,מ.ישראל-505,נדרש  בקמפוס
מחלקה המחלקה לפסיכולוגיה,600080-01,א' - 3.00,"ג',ה'","1600 - 1700
1400 - 1600","נלמד בזום
מ.ישראל-605","999
12"
מחלקה המחלקה לפסיכולוגיה,60008-01,א' - 2.00,ה',1400 - 1500,חדר מחלקה,מחלקה
מחלקה המחלקה לפסיכולוגיה,600090-01,ב' - 3.00,"ג',ה'","1400 - 1600
1400 - 1500","מ.ישראל-604
נלמד בזום","12
999"
מחלקה המחלקה לפסיכולוגיה,60009-01,ב' - 2.00,ה',1400 - 1500,מ.ישראל-604,12
מחלקה המחלקה לפסיכולוגיה,60029-01,"א' - 2.00
 ב' - 2.00",א',"1400 - 1600
1400 - 1600",חברה-902,301
מחלקה המחלקה לפסיכולוגיה,60032-01,"א' - 2.00
 ב' - 2.00",א',1400 - 1600,חברה-902,12
מחלקה המחלקה לפסיכולוגיה,60033-01,"א' - 2.00
 ב' - 2.00",א',1600 - 1800,חברה-902,12
מחלקה המחלקה לפסיכולוגיה,600360-01,ב' - 2.00,ה',1400 - 1600,חדר מחלקה,מחלקה
מחלקה המחלקה לפסיכולוגיה,600390-01,"א' - 2.00
 ב' - 2.00",ד',0800 - 1000,חברה-902,210
מחלקה המחלקה לפסיכולוגיה,60039-01,ב' - 2.00,ד',1200 - 1400,חדר מחלקה,מחלקה
מחלקה המחלקה לפסיכולוגיה,60039-02,ב' - 2.00,ג',1600 - 1800,חברה-902,301
מחלקה המחלקה לפסיכולוגיה,600410-01,ב' - 2.00,ד',1400 - 1600,חברה-902,202
מחלקה המחלקה לפסיכולוגיה,600420-01,א' - 2.00,ה',0800 - 1000,חברה-902,12
מחלקה המחלקה לפסיכולוגיה,600430-01,ב' - 2.00,ה',0800 - 1000,חברה-902,12
מחלקה המחלקה לפסיכולוגיה,600440-01,א' - 2.00,ה',1200 - 1400,חדר מחלקה,מחלקה
מחלקה המחלקה לפסיכולוגיה,600440-40,א' - 2.00,ג',1400 - 1600,חברה-902,12
מחלקה המחלקה לפסיכולוגיה,600460-01,ב' - 2.00,ה',1000 - 1200,חברה-902,202
מחלקה המחלקה לפסיכולוגיה,60046-01,א' - 2.00,ד',1600 - 1800,חדר מחלקה,מחלקה
מחלקה המחלקה לפסיכולוגיה,60046-40,א' - 2.00,ג',1400 - 1600,חדר מחלקה,מחלקה
מחלקה המחלקה לפסיכולוגיה,60048-01,א' - 2.00,ה',1200 - 1400,חברה-902,210
מחלקה המחלקה לפסיכולוגיה,600490-01,א' - 2.00,ה',1200 - 1400,חברה-902,101
מחלקה המחלקה לפסיכולוגיה,60052-01,ב' - 2.00,ב',1000 - 1200,חדר מחלקה,מחלקה
מחלקה המחלקה לפסיכולוגיה,60052-02,ב' - 2.00,ב',1200 - 1400,חדר מחלקה,מחלקה
מחלקה המחלקה לפסיכולוגיה,60054-01,א' - 2.00,ה',1200 - 1400,חברה-902,104
מחלקה המחלקה לפסיכולוגיה,600550-01,ב' - 2.00,ה',1200 - 1400,חברה-902,202
מחלקה המחלקה לפסיכולוגיה,60056-01,ב' - 2.00,ה',1600 - 1800,חברה-902,12
מחלקה המחלקה לפסיכולוגיה,60056-02,ב' - 2.00,ה',1800 - 2000,חברה-902,12
מחלקה המחלקה לפסיכולוגיה,60057-01,ב' - 2.00,ב',1200 - 1400,חברה-902,301
מחלקה המחלקה לפסיכולוגיה,60057-02,ב' - 2.00,ב',1400 - 1600,חברה-902,301
מחלקה המחלקה לפסיכולוגיה,600590-01,"א' - 2.00
 ב' - 2.00",ב',0800 - 1000,חברה-902,107
מחלקה המחלקה לפסיכולוגיה,600590-02,"א' - 2.00
 ב' - 2.00",ב',0800 - 1000,חברה-902,103
מחלקה המחלקה לפסיכולוגיה,60060-01,א' - 2.00,א',0800 - 1000,חברה-902,301
מחלקה המחלקה לפסיכולוגיה,60060-40,ב' - 2.00,ו',0800 - 1000,נלמד בזום,999
מחלקה המחלקה לפסיכולוגיה,60061-01,ב' - 2.00,ד',1600 - 1800,חברה-902,210
מחלקה המחלקה לפסיכולוגיה,60062-01,ב' - 2.00,ד',1000 - 1200,חברה-902,107
מחלקה המחלקה לפסיכולוגיה,60064-01,א' - 2.00,ד',1200 - 1400,חברה-902,12
מחלקה המחלקה לפסיכולוגיה,60064-02,א' - 2.00,ד',1000 - 1200,חדר מחלקה,מחלקה
מחלקה המחלקה לפסיכולוגיה,60066-01,א' - 2.00,ד',1600 - 1800,נלמד בזום,999
מחלקה המחלקה לפסיכולוגיה,60066-02,א' - 2.00,א',1800 - 2000,נלמד בזום,999
מחלקה המחלקה לפסיכולוגיה,60068-01,"א' - 2.00
 ב' - 2.00",ב',"0800 - 1000
0800 - 1000",חברה-902,12
מחלקה המחלקה לפסיכולוגיה,60069-01,ב' - 2.00,ה',1000 - 1200,חברה-902,12
מחלקה המחלקה לפסיכולוגיה,600750-01,ב' - 2.00,ה',1000 - 1200,חדר מחלקה,מחלקה
מחלקה המחלקה לפסיכולוגיה,600760-01,א' - 2.00,ה',1200 - 1400,חברה-902,201
מחלקה המחלקה לפסיכולוגיה,600770-01,א' - 2.00,ד',1000 - 1200,חברה-902,201
מחלקה המחלקה לפסיכולוגיה,60078-01,ב' - 2.00,ד',1800 - 2000,חברה-902,301
מחלקה המחלקה לפסיכולוגיה,60078-40,א' - 2.00,ו',1200 - 1400,נלמד בזום,999
מחלקה המחלקה לפסיכולוגיה,600800-01,א' - 2.00,ב',1600 - 1800,חברה-902,301
מחלקה המחלקה לפסיכולוגיה,60083-01,ב' - 2.00,ד',1400 - 1600,חברה-902,201
מחלקה המחלקה לפסיכולוגיה,60083-02,ב' - 2.00,ב',1000 - 1200,חברה-902,103
מחלקה המחלקה לפסיכולוגיה,60086-01,ב' - 2.00,ד',0800 - 1000,חדר מחלקה,מחלקה
מחלקה המחלקה לפסיכולוגיה,60086-02,ב' - 2.00,ד',0800 - 1000,חברה-902,12
מחלקה המחלקה לפסיכולוגיה,60087-01,א' - 2.00,ב',0800 - 1000,חברה-902,301
מחלקה המחלקה לפסיכולוגיה,60087-02,א' - 2.00,ב',1400 - 1600,חדר מחלקה,מחלקה
מחלקה המחלקה לפסיכולוגיה,600890-01,"א' - 2.00
 ב' - 2.00",ה',1400 - 1600,חברה-902,101
מחלקה המחלקה לפסיכולוגיה,60090-01,"א' - 2.00
 ב' - 2.00",ד',"1000 - 1200
1000 - 1200","מ.ישראל-504
מ.ישראל-604","1
205"
מחלקה המחלקה לפסיכולוגיה,60091-01,א' - 4.00,ד',1400 - 1800,חברה-902,102
מחלקה המחלקה לפסיכולוגיה,60092-01,"א' - 2.00
 ב' - 2.00",ד',1200 - 1400,חברה-902,301
מחלקה המחלקה לפסיכולוגיה,60093-01,"א' - 2.00
 ב' - 2.00",ד',1200 - 1400,חברה-902,101
מחלקה המחלקה לפסיכולוגיה,60094-01,א' - 2.00,ה',1200 - 1400,חברה-902,301
מחלקה המחלקה לפסיכולוגיה,600950-01,ב' - 2.00,א',0800 - 1000,חברה-902,104
מחלקה המחלקה לפסיכולוגיה,600980-01,ב' - 2.00,ד',1200 - 1400,חברה-902,107
מחלקה המחלקה לפסיכולוגיה,60101-01,א' - 2.00,ג',1200 - 1400,חברה-905,62
מחלקה המחלקה לפסיכולוגיה,60101-02,א' - 2.00,ה',1000 - 1200,חברה-902,9
מחלקה המחלקה לפסיכולוגיה,60101-03,א' - 2.00,ג',0800 - 1000,חברה-902,9
מחלקה המחלקה לפסיכולוגיה,60101-04,א' - 2.00,ה',0800 - 1000,חברה-902,9
מחלקה המחלקה לפסיכולוגיה,60101-20,א' - 2.00,א',1400 - 1600,חוץ קמפוס,999
מחלקה המחלקה לפסיכולוגיה,60101-21,א' - 2.00,א',1600 - 1800,חוץ קמפוס,999
מחלקה המחלקה לפסיכולוגיה,60103-01,א' - 2.00,ג',1000 - 1200,חברה-902,9
מחלקה המחלקה לפסיכולוגיה,60103-20,א' - 2.00,א',1000 - 1200,חוץ קמפוס,999
מחלקה המחלקה לפסיכולוגיה,60104-01,ב' - 2.00,ג',1000 - 1200,חברה-902,9
מחלקה המחלקה לפסיכולוגיה,60104-20,ב' - 2.00,א',1000 - 1200,חוץ קמפוס,999
מחלקה המחלקה לפסיכולוגיה,60105-01,"א' - 2.00
 ב' - 2.00",ב',"1200 - 1400
1200 - 1400",חברה-902,9
מחלקה המחלקה לפסיכולוגיה,60105-02,"א' - 2.00
 ב' - 2.00",ו',1200 - 1400,טרם שובץ,טרם שובץ
מחלקה המחלקה לפסיכולוגיה,60105-20,"א' - 2.00
 ב' - 2.00",א',0800 - 1000,חוץ קמפוס,999
מחלקה המחלקה לפסיכולוגיה,60106-01,"א' - 2.00
 ב' - 2.00",ב',1600 - 1800,חברה-902,107
מחלקה המחלקה לפסיכולוגיה,60106-02,"א' - 2.00
 ב' - 2.00",ב',1800 - 2000,חברה-902,107
מחלקה המחלקה לפסיכולוגיה,60106-03,"א' - 2.00
 ב' - 2.00",ה',1200 - 1400,מ.ישראל-507,4
מחלקה המחלקה לפסיכולוגיה,60106-04,"א' - 2.00
 ב' - 2.00",ה',1400 - 1600,מ.ישראל-507,4
מחלקה המחלקה לפסיכולוגיה,60106-05,"א' - 2.00
 ב' - 2.00",ג',1600 - 1800,חברה-902,107
מחלקה המחלקה לפסיכולוגיה,60106-06,"א' - 2.00
 ב' - 2.00",ג',1800 - 2000,חברה-902,107
מחלקה המחלקה לפסיכולוגיה,60106-07,"א' - 2.00
 ב' - 2.00",ג',"1600 - 1800
1600 - 1800","מ.ישראל-507
חדר מחלקה",מחלקה
מחלקה המחלקה לפסיכולוגיה,60106-08,"א' - 2.00
 ב' - 2.00",ג',"1800 - 2000
1800 - 2000","מ.ישראל-507
חדר מחלקה",מחלקה
מחלקה המחלקה לפסיכולוגיה,60106-09,"א' - 2.00
 ב' - 2.00",ג',1600 - 1800,חברה-902,9
מחלקה המחלקה לפסיכולוגיה,60106-10,"א' - 2.00
 ב' - 2.00",ג',1800 - 2000,חברה-902,9
מחלקה המחלקה לפסיכולוגיה,60106-11,"א' - 2.00
 ב' - 2.00",ב',1600 - 1800,חדר מחלקה,מחלקה
מחלקה המחלקה לפסיכולוגיה,60106-12,"א' - 2.00
 ב' - 2.00",ב',1800 - 2000,חדר מחלקה,מחלקה
מחלקה המחלקה לפסיכולוגיה,60106-20,"א' - 2.00
 ב' - 2.00",ד',"1200 - 1400
1200 - 1400",חוץ קמפוס,999
מחלקה המחלקה לפסיכולוגיה,60106-21,"א' - 2.00
 ב' - 2.00",ד',"1400 - 1600
1400 - 1600",חוץ קמפוס,999
מחלקה המחלקה לפסיכולוגיה,60106-22,"א' - 2.00
 ב' - 2.00",ד',"1200 - 1400
1200 - 1400",חוץ קמפוס,999
מחלקה המחלקה לפסיכולוגיה,60106-23,"א' - 2.00
 ב' - 2.00","א',ד'","1400 - 1600
1400 - 1600",חוץ קמפוס,999
מחלקה המחלקה לפסיכולוגיה,60106-24,"א' - 2.00
 ב' - 2.00",ד',"1200 - 1400
1200 - 1400",חוץ קמפוס,999
מחלקה המחלקה לפסיכולוגיה,60106-25,"א' - 2.00
 ב' - 2.00","א',ד'","1400 - 1600
1400 - 1600",חוץ קמפוס,999
מחלקה המחלקה לפסיכולוגיה,60106-26,"א' - 2.00
 ב' - 2.00",ד',"1200 - 1400
1200 - 1400",חוץ קמפוס,999
מחלקה המחלקה לפסיכולוגיה,60106-27,"א' - 2.00
 ב' - 2.00","א',ד'","1400 - 1600
1400 - 1600",חוץ קמפוס,999
מחלקה המחלקה לפסיכולוגיה,60107-01,א' - 2.00,ב',1000 - 1200,חברה-902,9
מחלקה המחלקה לפסיכולוגיה,60107-20,א' - 2.00,ד',1600 - 1800,חוץ קמפוס,999
מחלקה המחלקה לפסיכולוגיה,60108-01,ב' - 2.00,ב',1000 - 1200,חברה-902,9
מחלקה המחלקה לפסיכולוגיה,60108-20,ב' - 2.00,ד',1600 - 1800,חוץ קמפוס,999
מחלקה המחלקה לפסיכולוגיה,601111-20,"א' - 2.00
 ב' - 2.00",א',1000 - 1200,חברה-902,104
מחלקה המחלקה לפסיכולוגיה,601113-01,"א' - 2.00
 ב' - 2.00",א',1800 - 2000,חברה-902,12
מחלקה המחלקה לפסיכולוגיה,60120-01,א' - 2.00,ב',1400 - 1600,חברה-902,103
מחלקה המחלקה לפסיכולוגיה,60150-01,"א' - 2.00
 ב' - 2.00",ו',1200 - 1400,חדר מחלקה,מחלקה
מחלקה המחלקה לפסיכולוגיה,60190-01,א' - 2.00,ד',1000 - 1200,חברה-902,9
מחלקה המחלקה לפסיכולוגיה,60190-02,א' - 2.00,ב',0800 - 1000,חברה-902,201
מחלקה המחלקה לפסיכולוגיה,60190-03,א' - 2.00,ב',1000 - 1200,חברה-902,12
מחלקה המחלקה לפסיכולוגיה,60190-04,א' - 2.00,ב',1200 - 1400,חברה-902,107
מחלקה המחלקה לפסיכולוגיה,60190-05,א' - 2.00,ד',0800 - 1000,חברה-902,12
מחלקה המחלקה לפסיכולוגיה,60190-06,א' - 2.00,ד',0800 - 1000,חברה-902,107
מחלקה המחלקה לפסיכולוגיה,60190-07,א' - 2.00,ד',0800 - 1000,חדר מחלקה,מחלקה
מחלקה המחלקה לפסיכולוגיה,60190-20,א' - 2.00,א',0800 - 1000,סטודנטים-102,4
מחלקה המחלקה לפסיכולוגיה,60190-21,א' - 2.00,א',1000 - 1200,חדר מחלקה,מחלקה
מחלקה המחלקה לפסיכולוגיה,60190-22,א' - 2.00,א',1000 - 1200,חוץ קמפוס,999
מחלקה המחלקה לפסיכולוגיה,60190-23,א' - 2.00,א',1000 - 1200,חוץ קמפוס,999
מחלקה המחלקה לפסיכולוגיה,60190-24,א' - 2.00,א',1000 - 1200,חוץ קמפוס,999
מחלקה המחלקה לפסיכולוגיה,60190-60,א' - 2.00,ה',1200 - 1400,מ.ישראל-604,205
מחלקה המחלקה לפסיכולוגיה,60190-61,א' - 2.00,ה',1600 - 1800,חברה-902,201
מחלקה המחלקה לפסיכולוגיה,602000-01,א' - 2.00,ה',1600 - 1800,חברה-902,12
מחלקה המחלקה לפסיכולוגיה,602001-60,"א' - 2.00
 ב' - 2.00",ה',1400 - 1600,חברה-902,201
מחלקה המחלקה לפסיכולוגיה,60209-01,א' - 2.00,ד',1400 - 1600,חברה-902,9
מחלקה המחלקה לפסיכולוגיה,60209-20,א' - 2.00,ד',1800 - 2000,חוץ קמפוס,999
מחלקה המחלקה לפסיכולוגיה,60210-01,ב' - 2.00,ד',1400 - 1600,חברה-902,9
מחלקה המחלקה לפסיכולוגיה,60210-20,ב' - 2.00,ד',1800 - 2000,חוץ קמפוס,999
מחלקה המחלקה לפסיכולוגיה,60212-01,א' - 2.00,ג',1200 - 1400,חברה-902,9
מחלקה המחלקה לפסיכולוגיה,60212-20,א' - 2.00,א',1400 - 1600,סטודנטים-102,4
מחלקה המחלקה לפסיכולוגיה,60213-01,ב' - 2.00,ג',1200 - 1400,חברה-902,9
מחלקה המחלקה לפסיכולוגיה,60213-20,ב' - 2.00,א',1400 - 1600,סטודנטים-102,2
מחלקה המחלקה לפסיכולוגיה,60215-01,"א' - 2.00
 ב' - 2.00",ד',1200 - 1400,חברה-902,9
מחלקה המחלקה לפסיכולוגיה,60215-02,"א' - 2.00
 ב' - 2.00",ג',0800 - 1000,חברה-902,12
מחלקה המחלקה לפסיכולוגיה,60215-03,"א' - 2.00
 ב' - 2.00",ג',0800 - 1000,חדר מחלקה,מחלקה
מחלקה המחלקה לפסיכולוגיה,60215-04,"א' - 2.00
 ב' - 2.00",ג',1000 - 1200,חברה-902,12
מחלקה המחלקה לפסיכולוגיה,60215-05,"א' - 2.00
 ב' - 2.00",ג',1000 - 1200,חדר מחלקה,מחלקה
מחלקה המחלקה לפסיכולוגיה,60215-06,"א' - 2.00
 ב' - 2.00",ג',1000 - 1200,חברה-902,301
מחלקה המחלקה לפסיכולוגיה,60215-20,"א' - 2.00
 ב' - 2.00",ד',"1600 - 1800
1600 - 1800",חוץ קמפוס,999
מחלקה המחלקה לפסיכולוגיה,60215-21,"א' - 2.00
 ב' - 2.00",א',"1600 - 1800
1600 - 1800",חוץ קמפוס,999
מחלקה המחלקה לפסיכולוגיה,60215-22,"א' - 2.00
 ב' - 2.00",א',"1600 - 1800
1600 - 1800",חוץ קמפוס,999
מחלקה המחלקה לפסיכולוגיה,60215-23,"א' - 2.00
 ב' - 2.00",א',1600 - 1800,חוץ קמפוס,999
מחלקה המחלקה לפסיכולוגיה,60215-24,"א' - 2.00
 ב' - 2.00",א',1600 - 1800,חוץ קמפוס,999
מחלקה המחלקה לפסיכולוגיה,60215-60,"א' - 2.00
 ב' - 2.00",א',1200 - 1400,חברה-902,12
מחלקה המחלקה לפסיכולוגיה,60215-61,"א' - 2.00
 ב' - 2.00",א',1600 - 1800,חברה-902,103
מחלקה המחלקה לפסיכולוגיה,60217-01,א' - 2.00,ב',1400 - 1600,חברה-902,9
מחלקה המחלקה לפסיכולוגיה,60217-20,א' - 2.00,א',1200 - 1400,סטודנטים-102,4
מחלקה המחלקה לפסיכולוגיה,60218-01,ב' - 2.00,ב',1400 - 1600,חברה-902,9
מחלקה המחלקה לפסיכולוגיה,60218-20,ב' - 2.00,א',1200 - 1400,סטודנטים-102,2
מחלקה המחלקה לפסיכולוגיה,60305-01,א' - 2.00,ה',1400 - 1600,חברה-902,9
מחלקה המחלקה לפסיכולוגיה,60305-20,א' - 2.00,א',0800 - 1000,חוץ קמפוס,999
מחלקה המחלקה לפסיכולוגיה,60305-60,א' - 2.00,א',1400 - 1600,חברה-902,210
מחלקה המחלקה לפסיכולוגיה,60306-01,ב' - 2.00,ה',1000 - 1200,חברה-902,9
מחלקה המחלקה לפסיכולוגיה,60306-20,ב' - 2.00,א',0800 - 1000,חוץ קמפוס,999
מחלקה המחלקה לפסיכולוגיה,60306-60,ב' - 2.00,א',1400 - 1600,חברה-905,217
מחלקה המחלקה לפסיכולוגיה,603114-01,א' - 2.00,ה',1400 - 1600,חברה-902,202
מחלקה המחלקה לפסיכולוגיה,60320-01,א' - 2.00,ד',1400 - 1600,חדר מחלקה,מחלקה
מחלקה המחלקה לפסיכולוגיה,60320-20,ב' - 2.00,ד',1400 - 1600,חוץ קמפוס,999
מחלקה המחלקה לפסיכולוגיה,603220-20,"א' - 2.00
 ב' - 2.00",א',1000 - 1200,חוץ קמפוס,999
מחלקה המחלקה לפסיכולוגיה,603260-20,"א' - 2.00
 ב' - 2.00",א',1000 - 1200,חוץ קמפוס,999
מחלקה המחלקה לפסיכולוגיה,603270-20,א' - 2.00,א',1400 - 1600,חוץ קמפוס,999
מחלקה המחלקה לפסיכולוגיה,60328-01,ב' - 2.00,ד',1600 - 1800,חדר מחלקה,מחלקה
מחלקה המחלקה לפסיכולוגיה,60330-01,א' - 2.00,ב',1200 - 1400,חברה-902,12
מחלקה המחלקה לפסיכולוגיה,603320-20,א' - 2.00,א',1400 - 1600,חוץ קמפוס,999
מחלקה המחלקה לפסיכולוגיה,603360-20,א' - 2.00,א',1600 - 1800,חוץ קמפוס,999
מחלקה המחלקה לפסיכולוגיה,60337-01,ב' - 2.00,ב',1000 - 1200,חברה-902,102
מחלקה המחלקה לפסיכולוגיה,603370-20,א' - 2.00,א',1400 - 1600,חוץ קמפוס,999
מחלקה המחלקה לפסיכולוגיה,60345-01,"א' - 2.00
 ב' - 2.00",ד',"1800 - 2000
1000 - 1200",חברה-902,103
מחלקה המחלקה לפסיכולוגיה,60348-01,א' - 2.00,ד',1200 - 1400,חברה-902,103
מחלקה המחלקה לפסיכולוגיה,60350-01,א' - 2.00,ה',1200 - 1400,חברה-902,12
מחלקה המחלקה לפסיכולוגיה,60397-01,ב' - 2.00,ב',1000 - 1200,חברה-902,202
מחלקה המחלקה לפסיכולוגיה,60431-01,א' - 2.00,ד',1000 - 1200,חברה-902,210
מחלקה המחלקה לפסיכולוגיה,60438-01,ב' - 2.00,ד',1200 - 1400,חברה-902,103
מחלקה המחלקה לפסיכולוגיה,60468-01,"א' - 2.00
 ב' - 2.00",ה',0800 - 1000,חברה-902,210
מחלקה המחלקה לפסיכולוגיה,60479-20,"א' - 2.00
 ב' - 2.00",א',1000 - 1200,חוץ קמפוס,999
מחלקה המחלקה לפסיכולוגיה,60494-01,ב' - 2.00,ה',1400 - 1600,חברה-902,103
מחלקה המחלקה לפסיכולוגיה,60495-01,א' - 2.00,ה',1200 - 1400,חברה-902,202
מחלקה המחלקה לפסיכולוגיה,60503-01,"א' - 2.00
 ב' - 2.00",ה',"1000 - 1200
1200 - 1400",חברה-902,201
מחלקה המחלקה לפסיכולוגיה,60517-01,א' - 2.00,א',1600 - 1800,חברה-902,9
מחלקה המחלקה לפסיכולוגיה,60517-20,ב' - 2.00,ד',1200 - 1400,חוץ קמפוס,999
מחלקה המחלקה לפסיכולוגיה,60519-04,"א' - 2.00
 ב' - 2.00",ד',1000 - 1200,חברה-902,202
מחלקה המחלקה לפסיכולוגיה,60519-20,"א' - 2.00
 ב' - 2.00",ד',"0800 - 1000
0800 - 1000",חוץ קמפוס,999
מחלקה המחלקה לפסיכולוגיה,60520-01,"א' - 2.00
 ב' - 2.00","פרטי קורס  קולוקו ב.א.
קוד קורס 60520-01
שם קורס באנגלית Topics on Personality
מחלקה המחלקה לפסיכולוגיה
פקולטה מדעי החברה
סוג מפגש תרגיל
מרצה מחלקה מרצי
שעות סמסטר א' - 2.00
סמסטר ב' - 2.00
נ""ז 4.00
הערה
 ג'
שעה 1400 - 1600
1400 - 1600
בניין
חדר מחלקה
חדר
999
אפיונים מודל - אתר מלווה קורס
תאריכי בחינות","1400 - 1600
1400 - 1600",חדר מחלקה,מחלקה
מחלקה המחלקה לפסיכולוגיה,60521-01,"א' - 4.00
 ב' - 4.00",ד',"1800 - 2000
0800 - 1000",חברה-902,"104
201"
מחלקה המחלקה לפסיכולוגיה,60522-02,"א' - 2.00
 ב' - 2.00",ב',"1200 - 1400
1200 - 1400",חברה-902,103
מחלקה המחלקה לפסיכולוגיה,60522-03,"א' - 2.00
 ב' - 2.00",ב',1200 - 1400,חברה-902,202
מחלקה המחלקה לפסיכולוגיה,60522-20,"א' - 2.00
 ב' - 2.00",א',1200 - 1400,חוץ קמפוס,999
מחלקה המחלקה לפסיכולוגיה,60522-21,"א' - 2.00
 ב' - 2.00",א',1200 - 1400,חוץ קמפוס,999
מחלקה המחלקה לפסיכולוגיה,60522-22,"א' - 2.00
 ב' - 2.00",א',1200 - 1400,חוץ קמפוס,999
מחלקה המחלקה לפסיכולוגיה,60522-23,"א' - 2.00
 ב' - 2.00",א',"1200 - 1400
1200 - 1400",חוץ קמפוס,999
מחלקה המחלקה לפסיכולוגיה,60522-24,"א' - 2.00
 ב' - 2.00",א',"1200 - 1400
1200 - 1400",חוץ קמפוס,999
מחלקה המחלקה לפסיכולוגיה,60522-25,"א' - 2.00
 ב' - 2.00",א',1200 - 1400,חוץ קמפוס,999
מחלקה המחלקה לפסיכולוגיה,60522-26,"א' - 2.00
 ב' - 2.00",א',1200 - 1400,חברה-902,102
מחלקה המחלקה לפסיכולוגיה,605300-20,א' - 2.00,א',1600 - 1800,חוץ קמפוס,999
מחלקה המחלקה לפסיכולוגיה,605300-21,ב' - 2.00,א',1600 - 1800,חוץ קמפוס,999
מחלקה המחלקה לפסיכולוגיה,60534-01,"א' - 2.00
 ב' - 2.00",ב',"1000 - 1200
1600 - 1800","חברה-905
חברה-902","217
103"
מחלקה המחלקה לפסיכולוגיה,60552-60,ב' - 2.00,ה',1200 - 1400,חברה-902,104
מחלקה המחלקה לפסיכולוגיה,60556-01,ב' - 2.00,ב',1200 - 1400,חברה-902,12
מחלקה המחלקה לפסיכולוגיה,605570-20,ב' - 2.00,א',0800 - 1000,חוץ קמפוס,999
מחלקה המחלקה לפסיכולוגיה,605570-21,ב' - 2.00,א',1000 - 1200,חוץ קמפוס,999
מחלקה המחלקה לפסיכולוגיה,605580-20,א' - 2.00,א',1200 - 1400,חוץ קמפוס,999
מחלקה המחלקה לפסיכולוגיה,605580-21,ב' - 2.00,א',1200 - 1400,חוץ קמפוס,999
מחלקה המחלקה לפסיכולוגיה,605590-20,ב' - 2.00,א',1400 - 1600,חוץ קמפוס,999
מחלקה המחלקה לפסיכולוגיה,605590-21,ב' - 2.00,א',1600 - 1800,חוץ קמפוס,999
מחלקה המחלקה לפסיכולוגיה,60563-01,א' - 2.00,ב',1600 - 1800,מ.ישראל-605,102
מחלקה המחלקה לפסיכולוגיה,60563-20,א' - 2.00,א',1200 - 1400,חוץ קמפוס,999
מחלקה המחלקה לפסיכולוגיה,60563-21,ב' - 2.00,א',1200 - 1400,חוץ קמפוס,999
מחלקה המחלקה לפסיכולוגיה,60565-01,"א' - 2.00
 ב' - 2.00","פרטי קורס  רגש בארגונים ובחיי היומ
קוד קורס 60565-01
שם קורס באנגלית Emotion in Organizations and in daily life
מחלקה המחלקה לפסיכולוגיה
פקולטה מדעי החברה
סוג מפגש פרקטיקום
מרצה ד""ר אנה דורפמן
שעות סמסטר א' - 2.00
סמסטר ב' - 2.00
נ""ז 4.00
הערה
 ה'
שעה 1600 - 1800
בניין
נלמד בזום
חדר
999
אפיונים מודל - אתר מלווה קורס
תאריכי בחינות
סילבוס צפייה בסילבוס",1600 - 1800,נלמד בזום,999
מחלקה המחלקה לפסיכולוגיה,60568-01,א' - 2.00,ב',1000 - 1200,חברה-902,202
מחלקה המחלקה לפסיכולוגיה,60570-01,"א' - 2.00
 ב' - 2.00",ד',1400 - 1600,חברה-902,210
מחלקה המחלקה לפסיכולוגיה,60572-01,א' - 2.00,ד',1600 - 1800,חברה-902,201
מחלקה המחלקה לפסיכולוגיה,60573-01,ב' - 2.00,ב',1000 - 1200,חברה-902,201
מחלקה המחלקה לפסיכולוגיה,60575-01,"א' - 2.00
 ב' - 2.00",ה',1200 - 1400,מ.ישראל-507,208
מחלקה המחלקה לפסיכולוגיה,605770-20,א' - 2.00,א',1400 - 1600,חוץ קמפוס,999
מחלקה המחלקה לפסיכולוגיה,60579-01,ב' - 2.00,ה',1600 - 1800,חדר מחלקה,מחלקה
מחלקה המחלקה לפסיכולוגיה,605790-20,"א' - 2.00
 ב' - 2.00",א',1000 - 1200,חוץ קמפוס,999
מחלקה המחלקה לפסיכולוגיה,60582-01,"א' - 2.00
 ב' - 2.00",ה',1200 - 1400,חברה-902,103
מחלקה המחלקה לפסיכולוגיה,60584-01,ב' - 2.00,ה',1200 - 1400,חדר מחלקה,מחלקה
מחלקה המחלקה לפסיכולוגיה,605850-20,ב' - 2.00,א',0800 - 1000,חוץ קמפוס,999
מחלקה המחלקה לפסיכולוגיה,605850-21,ב' - 2.00,א',1000 - 1200,חוץ קמפוס,999
מחלקה המחלקה לפסיכולוגיה,60602-20,א' - 2.00,ד',1400 - 1600,חוץ קמפוס,999
מחלקה המחלקה לפסיכולוגיה,60691-20,ב' - 2.00,א',1400 - 1600,חוץ קמפוס,999
מחלקה המחלקה לפסיכולוגיה,60699-01,"א' - 8.00
 ב' - 8.00",ג',0800 - 1600,חדר מחלקה,מחלקה
מחלקה המחלקה לפסיכולוגיה,60701-01,ב' - 2.00,ה',1600 - 1800,חברה-902,301
מחלקה המחלקה לפסיכולוגיה,60702-01,ב' - 2.00,ה',1000 - 1200,חברה-902,301
מחלקה המחלקה לפסיכולוגיה,60703-01,א' - 2.00,ב',1600 - 1800,חברה-902,102
מחלקה המחלקה לפסיכולוגיה,60705-01,א' - 2.00,ד',1400 - 1600,חברה-902,201
מחלקה המחלקה לפסיכולוגיה,60726-01,א' - 2.00,ד',1200 - 1400,חברה-902,202
מחלקה המחלקה לפסיכולוגיה,60726-40,ב' - 2.00,ו',1000 - 1200,נלמד בזום,999
מחלקה המחלקה לפסיכולוגיה,60765-01,א' - 2.00,ב',1400 - 1600,חברה-902,12
מחלקה המחלקה לפסיכולוגיה,60765-02,א' - 2.00,ב',1200 - 1400,חברה-902,301
מחלקה המחלקה לפסיכולוגיה,60766-01,א' - 2.00,ב',1000 - 1200,חדר מחלקה,מחלקה
מחלקה המחלקה לפסיכולוגיה,60766-02,א' - 2.00,ב',1000 - 1200,חברה-902,301
מחלקה המחלקה לפסיכולוגיה,60767-01,ב' - 2.00,ה',1200 - 1400,חברה-902,301
מחלקה המחלקה לפסיכולוגיה,60768-01,א' - 2.00,ה',1600 - 1800,חדר מחלקה,מחלקה
מחלקה המחלקה לפסיכולוגיה,60771-01,ב' - 2.00,ג',0800 - 1000,חברה-902,301
מחלקה המחלקה לפסיכולוגיה,60771-02,ב' - 2.00,ב',0800 - 1000,חדר מחלקה,מחלקה
מחלקה המחלקה לפסיכולוגיה,608010-40,א' - 2.00,ו',0800 - 1000,נלמד בזום,999
מחלקה המחלקה לפסיכולוגיה,608030-40,ב' - 2.00,ג',1600 - 1800,חברה-902,12
מחלקה המחלקה לפסיכולוגיה,608040-40,א' - 2.00,ג',1800 - 2000,חדר מחלקה,מחלקה
מחלקה המחלקה לפסיכולוגיה,608040-41,א' - 2.00,ג',1800 - 2000,חברה-902,201
מחלקה המחלקה לפסיכולוגיה,60805-01,א' - 2.00,ה',1000 - 1200,נלמד בזום,999
מחלקה המחלקה לפסיכולוגיה,608050-40,ב' - 2.00,ג',1800 - 2000,חברה-902,12
מחלקה המחלקה לפסיכולוגיה,608050-41,ב' - 2.00,ג',1800 - 2000,חברה-902,301
מחלקה המחלקה לפסיכולוגיה,608060-40,א' - 2.00,ג',1800 - 2000,חברה-902,210
מחלקה המחלקה לפסיכולוגיה,608060-41,א' - 2.00,ג',1800 - 2000,חברה-902,12
מחלקה המחלקה לפסיכולוגיה,608070-40,א' - 2.00,ו',0800 - 1000,נלמד בזום,999
מחלקה המחלקה לפסיכולוגיה,608080-40,ב' - 2.00,ו',1200 - 1400,נלמד בזום,999
מחלקה המחלקה לפסיכולוגיה,60810-01,א' - 2.00,ה',1200 - 1400,חברה-902,102
מחלקה המחלקה לפסיכולוגיה,60818-01,א' - 2.00,ה',1000 - 1200,חברה-902,301
מחלקה המחלקה לפסיכולוגיה,60818-02,א' - 2.00,ה',1400 - 1600,חברה-902,210
מחלקה המחלקה לפסיכולוגיה,60831-01,"א' - 4.00
 ב' - 4.00",ג',1000 - 1400,חברה-902,202
מחלקה המחלקה לפסיכולוגיה,60831-02,"א' - 4.00
 ב' - 4.00",ג',1000 - 1400,חברה-902,110
מחלקה המחלקה לפסיכולוגיה,60831-03,"א' - 4.00
 ב' - 4.00",ג',1200 - 1400,חברה-902,101
מחלקה המחלקה לפסיכולוגיה,60831-04,"א' - 4.00
 ב' - 4.00",ג',1000 - 1400,חברה-902,103
מחלקה המחלקה לפסיכולוגיה,60831-05,"א' - 4.00
 ב' - 4.00",ג',"1000 - 1400
1000 - 1400",חברה-902,102
מחלקה המחלקה לפסיכולוגיה,60833-01,"א' - 4.00
 ב' - 4.00",ב',1200 - 1600,חברה-902,102
מחלקה המחלקה לפסיכולוגיה,60833-02,"א' - 4.00
 ב' - 4.00",ב',1200 - 1600,חדר מחלקה,מחלקה
מחלקה המחלקה לפסיכולוגיה,60833-03,"א' - 4.00
 ב' - 4.00",ב',1200 - 1600,חברה-902,101
מחלקה המחלקה לפסיכולוגיה,60833-04,"א' - 4.00
 ב' - 4.00",ב',1200 - 1600,חברה-902,210
מחלקה המחלקה לפסיכולוגיה,60833-05,"א' - 4.00
 ב' - 4.00",ב',1200 - 1600,חברה-902,109
מחלקה המחלקה לפסיכולוגיה,60833-06,"א' - 4.00
 ב' - 4.00",ב',1200 - 1600,חברה-902,201
מחלקה המחלקה לפסיכולוגיה,60835-01,"א' - 2.00
 ב' - 2.00",ב',1000 - 1200,חברה-902,107
מחלקה המחלקה לפסיכולוגיה,60835-02,"א' - 2.00
 ב' - 2.00","ה',ב'","1000 - 1200
1000 - 1200",חברה-902,"107
301"
מחלקה המחלקה לפסיכולוגיה,60837-01,א' - 2.00,ג',0800 - 1000,חברה-902,301
מחלקה המחלקה לפסיכולוגיה,60837-02,א' - 2.00,ג',0800 - 1000,חברה-902,103
מחלקה המחלקה לפסיכולוגיה,60837-03,א' - 2.00,ג',1600 - 1800,חברה-902,202
מחלקה המחלקה לפסיכולוגיה,60838-01,ב' - 2.00,ה',1600 - 1800,חברה-902,107
מחלקה המחלקה לפסיכולוגיה,60839-01,"א' - 2.00
 ב' - 2.00",ד',0800 - 1000,חברה-902,101
מחלקה המחלקה לפסיכולוגיה,60849-01,"א' - 2.00
 ב' - 2.00",א',"1000 - 1200
1000 - 1200",חדר מחלקה,מחלקה
מחלקה המחלקה לפסיכולוגיה,60850-01,"א' - 2.00
 ב' - 2.00",ד',"1000 - 1200
1000 - 1200",חברה-902,"12
210"
מחלקה המחלקה לפסיכולוגיה,60850-02,"א' - 2.00
 ב' - 2.00",ד',"1200 - 1400
1200 - 1400",חדר מחלקה,מחלקה
מחלקה המחלקה לפסיכולוגיה,60859-01,"א' - 8.00
 ב' - 8.00",ד',"0800 - 1600
0800 - 1600",חדר מחלקה,מחלקה
מחלקה המחלקה לפסיכולוגיה,60885-01,ב' - 2.00,ה',1200 - 1400,חברה-902,12
מחלקה המחלקה לפסיכולוגיה,60886-01,ב' - 2.00,ב',1600 - 1800,מ.ישראל-605,102
מחלקה המחלקה לפסיכולוגיה,60886-40,ב' - 2.00,ו',0800 - 1000,נלמד בזום,999
מחלקה המחלקה לפסיכולוגיה,60898-40,א' - 2.00,ו',1000 - 1200,נלמד בזום,999
מחלקה המחלקה לפסיכולוגיה,609000-01,א' - 2.00,ה',1000 - 1200,חברה-902,202
מחלקה המחלקה לפסיכולוגיה,60910-01,ב' - 4.00,"ד',ה'","1600 - 1800
1200 - 1400",חברה-902,"202
101"
מחלקה המחלקה לפסיכולוגיה,60915-01,"א' - 2.00
 ב' - 2.00",ד',"1400 - 1600
1400 - 1600",חברה-902,103
מחלקה המחלקה לפסיכולוגיה,60915-02,"א' - 1.00
 ב' - 1.00",ד',0800 - 0900,חברה-902,104
מחלקה המחלקה לפסיכולוגיה,60921-01,"א' - 2.00
 ב' - 2.00",ה',"1400 - 1600
1400 - 1600",חברה-902,301
מחלקה המחלקה לפסיכולוגיה,60927-01,א' - 2.00,ה',1600 - 1800,חברה-902,301
מחלקה המחלקה לפסיכולוגיה,60927-02,א' - 2.00,ה',1800 - 2000,חברה-902,12
מחלקה המחלקה לפסיכולוגיה,60927-40,א' - 2.00,ג',1600 - 1800,חדר מחלקה,מחלקה
מחלקה המחלקה לפסיכולוגיה,60929-01,א' - 2.00,ה',1000 - 1200,חברה-902,210
מחלקה המחלקה לפסיכולוגיה,60929-40,א' - 2.00,ו',1200 - 1400,נלמד בזום,999
מחלקה המחלקה לפסיכולוגיה,60931-40,ב' - 2.00,ו',1200 - 1400,נלמד בזום,999
מחלקה המחלקה לפסיכולוגיה,60939-01,"א' - 2.00
 ב' - 2.00",א',1200 - 1400,חדר מחלקה,מחלקה
מחלקה המחלקה לפסיכולוגיה,60957-01,ב' - 2.00,ד',1400 - 1600,חברה-902,301
מחלקה המחלקה לניהול,55500-01,א' - 2.00,ו',0800 - 1000,מ.ישראל-507,4
מחלקה המחלקה לניהול,55500-02,א' - 2.00,ו',0800 - 1000,מ.ישראל-505,62
מחלקה המחלקה לניהול,55501-01,ב' - 2.00,ו',1000 - 1200,מ.ישראל-505,3
מחלקה המחלקה לניהול,55502-01,ב' - 2.00,ה',1600 - 1800,מ.ישראל-605,65
מחלקה המחלקה לניהול,55502-03,ב' - 2.00,ה',1800 - 2000,מ.ישראל-505,106
מחלקה המחלקה לניהול,55502-04,ב' - 2.00,ו',0800 - 1000,מ.ישראל-605,12
מחלקה המחלקה לניהול,55502-05,ב' - 2.00,ג',1200 - 1400,טרם שובץ,טרם שובץ
מחלקה המחלקה לניהול,55502-06,ב' - 2.00,ג',1600 - 1800,טרם שובץ,טרם שובץ
מחלקה המחלקה לניהול,55504-01,א' - 2.00,ה',1800 - 2000,מ.ישראל-605,65
מחלקה המחלקה לניהול,55505-01,א' - 2.00,ו',1200 - 1400,מ.ישראל-507,4
מחלקה המחלקה לניהול,55509-01,ב' - 2.00,ו',1200 - 1400,מ.ישראל-505,3
מחלקה המחלקה לניהול,55600-01,ב' - 2.00,ו',1000 - 1200,חדר מחלקה,מחלקה
מחלקה המחלקה לניהול,55601-01,א' - 4.00,ה',1800 - 2200,מ.ישראל-502,6
מחלקה המחלקה לניהול,55601-02,א' - 4.00,ג',1600 - 2000,חדר מחלקה,מחלקה
מחלקה המחלקה לניהול,55602-01,ב' - 2.00,ה',1800 - 2000,מ.ישראל-604,14
מחלקה המחלקה לניהול,55604-01,ב' - 2.00,ה',1800 - 2000,מ.ישראל-604,205
מחלקה המחלקה לניהול,55604-02,ב' - 2.00,ג',1000 - 1200,טרם שובץ,טרם שובץ
"מחלקה ביה""ס לתקשורת",63011-01,א' - 2.00,ג',1600 - 1800,טבע-213,4
"מחלקה ביה""ס לתקשורת",63011-18,א' - 2.00,ג',1400 - 1600,סטודנטים-105,4
"מחלקה ביה""ס לתקשורת",63012-01,ב' - 2.00,ג',1200 - 1400,סטודנטים-102,2
"מחלקה ביה""ס לתקשורת",63012-18,א' - 2.00,ג',1200 - 1400,סטודנטים-105,102
"מחלקה ביה""ס לתקשורת",63013-01,א' - 2.00,ג',1200 - 1400,סטודנטים-105,5
"מחלקה ביה""ס לתקשורת",63013-02,א' - 2.00,ג',1400 - 1600,סטודנטים-105,5
"מחלקה ביה""ס לתקשורת",63013-18,ב' - 2.00,ג',0800 - 1000,סטודנטים-105,105
"מחלקה ביה""ס לתקשורת",63016-01,ב' - 2.00,ג',1600 - 1800,מ.ישראל-604,13
"מחלקה ביה""ס לתקשורת",63021-01,ב' - 2.00,ב',1400 - 1600,טבע-207,1
"מחלקה ביה""ס לתקשורת",63021-18,א' - 2.00,ד',0800 - 1000,סטודנטים-105,102
"מחלקה ביה""ס לתקשורת",63022-01,א' - 2.00,ב',1000 - 1200,טבע-207,1
"מחלקה ביה""ס לתקשורת",63022-02,א' - 1.00,ב',1200 - 1300,סטודנטים-105,106
"מחלקה ביה""ס לתקשורת",63022-03,א' - 1.00,ב',1300 - 1400,סטודנטים-105,106
"מחלקה ביה""ס לתקשורת",63022-18,א' - 2.00,ג',1000 - 1200,סטודנטים-105,105
"מחלקה ביה""ס לתקשורת",63022-19,א' - 1.00,ג',1200 - 1300,סטודנטים-105,105
"מחלקה ביה""ס לתקשורת",63023-01,ב' - 2.00,ב',1000 - 1200,טבע-207,1
"מחלקה ביה""ס לתקשורת",63023-02,ב' - 1.00,ב',1200 - 1300,סטודנטים-105,101
"מחלקה ביה""ס לתקשורת",63023-03,ב' - 1.00,ב',1300 - 1400,סטודנטים-105,101
"מחלקה ביה""ס לתקשורת",63023-18,ב' - 2.00,ד',1600 - 1800,יהדות-404,115
"מחלקה ביה""ס לתקשורת",63023-19,ב' - 1.00,ד',1800 - 1900,יהדות-404,115
"מחלקה ביה""ס לתקשורת",63232-01,ב' - 2.00,ד',1200 - 1400,יהדות-403,101
"מחלקה ביה""ס לתקשורת",63243-01,ב' - 2.00,ד',1600 - 1800,סטודנטים-105,61
"מחלקה ביה""ס לתקשורת",63246-01,א' - 2.00,ד',1200 - 1400,יהדות-404,102
"מחלקה ביה""ס לתקשורת",63251-01,א' - 2.00,ד',1600 - 1800,מ.ישראל-505,104
"מחלקה ביה""ס לתקשורת",63251-18,א' - 2.00,ד',1400 - 1600,מ.ישראל-505,4
"מחלקה ביה""ס לתקשורת",63252-01,א' - 2.00,ד',1400 - 1600,סטודנטים-105,6
"מחלקה ביה""ס לתקשורת",63253-01,ב' - 2.00,ד',1600 - 1800,יהדות-403,101
"מחלקה ביה""ס לתקשורת",63253-18,א' - 2.00,ד',1600 - 1800,סטודנטים-102,4
"מחלקה ביה""ס לתקשורת",63254-18,א' - 2.00,ב',1600 - 1800,סטודנטים-105,1
"מחלקה ביה""ס לתקשורת",63256-18,ב' - 2.00,ג',1600 - 1800,סטודנטים-102,2
"מחלקה ביה""ס לתקשורת",63257-01,ב' - 2.00,ד',1400 - 1600,סטודנטים-105,5
"מחלקה ביה""ס לתקשורת",63258-01,א' - 2.00,ג',1000 - 1200,סטודנטים-105,6
"מחלקה ביה""ס לתקשורת",63261-18,ב' - 2.00,ד',1600 - 1800,סטודנטים-105,1
"מחלקה ביה""ס לתקשורת",63262-01,ב' - 2.00,ד',1000 - 1200,סטודנטים-105,105
"מחלקה ביה""ס לתקשורת",63423-18,"א' - 2.00
 ב' - 2.00",ד',"1200 - 1400
1200 - 1400",סטודנטים-105,5
"מחלקה ביה""ס לתקשורת",63429-01,"א' - 2.00
 ב' - 2.00",ג',"1200 - 1400
1200 - 1400",סטודנטים-105,"6
1"
"מחלקה ביה""ס לתקשורת",63450-01,"א' - 2.00
 ב' - 2.00",ג',1400 - 1600,סטודנטים-105,3
"מחלקה ביה""ס לתקשורת",63934-01,"א' - 2.00
 ב' - 2.00",ב',1800 - 2000,מ.ישראל-504,5
"מחלקה ביה""ס לתקשורת",63934-02,"א' - 2.00
 ב' - 2.00",ד',"1800 - 2000
1800 - 2000","יהדות-404
משפטים-305","102
133"
"מחלקה ביה""ס לתקשורת",63938-18,א' - 2.00,ג',1600 - 1800,סטודנטים-105,105
"מחלקה ביה""ס לתקשורת",63944-18,ב' - 4.00,ד',1600 - 2000,יהדות-404,114
"מחלקה ביה""ס לתקשורת",63946-01,א' - 2.00,ב',1600 - 1800,סטודנטים-105,6
"מחלקה ביה""ס לתקשורת",63948-01,ב' - 2.00,ב',1600 - 1800,סטודנטים-105,105
"מחלקה ביה""ס לתקשורת",63950-01,ב' - 2.00,ד',1600 - 1800,יהדות-404,102
מחלקה המחלקה לסוציולוגיה ואנתרופולוגיה,641010-01,א' - 2.00,ד',1600 - 1800,משפטים-304,3
מחלקה המחלקה לסוציולוגיה ואנתרופולוגיה,64101-01,א' - 2.00,ד',1600 - 1800,משפטים-304,3
מחלקה המחלקה לסוציולוגיה ואנתרופולוגיה,64101-02,א' - 1.00,ד',1000 - 1100,מ.ישראל-605,14
מחלקה המחלקה לסוציולוגיה ואנתרופולוגיה,64101-03,א' - 1.00,ד',1100 - 1200,מ.ישראל-605,14
מחלקה המחלקה לסוציולוגיה ואנתרופולוגיה,64101-20,א' - 2.00,א',1800 - 2000,חוץ קמפוס,999
מחלקה המחלקה לסוציולוגיה ואנתרופולוגיה,64101-21,א' - 1.00,ד',2000 - 2100,חוץ קמפוס,999
מחלקה המחלקה לסוציולוגיה ואנתרופולוגיה,641030-01,א' - 2.00,ד',0800 - 1000,מ.ישראל-505,2
מחלקה המחלקה לסוציולוגיה ואנתרופולוגיה,64103-01,א' - 2.00,ד',0800 - 1000,מ.ישראל-505,2
מחלקה המחלקה לסוציולוגיה ואנתרופולוגיה,64103-02,א' - 1.00,ד',1000 - 1100,מ.ישראל-505,5
מחלקה המחלקה לסוציולוגיה ואנתרופולוגיה,64103-03,א' - 1.00,ד',1100 - 1200,מ.ישראל-505,5
מחלקה המחלקה לסוציולוגיה ואנתרופולוגיה,64103-20,ב' - 2.00,א',1400 - 1600,חוץ קמפוס,999
מחלקה המחלקה לסוציולוגיה ואנתרופולוגיה,64103-21,ב' - 1.00,ד',1600 - 1700,חוץ קמפוס,999
מחלקה המחלקה לסוציולוגיה ואנתרופולוגיה,64103-22,ב' - 1.00,א',1700 - 1800,חוץ קמפוס,999
מחלקה המחלקה לסוציולוגיה ואנתרופולוגיה,641050-01,ב' - 2.00,ד',1000 - 1200,מ.ישראל-507,105
מחלקה המחלקה לסוציולוגיה ואנתרופולוגיה,64105-01,ב' - 2.00,ד',1000 - 1200,מ.ישראל-507,105
מחלקה המחלקה לסוציולוגיה ואנתרופולוגיה,64106-01,א' - 2.00,ג',1200 - 1400,מ.ישראל-605,101
מחלקה המחלקה לסוציולוגיה ואנתרופולוגיה,64106-02,א' - 2.00,ג',0800 - 1000,מ.ישראל-605,101
מחלקה המחלקה לסוציולוגיה ואנתרופולוגיה,64109-01,א' - 2.00,ג',1000 - 1200,מ.ישראל-605,101
מחלקה המחלקה לסוציולוגיה ואנתרופולוגיה,64109-02,א' - 2.00,ג',0800 - 1000,מ.ישראל-505,203
מחלקה המחלקה לסוציולוגיה ואנתרופולוגיה,64109-03,א' - 2.00,ג',1200 - 1400,מ.ישראל-505,203
מחלקה המחלקה לסוציולוגיה ואנתרופולוגיה,64123-01,א' - 2.00,ג',1400 - 1600,מ.ישראל-505,62
מחלקה המחלקה לסוציולוגיה ואנתרופולוגיה,64203-01,א' - 2.00,ג',1600 - 1800,מ.ישראל-604,12
מחלקה המחלקה לסוציולוגיה ואנתרופולוגיה,64203-02,א' - 2.00,ד',0800 - 1000,מ.ישראל-505,5
מחלקה המחלקה לסוציולוגיה ואנתרופולוגיה,64203-03,א' - 2.00,ב',0800 - 1000,מ.ישראל-604,104
מחלקה המחלקה לסוציולוגיה ואנתרופולוגיה,64207-01,ב' - 2.00,ג',1000 - 1200,מ.ישראל-507,1
מחלקה המחלקה לסוציולוגיה ואנתרופולוגיה,64207-02,ב' - 2.00,ג',0800 - 1000,מ.ישראל-505,203
מחלקה המחלקה לסוציולוגיה ואנתרופולוגיה,64207-03,ב' - 2.00,ג',1200 - 1400,מ.ישראל-505,203
מחלקה המחלקה לסוציולוגיה ואנתרופולוגיה,64209-20,ב' - 2.00,א',1800 - 2000,חוץ קמפוס,999
מחלקה המחלקה לסוציולוגיה ואנתרופולוגיה,64209-21,ב' - 1.00,ד',2000 - 2100,חוץ קמפוס,999
מחלקה המחלקה לסוציולוגיה ואנתרופולוגיה,64210-01,ב' - 2.00,ד',0800 - 1000,יהדות-404,101
מחלקה המחלקה לסוציולוגיה ואנתרופולוגיה,64212-01,א' - 2.00,ג',1400 - 1600,מ.ישראל-604,61
מחלקה המחלקה לסוציולוגיה ואנתרופולוגיה,64213-01,ב' - 2.00,ג',1400 - 1600,מ.ישראל-507,105
מחלקה המחלקה לסוציולוגיה ואנתרופולוגיה,642150-01,ב' - 2.00,ד',1600 - 1800,יהדות-403,67
מחלקה המחלקה לסוציולוגיה ואנתרופולוגיה,64215-01,ב' - 2.00,ד',1600 - 1800,יהדות-403,67
מחלקה המחלקה לסוציולוגיה ואנתרופולוגיה,64303-01,א' - 2.00,ב',1200 - 1400,מ.ישראל-507,201
מחלקה המחלקה לסוציולוגיה ואנתרופולוגיה,64303-02,א' - 1.00,ב',1600 - 1800,מ.ישראל-505,104
מחלקה המחלקה לסוציולוגיה ואנתרופולוגיה,64303-03,א' - 1.00,ב',1600 - 1800,חדר מחלקה,מחלקה
מחלקה המחלקה לסוציולוגיה ואנתרופולוגיה,64304-01,ב' - 2.00,ב',1200 - 1400,מ.ישראל-604,61
מחלקה המחלקה לסוציולוגיה ואנתרופולוגיה,64304-02,ב' - 1.00,ב',1600 - 1700,מ.ישראל-505,4
מחלקה המחלקה לסוציולוגיה ואנתרופולוגיה,64304-03,ב' - 1.00,ב',1700 - 1800,מ.ישראל-505,4
מחלקה המחלקה לסוציולוגיה ואנתרופולוגיה,643050-01,א' - 2.00,ב',1400 - 1600,טרם שובץ,טרם שובץ
מחלקה המחלקה לסוציולוגיה ואנתרופולוגיה,64305-01,א' - 2.00,ב',1400 - 1600,משפטים-306,111
מחלקה המחלקה לסוציולוגיה ואנתרופולוגיה,645001-01,ב' - 2.00,ב',1000 - 1200,מ.ישראל-505,62
מחלקה המחלקה לסוציולוגיה ואנתרופולוגיה,645009-01,א' - 2.00,ד',1000 - 1200,מ.ישראל-505,4
מחלקה המחלקה לסוציולוגיה ואנתרופולוגיה,645013-01,ב' - 2.00,ג',1600 - 1800,מ.ישראל-502,25
מחלקה המחלקה לסוציולוגיה ואנתרופולוגיה,645015-01,א' - 2.00,ב',1000 - 1200,מ.ישראל-604,105
מחלקה המחלקה לסוציולוגיה ואנתרופולוגיה,645017-01,ב' - 2.00,ד',1600 - 1800,מ.ישראל-507,2
מחלקה המחלקה לסוציולוגיה ואנתרופולוגיה,645061-01,א' - 2.00,ג',0800 - 1000,מ.ישראל-505,106
מחלקה המחלקה לסוציולוגיה ואנתרופולוגיה,645141-01,ב' - 2.00,ד',0800 - 1000,מ.ישראל-505,5
מחלקה המחלקה לסוציולוגיה ואנתרופולוגיה,645223-01,"א' - 2.00
 ב' - 2.00",ג',1200 - 1400,מ.ישראל-504,1
מחלקה המחלקה לסוציולוגיה ואנתרופולוגיה,645224-01,"א' - 2.00
 ב' - 2.00",ד',1400 - 1600,מ.ישראל-605,65
מחלקה המחלקה לסוציולוגיה ואנתרופולוגיה,645225-01,"א' - 2.00
 ב' - 2.00",ד',"1600 - 1800
1600 - 1800","מ.ישראל-604
מ.ישראל-505","13
104"
מחלקה המחלקה לסוציולוגיה ואנתרופולוגיה,64534-01,ב' - 2.00,ד',1000 - 1200,מ.ישראל-505,3
מחלקה המחלקה לסוציולוגיה ואנתרופולוגיה,64657-01,א' - 2.00,ד',1400 - 1600,מ.ישראל-605,14
מחלקה המחלקה לסוציולוגיה ואנתרופולוגיה,64663-01,"א' - 2.00
 ב' - 2.00",ג',"1000 - 1200
1000 - 1200","מ.ישראל-505
מ.ישראל-504","106
1"
מחלקה המחלקה לסוציולוגיה ואנתרופולוגיה,64665-01,"א' - 2.00
 ב' - 2.00",ג',"1200 - 1400
1200 - 1400",סטודנטים-105,"1
6"
מחלקה המחלקה לסוציולוגיה ואנתרופולוגיה,64666-01,א' - 2.00,ד',1600 - 1800,מ.ישראל-604,103
מחלקה המחלקה לסוציולוגיה ואנתרופולוגיה,64713-01,ב' - 2.00,ב',1400 - 1600,מ.ישראל-505,105
מחלקה המחלקה לסוציולוגיה ואנתרופולוגיה,64717-01,"א' - 2.00
 ב' - 2.00",ד',"1000 - 1200
1000 - 1200","יהדות-403
חברה-902","101
102"
מחלקה המחלקה לסוציולוגיה ואנתרופולוגיה,64791-01,א' - 2.00,ה',1800 - 2000,נלמד בזום,999
מחלקה המחלקה לסוציולוגיה ואנתרופולוגיה,648000-03,ב' - 2.00,ד',1600 - 1800,מ.ישראל-505,202
מחלקה המחלקה לסוציולוגיה ואנתרופולוגיה,648000-04,ב' - 2.00,ד',1600 - 1800,מ.ישראל-605,201
מחלקה המחלקה לסוציולוגיה ואנתרופולוגיה,648001-01,א' - 4.00,ו',0800 - 1200,נלמד בזום,999
מחלקה המחלקה לסוציולוגיה ואנתרופולוגיה,648001-02,א' - 4.00,ו',0800 - 1200,נלמד בזום,999
מחלקה המחלקה לסוציולוגיה ואנתרופולוגיה,648002-01,"א' - 2.00
 ב' - 2.00",ד',1800 - 2000,מ.ישראל-504,5
מחלקה המחלקה לסוציולוגיה ואנתרופולוגיה,648003-01,א' - 2.00,ד',1400 - 1600,מ.ישראל-505,3
מחלקה המחלקה לסוציולוגיה ואנתרופולוגיה,648004-01,א' - 2.00,ד',1600 - 1800,מ.ישראל-604,61
מחלקה המחלקה לסוציולוגיה ואנתרופולוגיה,648005-01,"א' - 2.00
 ב' - 4.00","ד',ו'","1800 - 2000
1800 - 2000
1000 - 1200","מ.ישראל-505
מ.ישראל-504
נלמד בזום","62
2
999"
מחלקה המחלקה לסוציולוגיה ואנתרופולוגיה,648005-02,"א' - 2.00
 ב' - 4.00","ד',ו'","1800 - 2000
1800 - 2000
1000 - 1200","מ.ישראל-505
מ.ישראל-504
נלמד בזום","103
6
999"
מחלקה המחלקה לסוציולוגיה ואנתרופולוגיה,648005-03,"א' - 2.00
 ב' - 4.00","ד',ו'","1800 - 2000
1800 - 2000
1000 - 1200","מ.ישראל-505
מ.ישראל-504
נלמד בזום","65
4
999"
מחלקה המחלקה לסוציולוגיה ואנתרופולוגיה,648008-01,"א' - 2.00
 ב' - 2.00",ד',1800 - 2000,חדר מחלקה,מחלקה
מחלקה המחלקה לסוציולוגיה ואנתרופולוגיה,64809-01,"א' - 1.00
 ב' - 1.00",ו',1200 - 1400,נלמד בזום,999
מחלקה המחלקה לסוציולוגיה ואנתרופולוגיה,648805-01,ב' - 2.00,ד',1400 - 1600,מ.ישראל-605,101
מחלקה המחלקה לסוציולוגיה ואנתרופולוגיה,648811-01,ב' - 2.00,ו',0800 - 1000,נלמד בזום,999
מחלקה המחלקה לסוציולוגיה ואנתרופולוגיה,648814-01,א' - 2.00,ו',1000 - 1200,נלמד בזום,999
מחלקה המחלקה לסוציולוגיה ואנתרופולוגיה,648817-01,א' - 2.00,ו',1200 - 1400,נלמד בזום,999
מחלקה המחלקה לסוציולוגיה ואנתרופולוגיה,648818-01,א' - 2.00,ד',1800 - 2000,מ.ישראל-604,61
מחלקה המחלקה לסוציולוגיה ואנתרופולוגיה,648890-01,א' - 2.00,ו',0800 - 1000,נלמד בזום,999
מחלקה המחלקה לסוציולוגיה ואנתרופולוגיה,648909-01,"א' - 2.00
 ב' - 2.00",ד',1400 - 1600,מ.ישראל-604,205
מחלקה המחלקה לסוציולוגיה ואנתרופולוגיה,648911-01,"א' - 2.00
 ב' - 2.00",ד',1600 - 1800,חברה-902,103
מחלקה המחלקה לסוציולוגיה ואנתרופולוגיה,648912-01,א' - 4.00,ד',1400 - 1800,טבע-203,226
מחלקה המחלקה לסוציולוגיה ואנתרופולוגיה,648913-01,"א' - 2.00
 ב' - 2.00","פרטי קורס  מושג ההביטוס בחיי היומ בארגונים
קוד קורס 648913-01
שם קורס באנגלית The Concept of Habitus in Organizations
מחלקה המחלקה לסוציולוגיה ואנתרופולוגיה
פקולטה מדעי החברה
סוג מפגש סמינריון
מרצה פרופ' ברוך שמעוני
שעות סמסטר א' - 2.00
סמסטר ב' - 2.00
נ""ז 4.00
הערה
 ד'
שעה 1400 - 1600
בניין
חברה-905
חדר
116
אפיונים מודל - אתר מלווה קורס
תאריכי בחינות",1400 - 1600,חברה-905,116
מחלקה המחלקה לסוציולוגיה ואנתרופולוגיה,64922-01,א' - 2.00,ו',1200 - 1400,נלמד בזום,999
מחלקה המחלקה לסוציולוגיה ואנתרופולוגיה,64945-01,"א' - 1.00
 ב' - 1.00",ד',1000 - 1200,חדר מחלקה,מחלקה
מחלקה המחלקה לסוציולוגיה ואנתרופולוגיה,64952-01,ב' - 2.00,ו',1000 - 1200,נלמד בזום,999
מחלקה המחלקה לסוציולוגיה ואנתרופולוגיה,64960-01,ב' - 2.00,ו',0800 - 1000,נלמד בזום,999
מחלקה המחלקה לסוציולוגיה ואנתרופולוגיה,64983-01,א' - 2.00,ו',1000 - 1200,נלמד בזום,999
מחלקה המחלקה לסוציולוגיה ואנתרופולוגיה,64985-01,א' - 4.00,ד',1400 - 1800,מ.ישראל-605,64
מחלקה המחלקה לסוציולוגיה ואנתרופולוגיה,64985-02,א' - 4.00,ד',1400 - 1800,מ.ישראל-604,14
מחלקה המחלקה לסוציולוגיה ואנתרופולוגיה,64985-03,א' - 4.00,ד',1400 - 1800,מ.ישראל-604,104
מחלקה המחלקה לסוציולוגיה ואנתרופולוגיה,649910-01,א' - 2.00,ו',1200 - 1400,נלמד בזום,999
מחלקה המחלקה לסוציולוגיה ואנתרופולוגיה,64991-01,ב' - 2.00,ד',1400 - 1600,מ.ישראל-502,26
מחלקה המחלקה לסוציולוגיה ואנתרופולוגיה,64992-01,ב' - 2.00,ד',1400 - 1600,מ.ישראל-507,2
מחלקה המחלקה לסוציולוגיה ואנתרופולוגיה,64996-01,א' - 2.00,ו',0800 - 1000,נלמד בזום,999
מחלקה המחלקה לסוציולוגיה ואנתרופולוגיה,64997-01,"א' - 2.00
 ב' - 2.00",ד',1400 - 1600,מ.ישראל-505,63
מחלקה המחלקה לכלכלה,66024-01,ב' - 3.00,ד',1400 - 1700,מ.ישראל-507,201
מחלקה המחלקה לכלכלה,66027-01,א' - 3.00,ד',1400 - 1700,מ.ישראל-507,102
מחלקה המחלקה לכלכלה,66030-80,ב' - 3.00,ב',1600 - 1900,סטודנטים-102,2
מחלקה המחלקה לכלכלה,661000-01,ב' - 2.00,ב',2000 - 2200,מ.ישראל-505,101
מחלקה המחלקה לכלכלה,661001-01,ב' - 2.00,ה',1600 - 1800,משפטים-304,3
מחלקה המחלקה לכלכלה,661001-02,א' - 2.00,א',1800 - 2000,משפטים-304,3
מחלקה המחלקה לכלכלה,66101-01,א' - 3.00,"א',ג'","1000 - 1200
1400 - 1500",מ.ישראל-507,7
מחלקה המחלקה לכלכלה,66101-02,א' - 1.00,ג',1500 - 1600,מ.ישראל-507,7
מחלקה המחלקה לכלכלה,66101-03,א' - 3.00,"ב',ד'","0900 - 1100
0900 - 1000","וואהל 1401
מ.ישראל-507","3
7"
מחלקה המחלקה לכלכלה,66101-04,א' - 1.00,ד',1000 - 1100,מ.ישראל-507,7
מחלקה המחלקה לכלכלה,66101-06,"א' - 2.00
 ב' - 0.00",א',1800 - 2000,נלמד בזום,999
מחלקה המחלקה לכלכלה,66101-07,"א' - 2.00
 ב' - 0.00",א',1800 - 2000,נלמד בזום,999
מחלקה המחלקה לכלכלה,66101-11,ב' - 3.00,"ב',ה'","2000 - 2200
1800 - 1900",נלמד בזום,999
מחלקה המחלקה לכלכלה,66101-12,ב' - 1.00,ה',1900 - 2000,נלמד בזום,999
מחלקה המחלקה לכלכלה,66101-30,א' - 3.00,ד',0800 - 1100,מ.ישראל-604,205
מחלקה המחלקה לכלכלה,66101-31,א' - 1.00,ד',1100 - 1200,מ.ישראל-604,205
מחלקה המחלקה לכלכלה,66101-75,א' - 3.00,ד',1500 - 1800,מ.ישראל-504,1
מחלקה המחלקה לכלכלה,66101-76,א' - 1.00,ד',1800 - 1900,מ.ישראל-504,1
מחלקה המחלקה לכלכלה,66102-01,ב' - 3.00,ב',0800 - 1100,מ.ישראל-507,7
מחלקה המחלקה לכלכלה,66102-02,ב' - 1.00,ג',1000 - 1200,מ.ישראל-507,7
מחלקה המחלקה לכלכלה,66102-03,ב' - 3.00,ד',1100 - 1400,חברה-905,63
מחלקה המחלקה לכלכלה,66102-04,ב' - 1.00,ג',1200 - 1400,חברה-901,61
מחלקה המחלקה לכלכלה,66102-05,ב' - 1.00,ג',1000 - 1200,חדר מחלקה,מחלקה
מחלקה המחלקה לכלכלה,66102-06,ב' - 1.00,ג',1200 - 1400,חדר מחלקה,מחלקה
מחלקה המחלקה לכלכלה,66106-01,א' - 2.00,א',1600 - 1800,מינץ-403,69
מחלקה המחלקה לכלכלה,66110-01,א' - 2.00,א',1200 - 1400,מ.ישראל-507,7
מחלקה המחלקה לכלכלה,66110-02,א' - 1.00,א',1400 - 1500,מ.ישראל-501,25
מחלקה המחלקה לכלכלה,66110-03,א' - 2.00,ב',1400 - 1600,חברה-905,61
מחלקה המחלקה לכלכלה,66110-04,א' - 1.00,ב',1600 - 1700,חברה-905,61
מחלקה המחלקה לכלכלה,66110-07,א' - 1.00,ב',1700 - 1800,חברה-905,61
מחלקה המחלקה לכלכלה,66110-08,א' - 1.00,א',1500 - 1600,מ.ישראל-501,25
מחלקה המחלקה לכלכלה,66111-01,ב' - 2.00,ב',1400 - 1600,מ.ישראל-507,7
מחלקה המחלקה לכלכלה,66111-02,ב' - 1.00,ב',1600 - 1700,מ.ישראל-501,25
מחלקה המחלקה לכלכלה,66111-03,ב' - 2.00,ד',1500 - 1700,מ.ישראל-507,7
מחלקה המחלקה לכלכלה,66111-04,ב' - 1.00,ד',1700 - 1800,מ.ישראל-507,107
מחלקה המחלקה לכלכלה,66111-07,ב' - 1.00,ד',1800 - 1900,מ.ישראל-507,107
מחלקה המחלקה לכלכלה,66111-08,ב' - 1.00,ב',1700 - 1800,מ.ישראל-501,25
מחלקה המחלקה לכלכלה,66111-75,ב' - 2.00,א',0800 - 1000,מ.ישראל-604,63
מחלקה המחלקה לכלכלה,66111-76,ב' - 1.00,א',1000 - 1100,מ.ישראל-604,63
מחלקה המחלקה לכלכלה,66127-01,ב' - 4.00,א',0900 - 1300,חברה-905,61
מחלקה המחלקה לכלכלה,66153-01,א' - 2.00,ג',0800 - 1000,וואהל 1401,3
מחלקה המחלקה לכלכלה,66153-02,א' - 1.00,ג',1000 - 1100,וואהל 1401,3
מחלקה המחלקה לכלכלה,66153-03,א' - 2.00,ד',1100 - 1300,מ.ישראל-507,7
מחלקה המחלקה לכלכלה,66153-04,א' - 1.00,ד',1300 - 1400,מ.ישראל-507,7
מחלקה המחלקה לכלכלה,66153-06,א' - 2.00,ה',1800 - 2000,נלמד בזום,999
מחלקה המחלקה לכלכלה,66154-02,ב' - 1.00,ג',0800 - 0900,נלמד בזום,999
מחלקה המחלקה לכלכלה,66154-03,ב' - 1.00,ג',0900 - 1000,נלמד בזום,999
מחלקה המחלקה לכלכלה,66154-04,ב' - 1.00,ד',0800 - 0900,נלמד בזום,999
מחלקה המחלקה לכלכלה,66154-05,ב' - 1.00,ד',0900 - 1000,נלמד בזום,999
מחלקה המחלקה לכלכלה,66161-01,ב' - 2.00,ג',1500 - 1700,מ.ישראל-507,7
מחלקה המחלקה לכלכלה,66161-02,ב' - 1.00,ג',1700 - 1800,מ.ישראל-507,7
מחלקה המחלקה לכלכלה,661911-01,א' - 3.00,ה',0800 - 1100,חברה-905,63
מחלקה המחלקה לכלכלה,661911-02,א' - 3.00,ה',1100 - 1400,חברה-905,63
מחלקה המחלקה לכלכלה,661911-60,א' - 3.00,ג',0800 - 1100,מ.ישראל-605,12
מחלקה המחלקה לכלכלה,661911-61,א' - 3.00,ג',1100 - 1400,מ.ישראל-605,12
מחלקה המחלקה לכלכלה,66191-20,א' - 6.00,ו',0800 - 1400,נלמד בזום,999
מחלקה המחלקה לכלכלה,661921-01,ב' - 3.00,ה',0800 - 1100,חברה-905,63
מחלקה המחלקה לכלכלה,661921-02,ב' - 3.00,ה',1100 - 1400,חברה-905,63
מחלקה המחלקה לכלכלה,661921-60,ב' - 3.00,ב',0800 - 1100,מ.ישראל-605,12
מחלקה המחלקה לכלכלה,661921-61,ב' - 3.00,ב',1100 - 1400,מ.ישראל-605,12
מחלקה המחלקה לכלכלה,66192-20,ב' - 6.00,ו',0800 - 1400,נלמד בזום,999
מחלקה המחלקה לכלכלה,66193-01,ב' - 3.00,א',1600 - 1900,חברה-905,63
מחלקה המחלקה לכלכלה,66193-02,ב' - 1.00,א',1900 - 2000,חברה-905,63
מחלקה המחלקה לכלכלה,66193-20,ב' - 4.00,ג',1600 - 2000,חברה-905,61
מחלקה המחלקה לכלכלה,66193-60,ב' - 4.00,ב',1500 - 1900,מ.ישראל-605,12
מחלקה המחלקה לכלכלה,661960-01,א' - 4.00,ד',1700 - 2100,נלמד בזום,999
מחלקה המחלקה לכלכלה,66201-01,א' - 2.00,א',1200 - 1400,וואהל 1401,3
מחלקה המחלקה לכלכלה,66201-02,א' - 1.00,א',1400 - 1500,וואהל 1401,3
מחלקה המחלקה לכלכלה,66201-03,א' - 2.00,ב',1300 - 1500,וואהל 1401,3
מחלקה המחלקה לכלכלה,66201-04,א' - 1.00,ב',1500 - 1600,וואהל 1401,3
מחלקה המחלקה לכלכלה,66201-06,"א' - 2.00
 ב' - 0.00",ה',0900 - 1100,נלמד בזום,999
מחלקה המחלקה לכלכלה,66201-07,"א' - 2.00
 ב' - 0.00",ה',1100 - 1300,נלמד בזום,999
מחלקה המחלקה לכלכלה,66202-01,ב' - 2.00,א',1700 - 1900,מ.ישראל-507,7
מחלקה המחלקה לכלכלה,66202-02,ב' - 1.00,א',1900 - 2000,מ.ישראל-507,7
מחלקה המחלקה לכלכלה,66202-03,ב' - 2.00,ד',1100 - 1300,מ.ישראל-507,7
מחלקה המחלקה לכלכלה,66202-04,ב' - 1.00,ד',1300 - 1400,מ.ישראל-507,7
מחלקה המחלקה לכלכלה,66202-06,"א' - 0.00
 ב' - 2.00",ה',1200 - 1400,נלמד בזום,999
מחלקה המחלקה לכלכלה,66202-07,"א' - 0.00
 ב' - 2.00",ה',1200 - 1400,נלמד בזום,999
מחלקה המחלקה לכלכלה,66213-01,א' - 3.00,"א',ד'","1500 - 1700
1400 - 1500","וואהל 1401
מ.ישראל-507","3
7"
מחלקה המחלקה לכלכלה,66213-02,א' - 1.00,ד',1500 - 1600,מ.ישראל-507,7
מחלקה המחלקה לכלכלה,66213-03,א' - 3.00,"א',ב'","1000 - 1200
1600 - 1700",וואהל 1401,3
מחלקה המחלקה לכלכלה,66213-04,א' - 1.00,ב',1700 - 1800,וואהל 1401,3
מחלקה המחלקה לכלכלה,66213-06,"א' - 2.00
 ב' - 0.00",ה',0900 - 1100,נלמד בזום,999
מחלקה המחלקה לכלכלה,66213-07,"א' - 2.00
 ב' - 0.00",ה',1100 - 1300,נלמד בזום,999
מחלקה המחלקה לכלכלה,66214-01,ב' - 3.00,"ב',א'","1300 - 1400
0900 - 1100","חברה-905
וואהל 1401","63
3"
מחלקה המחלקה לכלכלה,66214-02,ב' - 1.00,ב',1400 - 1500,חברה-905,63
מחלקה המחלקה לכלכלה,66214-03,ב' - 3.00,"א',ב'","0900 - 1100
1300 - 1400",וואהל 1401,"1
3"
מחלקה המחלקה לכלכלה,66214-04,ב' - 1.00,ב',1400 - 1500,וואהל 1401,3
מחלקה המחלקה לכלכלה,66214-05,ב' - 3.00,"א',ב'","1200 - 1400
1600 - 1700","וואהל 1401
מ.ישראל-507","1
7"
מחלקה המחלקה לכלכלה,66214-06,ב' - 1.00,ב',1700 - 1800,מ.ישראל-507,7
מחלקה המחלקה לכלכלה,66214-07,ב' - 2.00,ה',1000 - 1200,נלמד בזום,999
מחלקה המחלקה לכלכלה,66214-08,ב' - 1.00,ב',1500 - 1600,טרם שובץ,טרם שובץ
מחלקה המחלקה לכלכלה,66231-01,א' - 2.00,ב',0800 - 1000,מ.ישראל-501,25
מחלקה המחלקה לכלכלה,66231-02,א' - 1.00,ב',1000 - 1100,מ.ישראל-501,25
מחלקה המחלקה לכלכלה,66236-01,א' - 2.00,א',1500 - 1700,וואהל 1401,1
מחלקה המחלקה לכלכלה,66236-02,א' - 1.00,א',1700 - 1800,וואהל 1401,1
מחלקה המחלקה לכלכלה,66236-03,א' - 2.00,ד',0900 - 1100,חברה-905,63
מחלקה המחלקה לכלכלה,66236-04,א' - 1.00,ד',1100 - 1200,חברה-905,63
מחלקה המחלקה לכלכלה,66237-01,ב' - 2.00,א',1400 - 1600,מ.ישראל-507,7
מחלקה המחלקה לכלכלה,66237-02,ב' - 1.00,א',1600 - 1700,מ.ישראל-507,7
מחלקה המחלקה לכלכלה,66237-03,ב' - 2.00,ה',1400 - 1600,נלמד בזום,999
מחלקה המחלקה לכלכלה,66237-05,ב' - 2.00,ד',0800 - 1000,מ.ישראל-507,7
מחלקה המחלקה לכלכלה,66237-06,ב' - 1.00,ד',1000 - 1100,מ.ישראל-507,7
מחלקה המחלקה לכלכלה,66237-07,ב' - 2.00,ה',1400 - 1600,נלמד בזום,999
מחלקה המחלקה לכלכלה,662380-01,א' - 2.00,ד',1200 - 1400,חברה-905,63
מחלקה המחלקה לכלכלה,662380-02,א' - 2.00,א',1900 - 2100,נלמד בזום,999
מחלקה המחלקה לכלכלה,66241-01,א' - 2.00,ג',1700 - 1900,מ.ישראל-501,25
מחלקה המחלקה לכלכלה,66251-01,ב' - 2.00,ב',0800 - 1000,משפטים-304,2
מחלקה המחלקה לכלכלה,66251-02,ב' - 1.00,ב',1000 - 1100,משפטים-304,2
מחלקה המחלקה לכלכלה,66251-80,א' - 3.00,ב',1400 - 1700,מ.ישראל-502,37
מחלקה המחלקה לכלכלה,66253-80,ב' - 3.00,ב',1400 - 1700,משפטים-306,111
מחלקה המחלקה לכלכלה,66258-01,א' - 3.00,ב',0800 - 1100,מ.ישראל-507,7
מחלקה המחלקה לכלכלה,66262-01,ב' - 2.00,ד',1500 - 1700,חברה-905,61
מחלקה המחלקה לכלכלה,66262-02,ב' - 2.00,ד',1700 - 1900,חברה-905,61
מחלקה המחלקה לכלכלה,66281-01,א' - 4.00,ג',0800 - 1200,רוח-1002,1
מחלקה המחלקה לכלכלה,66281-02,א' - 4.00,ג',1200 - 1600,רוח-1002,1
מחלקה המחלקה לכלכלה,66281-20,א' - 4.00,ב',0800 - 1200,מ.ישראל-605,11
מחלקה המחלקה לכלכלה,66281-21,א' - 4.00,ב',1200 - 1600,מ.ישראל-605,11
מחלקה המחלקה לכלכלה,66281-60,א' - 4.00,ג',0800 - 1200,מ.ישראל-604,102
מחלקה המחלקה לכלכלה,66281-61,א' - 4.00,ג',1200 - 1600,מ.ישראל-604,102
מחלקה המחלקה לכלכלה,66282-01,ב' - 4.00,ג',0800 - 1200,רוח-1002,1
מחלקה המחלקה לכלכלה,66282-02,ב' - 4.00,ג',1200 - 1600,רוח-1002,1
מחלקה המחלקה לכלכלה,66282-20,ב' - 4.00,ב',0800 - 1200,מ.ישראל-605,11
מחלקה המחלקה לכלכלה,66282-21,ב' - 4.00,ב',1200 - 1600,מ.ישראל-605,11
מחלקה המחלקה לכלכלה,66282-60,ב' - 4.00,ג',0800 - 1200,מ.ישראל-604,102
מחלקה המחלקה לכלכלה,66282-61,ב' - 4.00,ג',1200 - 1600,מ.ישראל-604,102
מחלקה המחלקה לכלכלה,66289-01,ב' - 2.00,ב',0900 - 1100,חברה-905,63
מחלקה המחלקה לכלכלה,66289-02,ב' - 1.00,ב',1100 - 1200,חברה-905,63
מחלקה המחלקה לכלכלה,66289-20,ב' - 3.00,ד',1700 - 2000,רוח-1002,1
מחלקה המחלקה לכלכלה,66289-60,ב' - 3.00,ג',1600 - 1900,מ.ישראל-604,102
מחלקה המחלקה לכלכלה,66290-01,א' - 2.00,ד',1400 - 1600,חברה-905,63
מחלקה המחלקה לכלכלה,66290-02,א' - 1.00,ד',1600 - 1700,חברה-905,63
מחלקה המחלקה לכלכלה,66290-20,א' - 2.00,ד',1400 - 1600,חברה-905,63
מחלקה המחלקה לכלכלה,66290-21,א' - 1.00,ד',1600 - 1700,חברה-905,63
מחלקה המחלקה לכלכלה,66291-01,ב' - 2.00,ד',1700 - 1900,חברה-905,63
מחלקה המחלקה לכלכלה,66291-02,ב' - 2.00,ד',1900 - 2100,חברה-905,63
מחלקה המחלקה לכלכלה,66291-20,ב' - 4.00,ו',0800 - 1200,נלמד בזום,999
מחלקה המחלקה לכלכלה,66291-60,ב' - 4.00,א',1600 - 2000,נלמד בזום,999
מחלקה המחלקה לכלכלה,66295-01,א' - 4.00,ד',1600 - 2000,חברה-901,61
מחלקה המחלקה לכלכלה,66295-20,א' - 4.00,ו',0800 - 1200,נלמד בזום,999
מחלקה המחלקה לכלכלה,66295-60,א' - 4.00,ד',1200 - 1600,מ.ישראל-604,61
מחלקה המחלקה לכלכלה,66320-01,א' - 2.00,ג',1100 - 1300,וואהל 1401,3
מחלקה המחלקה לכלכלה,66322-01,א' - 2.00,ג',0800 - 1000,מ.ישראל-507,7
מחלקה המחלקה לכלכלה,66322-02,א' - 1.00,ג',1000 - 1100,מ.ישראל-507,7
מחלקה המחלקה לכלכלה,66340-01,א' - 2.00,ב',0800 - 1000,חברה-905,61
מחלקה המחלקה לכלכלה,66358-01,א' - 3.00,ד',1100 - 1400,חברה-905,62
מחלקה המחלקה לכלכלה,663911-01,א' - 4.00,א',0800 - 1200,חברה-905,63
מחלקה המחלקה לכלכלה,663911-02,א' - 4.00,א',1200 - 1600,חברה-905,63
מחלקה המחלקה לכלכלה,663911-20,א' - 4.00,א',0800 - 1200,חברה-905,63
מחלקה המחלקה לכלכלה,663911-21,א' - 4.00,א',1200 - 1600,חברה-905,63
מחלקה המחלקה לכלכלה,663921-01,ב' - 4.00,א',0800 - 1200,חברה-905,63
מחלקה המחלקה לכלכלה,663921-02,ב' - 4.00,א',1200 - 1600,חברה-905,63
מחלקה המחלקה לכלכלה,663921-20,ב' - 4.00,א',0800 - 1200,חברה-905,63
מחלקה המחלקה לכלכלה,663921-21,ב' - 4.00,א',1200 - 1600,חברה-905,63
מחלקה המחלקה לכלכלה,66393-01,ב' - 2.00,ג',1600 - 1800,חברה-905,63
מחלקה המחלקה לכלכלה,66393-20,ב' - 2.00,ג',1600 - 1800,חברה-905,63
מחלקה המחלקה לכלכלה,66394-01,ב' - 2.00,ג',0800 - 1000,חברה-905,63
מחלקה המחלקה לכלכלה,66394-20,ב' - 2.00,ג',0800 - 1000,חברה-905,63
מחלקה המחלקה לכלכלה,66398-01,ב' - 4.00,ג',1200 - 1600,חברה-905,63
מחלקה המחלקה לכלכלה,66398-20,ב' - 4.00,ג',1200 - 1600,חברה-905,63
מחלקה המחלקה לכלכלה,66402-01,"א' - 2.00
 ב' - 2.00",ה',0800 - 1000,חדר מחלקה,מחלקה
מחלקה המחלקה לכלכלה,66402-02,"א' - 2.00
 ב' - 2.00",ה',0800 - 1000,חדר מחלקה,מחלקה
מחלקה המחלקה לכלכלה,66402-03,"א' - 2.00
 ב' - 2.00",ה',0800 - 1000,חדר מחלקה,מחלקה
מחלקה המחלקה לכלכלה,66402-04,"א' - 2.00
 ב' - 2.00",ה',1000 - 1200,חדר מחלקה,מחלקה
מחלקה המחלקה לכלכלה,66402-05,"א' - 2.00
 ב' - 2.00",ה',0800 - 1000,חדר מחלקה,מחלקה
מחלקה המחלקה לכלכלה,66402-06,ב' - 4.00,ה',0800 - 1200,חדר מחלקה,מחלקה
מחלקה המחלקה לכלכלה,66402-07,"א' - 2.00
 ב' - 2.00",ה',1000 - 1200,חדר מחלקה,מחלקה
מחלקה המחלקה לכלכלה,66402-08,ב' - 4.00,ה',1200 - 1600,חדר מחלקה,מחלקה
מחלקה המחלקה לכלכלה,66402-09,"א' - 2.00
 ב' - 2.00",ה',1000 - 1200,חדר מחלקה,מחלקה
מחלקה המחלקה לכלכלה,66402-10,ב' - 4.00,ה',0800 - 1200,חדר מחלקה,מחלקה
מחלקה המחלקה לכלכלה,664021-01,"א' - 2.00
 ב' - 2.00",ה',0800 - 1000,חדר מחלקה,מחלקה
מחלקה המחלקה לכלכלה,66402-12,"א' - 2.00
 ב' - 2.00",ה',0800 - 1000,חדר מחלקה,מחלקה
מחלקה המחלקה לכלכלה,66402-13,"א' - 2.00
 ב' - 2.00",ה',0800 - 1000,חדר מחלקה,מחלקה
מחלקה המחלקה לכלכלה,66402-16,"א' - 2.00
 ב' - 2.00",ה',0800 - 1000,חדר מחלקה,מחלקה
מחלקה המחלקה לכלכלה,66402-17,"א' - 2.00
 ב' - 2.00",ה',0800 - 1000,חדר מחלקה,מחלקה
מחלקה המחלקה לכלכלה,66402-18,"א' - 2.00
 ב' - 2.00",ה',0800 - 1000,חדר מחלקה,מחלקה
מחלקה המחלקה לכלכלה,66402-19,"א' - 2.00
 ב' - 2.00",ה',1000 - 1200,חדר מחלקה,מחלקה
מחלקה המחלקה לכלכלה,66402-21,"א' - 2.00
 ב' - 2.00",ה',0800 - 1000,חדר מחלקה,מחלקה
מחלקה המחלקה לכלכלה,66402-22,"א' - 2.00
 ב' - 2.00",ה',1000 - 1200,חדר מחלקה,מחלקה
מחלקה המחלקה לכלכלה,66402-23,"א' - 2.00
 ב' - 2.00",ה',1000 - 1200,חדר מחלקה,מחלקה
מחלקה המחלקה לכלכלה,66404-01,"א' - 2.00
 ב' - 2.00",ה',1200 - 1400,חדר מחלקה,מחלקה
מחלקה המחלקה לכלכלה,66404-02,"א' - 2.00
 ב' - 2.00",ה',1200 - 1400,חדר מחלקה,מחלקה
מחלקה המחלקה לכלכלה,66404-03,"א' - 2.00
 ב' - 2.00",ה',1200 - 1400,חדר מחלקה,מחלקה
מחלקה המחלקה לכלכלה,66404-04,"א' - 2.00
 ב' - 2.00",ה',1200 - 1400,חדר מחלקה,מחלקה
מחלקה המחלקה לכלכלה,664100-01,ב' - 3.00,ג',1000 - 1300,מ.ישראל-604,101
מחלקה המחלקה לכלכלה,664101-01,א' - 3.00,ג',1000 - 1300,מ.ישראל-604,101
מחלקה המחלקה לכלכלה,664102-01,א' - 3.00,ג',1600 - 1900,מ.ישראל-604,101
מחלקה המחלקה לכלכלה,664103-01,ב' - 3.00,א',1300 - 1600,מ.ישראל-604,101
מחלקה המחלקה לכלכלה,664104-01,א' - 3.00,ג',1300 - 1600,מ.ישראל-604,101
מחלקה המחלקה לכלכלה,664105-01,ב' - 3.00,ג',1300 - 1600,מ.ישראל-604,101
מחלקה המחלקה לכלכלה,664106-01,א' - 3.00,א',1300 - 1600,מ.ישראל-604,101
מחלקה המחלקה לכלכלה,664107-01,א' - 3.00,א',1000 - 1300,מ.ישראל-604,101
מחלקה המחלקה לכלכלה,664108-01,א' - 2.00,ד',1600 - 1800,נלמד בזום,999
מחלקה המחלקה לכלכלה,664109-01,א' - 2.00,ד',1800 - 2000,נלמד בזום,999
מחלקה המחלקה לכלכלה,664110-01,ב' - 2.00,ד',1800 - 2000,נלמד בזום,999
מחלקה המחלקה לכלכלה,664111-01,ב' - 2.00,ד',1600 - 1800,נלמד בזום,999
מחלקה המחלקה לכלכלה,664112-01,ב' - 3.00,א',1000 - 1300,מ.ישראל-604,101
מחלקה המחלקה לכלכלה,664113-01,ב' - 3.00,ג',1600 - 1900,מ.ישראל-604,101
מחלקה המחלקה לכלכלה,664200-01,א' - 2.00,א',1600 - 1800,נלמד בזום,999
מחלקה המחלקה לכלכלה,664202-01,א' - 2.00,ד',1300 - 1500,מ.ישראל-507,202
מחלקה המחלקה לכלכלה,664203-01,א' - 2.00,א',1800 - 2000,נלמד בזום,999
מחלקה המחלקה לכלכלה,664204-01,ב' - 3.00,ב',1600 - 1900,מ.ישראל-604,103
מחלקה המחלקה לכלכלה,664206-01,ב' - 4.00,ד',1400 - 1800,מ.ישראל-604,103
מחלקה המחלקה לכלכלה,664207-01,א' - 4.00,ד',1500 - 1900,מ.ישראל-507,202
מחלקה המחלקה לכלכלה,664208-01,ב' - 2.00,ד',1800 - 2000,מ.ישראל-604,103
מחלקה המחלקה לכלכלה,664210-01,א' - 4.00,ב',1000 - 1400,מ.ישראל-507,106
מחלקה המחלקה לכלכלה,664211-01,א' - 3.00,ד',1000 - 1300,מ.ישראל-507,202
מחלקה המחלקה לכלכלה,664212-01,ב' - 4.00,ב',1000 - 1400,מ.ישראל-604,103
מחלקה המחלקה לכלכלה,664213-01,ב' - 4.00,ד',1000 - 1400,מ.ישראל-604,103
מחלקה המחלקה לכלכלה,664214-01,ב' - 2.00,ב',1400 - 1600,מ.ישראל-604,103
מחלקה המחלקה לכלכלה,664301-01,א' - 2.00,ב',1000 - 1200,מ.ישראל-604,101
מחלקה המחלקה לכלכלה,664302-01,א' - 4.00,ב',1500 - 1900,מ.ישראל-604,101
מחלקה המחלקה לכלכלה,664303-01,ב' - 4.00,ד',1400 - 1800,מ.ישראל-604,101
מחלקה המחלקה לכלכלה,664304-01,א' - 2.00,ב',1200 - 1400,מ.ישראל-604,101
מחלקה המחלקה לכלכלה,664305-01,א' - 4.00,ד',1000 - 1400,מ.ישראל-504,10
מחלקה המחלקה לכלכלה,664306-01,א' - 4.00,ד',1400 - 1800,מ.ישראל-604,101
מחלקה המחלקה לכלכלה,664307-01,א' - 2.00,ד',1800 - 2000,מ.ישראל-604,101
מחלקה המחלקה לכלכלה,664308-01,ב' - 2.00,ב',1400 - 1600,מ.ישראל-604,101
מחלקה המחלקה לכלכלה,664309-01,ב' - 2.00,ב',1600 - 1800,מ.ישראל-604,101
מחלקה המחלקה לכלכלה,664310-01,ב' - 4.00,ד',1000 - 1400,מ.ישראל-604,101
מחלקה המחלקה לכלכלה,664320-01,ב' - 4.00,ב',1000 - 1400,מ.ישראל-604,101
מחלקה המחלקה לכלכלה,66443-01,א' - 2.00,א',1000 - 1200,נלמד בזום,999
מחלקה המחלקה לכלכלה,66470-01,ב' - 2.00,ה',1100 - 1300,חדר מחלקה,מחלקה
מחלקה המחלקה לכלכלה,66470-02,"א' - 1.00
 ב' - 1.00",ג',2000 - 2100,חדר מחלקה,מחלקה
מחלקה המחלקה לכלכלה,66470-03,"א' - 1.00
 ב' - 1.00",ה',1000 - 1100,חדר מחלקה,מחלקה
מחלקה המחלקה לכלכלה,66470-04,"א' - 1.00
 ב' - 1.00",ה',1100 - 1200,חדר מחלקה,מחלקה
מחלקה המחלקה לכלכלה,66470-05,ב' - 2.00,ה',1000 - 1200,חדר מחלקה,מחלקה
מחלקה המחלקה לכלכלה,66470-06,"א' - 1.00
 ב' - 1.00",ה',1000 - 1100,חדר מחלקה,מחלקה
מחלקה המחלקה לכלכלה,66470-07,"א' - 1.00
 ב' - 1.00",ה',1100 - 1200,חדר מחלקה,מחלקה
מחלקה המחלקה לכלכלה,66470-08,"א' - 1.00
 ב' - 1.00",ה',1000 - 1100,חדר מחלקה,מחלקה
מחלקה המחלקה לכלכלה,66470-09,"א' - 1.00
 ב' - 1.00",ה',1100 - 1200,חדר מחלקה,מחלקה
מחלקה המחלקה לכלכלה,66470-10,"א' - 1.00
 ב' - 1.00",ה',1000 - 1100,חדר מחלקה,מחלקה
מחלקה המחלקה לכלכלה,66470-11,"א' - 1.00
 ב' - 1.00",ה',1100 - 1200,חדר מחלקה,מחלקה
מחלקה המחלקה לכלכלה,66470-12,"א' - 1.00
 ב' - 1.00",ה',1000 - 1100,חדר מחלקה,מחלקה
מחלקה המחלקה לכלכלה,66470-13,"א' - 1.00
 ב' - 1.00",ה',1100 - 1200,חדר מחלקה,מחלקה
מחלקה המחלקה לכלכלה,66480-01,"א' - 1.00
 ב' - 1.00",ה',1000 - 1100,חדר מחלקה,מחלקה
מחלקה המחלקה לכלכלה,66480-02,"א' - 1.00
 ב' - 1.00",ה',1100 - 1200,חדר מחלקה,מחלקה
מחלקה המחלקה לכלכלה,66480-03,"א' - 1.00
 ב' - 1.00",ה',1000 - 1100,חדר מחלקה,מחלקה
מחלקה המחלקה לכלכלה,66480-04,"א' - 1.00
 ב' - 1.00",ה',1000 - 1100,חדר מחלקה,מחלקה
מחלקה המחלקה לכלכלה,66490-01,"א' - 1.00
 ב' - 1.00",ה',1200 - 1300,חדר מחלקה,מחלקה
מחלקה המחלקה לכלכלה,66490-02,"א' - 1.00
 ב' - 1.00",ה',1300 - 1400,חדר מחלקה,מחלקה
מחלקה המחלקה לכלכלה,66525-01,א' - 2.00,ב',1000 - 1200,נלמד בזום,999
מחלקה המחלקה לכלכלה,66570-01,א' - 2.00,ג',1800 - 2000,מ.ישראל-605,61
מחלקה המחלקה לכלכלה,66586-01,ב' - 2.00,ב',1200 - 1400,חברה-905,61
מחלקה המחלקה לכלכלה,666101-01,א' - 3.00,ה',1400 - 1700,מ.ישראל-605,11
מחלקה המחלקה לכלכלה,666102-01,ב' - 2.00,ה',1500 - 1700,מ.ישראל-605,11
מחלקה המחלקה לכלכלה,666102-02,ב' - 1.00,ה',1900 - 2000,מ.ישראל-605,11
מחלקה המחלקה לכלכלה,666103-01,א' - 3.00,ה',1700 - 2000,מ.ישראל-605,11
מחלקה המחלקה לכלכלה,666104-01,א' - 2.00,ו',0800 - 1000,מ.ישראל-507,105
מחלקה המחלקה לכלכלה,666105-01,א' - 3.00,ו',1000 - 1300,מ.ישראל-507,105
מחלקה המחלקה לכלכלה,666106-01,א' - 3.00,א',1700 - 2000,נלמד בזום,999
מחלקה המחלקה לכלכלה,666107-01,א' - 2.00,א',2000 - 2200,נלמד בזום,999
מחלקה המחלקה לכלכלה,666109-01,ב' - 2.00,ה',1700 - 1900,מ.ישראל-605,11
מחלקה המחלקה לכלכלה,666110-01,ב' - 3.00,א',1900 - 2200,נלמד בזום,999
מחלקה המחלקה לכלכלה,666111-01,ב' - 3.00,א',1600 - 1900,נלמד בזום,999
מחלקה המחלקה לכלכלה,666113-01,ב' - 3.00,ו',0800 - 1100,מ.ישראל-507,101
מחלקה המחלקה לכלכלה,666114-01,א' - 4.00,"א',ה'","1400 - 1600
2000 - 2200","טרם שובץ
מ.ישראל-605","טרם שובץ
11"
מחלקה המחלקה לכלכלה,66613-01,ב' - 2.00,ג',1800 - 2000,משפטים-304,2
מחלקה המחלקה לכלכלה,666201-01,א' - 3.00,ו',1000 - 1300,מ.ישראל-604,61
מחלקה המחלקה לכלכלה,666202-01,א' - 2.00,ב',1900 - 2100,נלמד בזום,999
מחלקה המחלקה לכלכלה,666203-01,א' - 3.00,ד',1600 - 1900,מ.ישראל-504,10
מחלקה המחלקה לכלכלה,666204-01,ב' - 2.00,ב',1700 - 1900,נלמד בזום,999
מחלקה המחלקה לכלכלה,666205-01,ב' - 3.00,ד',1800 - 2100,מ.ישראל-504,10
מחלקה המחלקה לכלכלה,666206-01,ב' - 3.00,ד',1500 - 1800,מ.ישראל-504,10
מחלקה המחלקה לכלכלה,666207-01,א' - 2.00,ו',0800 - 1000,מ.ישראל-604,61
מחלקה המחלקה לכלכלה,666208-01,ב' - 3.00,ב',1900 - 2200,נלמד בזום,999
מחלקה המחלקה לכלכלה,666209-01,א' - 2.00,ד',1900 - 2100,מ.ישראל-504,10
מחלקה המחלקה לכלכלה,666210-01,ב' - 3.00,ו',1000 - 1300,מ.ישראל-505,63
מחלקה המחלקה לכלכלה,666211-01,א' - 2.00,ב',1700 - 1900,נלמד בזום,999
מחלקה המחלקה לכלכלה,666212-01,ב' - 2.00,ו',0800 - 1000,מ.ישראל-505,62
מחלקה המחלקה לכלכלה,666213-01,א' - 3.00,ב',1400 - 1700,נלמד בזום,999
מחלקה המחלקה לכלכלה,666213-02,א' - 3.00,ו',1000 - 1300,מ.ישראל-605,101
מחלקה המחלקה לכלכלה,666302-01,א' - 2.00,ו',0800 - 1000,מ.ישראל-604,103
מחלקה המחלקה לכלכלה,666303-01,ב' - 2.00,א',1600 - 1800,נלמד בזום,999
מחלקה המחלקה לכלכלה,666304-01,ב' - 2.00,א',1800 - 2000,נלמד בזום,999
מחלקה המחלקה לכלכלה,666305-01,א' - 4.00,ג',1600 - 2000,מ.ישראל-505,63
מחלקה המחלקה לכלכלה,666306-01,ב' - 2.00,ו',0800 - 1000,מ.ישראל-505,104
מחלקה המחלקה לכלכלה,666307-01,א' - 3.00,א',1700 - 2000,נלמד בזום,999
מחלקה המחלקה לכלכלה,666308-01,א' - 2.00,א',2000 - 2200,נלמד בזום,999
מחלקה המחלקה לכלכלה,666310-01,ב' - 2.00,א',2000 - 2200,נלמד בזום,999
מחלקה המחלקה לכלכלה,666311-01,ב' - 4.00,ו',1000 - 1400,מ.ישראל-505,104
מחלקה המחלקה לכלכלה,66690-01,ב' - 2.00,ג',1600 - 1800,מ.ישראל-604,61
מחלקה המחלקה לכלכלה,667010-01,א' - 4.00,ב',1000 - 1400,חברה-905,63
מחלקה המחלקה לכלכלה,667010-20,א' - 4.00,ב',1000 - 1400,חברה-905,63
מחלקה המחלקה לכלכלה,667020-01,א' - 4.00,ג',1600 - 2000,חברה-905,63
מחלקה המחלקה לכלכלה,667020-20,א' - 4.00,ג',1600 - 2000,חברה-905,63
מחלקה המחלקה לכלכלה,66704-01,א' - 4.00,א',1600 - 2000,חברה-905,63
מחלקה המחלקה לכלכלה,66704-20,א' - 4.00,א',1600 - 2000,חברה-905,63
מחלקה המחלקה לכלכלה,66705-01,א' - 2.00,ד',1700 - 1900,חברה-905,63
מחלקה המחלקה לכלכלה,66705-02,א' - 2.00,ד',1900 - 2100,חברה-905,63
מחלקה המחלקה לכלכלה,66705-20,א' - 2.00,ד',1700 - 1900,חברה-905,63
מחלקה המחלקה לכלכלה,66705-21,א' - 2.00,ד',1900 - 2100,חברה-905,63
מחלקה המחלקה לכלכלה,667060-01,א' - 8.00,ב',1400 - 2200,חברה-905,63
מחלקה המחלקה לכלכלה,667060-20,א' - 8.00,ב',1400 - 2200,חברה-905,63
מחלקה המחלקה לכלכלה,667110-01,א' - 4.00,ג',0800 - 1200,חברה-905,63
מחלקה המחלקה לכלכלה,667110-20,א' - 4.00,ג',0800 - 1200,חברה-905,63
מחלקה המחלקה לכלכלה,66712-01,ב' - 4.00,א',1600 - 2000,וואהל 1401,3
מחלקה המחלקה לכלכלה,66712-20,ב' - 4.00,א',1600 - 2000,וואהל 1401,3
מחלקה המחלקה לכלכלה,66718-01,ב' - 2.00,ג',1800 - 2000,חברה-905,63
מחלקה המחלקה לכלכלה,66718-20,ב' - 2.00,ג',1800 - 2000,חברה-905,63
מחלקה המחלקה לכלכלה,66800-01,א' - 2.00,א',1400 - 1600,מ.ישראל-507,101
מחלקה המחלקה לכלכלה,66800-02,א' - 1.00,א',1600 - 1700,מ.ישראל-507,101
מחלקה המחלקה לכלכלה,66801-01,ב' - 2.00,א',1400 - 1600,מ.ישראל-507,108
מחלקה המחלקה לכלכלה,66801-02,ב' - 1.00,א',1600 - 1700,מ.ישראל-507,108
מחלקה המחלקה לכלכלה,66815-01,א' - 2.00,ד',1700 - 1900,נלמד בזום,999
מחלקה המחלקה לכלכלה,66815-02,א' - 1.00,ד',1900 - 2000,נלמד בזום,999
מחלקה המחלקה לכלכלה,66816-01,ב' - 2.00,ד',1700 - 1900,נלמד בזום,999
מחלקה המחלקה לכלכלה,66816-02,ב' - 1.00,ד',1900 - 2000,נלמד בזום,999
מחלקה המחלקה לכלכלה,66817-01,א' - 2.00,א',1700 - 1900,מ.ישראל-507,101
מחלקה המחלקה לכלכלה,66817-02,א' - 1.00,א',1900 - 2000,מ.ישראל-507,101
מחלקה המחלקה לכלכלה,66818-01,ב' - 2.00,א',1700 - 1900,מ.ישראל-507,108
מחלקה המחלקה לכלכלה,66818-02,ב' - 1.00,א',1900 - 2000,מ.ישראל-507,108
מחלקה המחלקה לכלכלה,66829-01,א' - 2.00,א',1400 - 1600,מ.ישראל-507,201
מחלקה המחלקה לכלכלה,66836-01,ב' - 2.00,ב',1600 - 1800,מ.ישראל-504,10
מחלקה המחלקה לכלכלה,66840-01,א' - 2.00,ב',1400 - 1600,מ.ישראל-507,201
מחלקה המחלקה לכלכלה,66849-01,ב' - 2.00,ב',1800 - 2000,נלמד בזום,999
מחלקה המחלקה לכלכלה,66850-01,ב' - 2.00,ד',2000 - 2200,נלמד בזום,999
מחלקה המחלקה לכלכלה,66854-01,"א' - 2.00
 ב' - 2.00",ד',"2000 - 2200
2000 - 2200",נלמד בזום,999
מחלקה המחלקה לכלכלה,66855-01,א' - 2.00,ד',2000 - 2200,נלמד בזום,999
מחלקה המחלקה לכלכלה,66860-01,א' - 2.00,ה',1600 - 1800,חברה-905,62
מחלקה המחלקה לכלכלה,66864-01,א' - 2.00,ב',1600 - 1800,מ.ישראל-504,10
מחלקה המחלקה לכלכלה,66867-01,א' - 2.00,א',1200 - 1400,מ.ישראל-505,202
מחלקה המחלקה לכלכלה,66868-01,ב' - 2.00,א',1200 - 1400,מ.ישראל-505,201
מחלקה המחלקה לכלכלה,66878-01,ב' - 2.00,ב',0900 - 1100,מ.ישראל-504,10
מחלקה המחלקה לכלכלה,66879-01,א' - 2.00,ג',1300 - 1500,מ.ישראל-604,62
מחלקה המחלקה לכלכלה,66881-01,א' - 2.00,ג',1600 - 1800,מ.ישראל-605,11
מחלקה המחלקה לכלכלה,66890-01,ב' - 2.00,ג',1800 - 2000,נלמד בזום,999
מחלקה המחלקה לכלכלה,66898-01,"א' - 2.00
 ב' - 2.00",ה',0800 - 1000,חדר מחלקה,מחלקה
מחלקה המחלקה לכלכלה,66903-01,"א' - 2.00
 ב' - 2.00",ה',0800 - 1000,חדר מחלקה,מחלקה
מחלקה המחלקה לכלכלה,66904-01,"א' - 2.00
 ב' - 2.00",ה',1000 - 1200,חדר מחלקה,מחלקה
מחלקה המחלקה לכלכלה,66908-01,"א' - 2.00
 ב' - 2.00",ה',0800 - 1000,חדר מחלקה,מחלקה
מחלקה המחלקה לכלכלה,66909-01,"א' - 1.00
 ב' - 1.00",ה',1800 - 1900,חדר מחלקה,מחלקה
מחלקה המחלקה לכלכלה,66909-02,"א' - 1.00
 ב' - 1.00",ה',1900 - 2000,חדר מחלקה,מחלקה
מחלקה המחלקה לכלכלה,66912-01,"א' - 2.00
 ב' - 2.00",סוג מפגש קולוקו חובה,"1100 - 1300
1100 - 1300",מ.ישראל-504,11
מחלקה המחלקה לכלכלה,66925-01,ב' - 2.00,ו',0800 - 1000,חברה-905,61
מחלקה המחלקה לכלכלה,66939-01,ב' - 2.00,ו',1000 - 1200,חברה-905,61
מחלקה המחלקה לכלכלה,66943-01,א' - 4.00,ה',1600 - 2000,מ.ישראל-604,103
מחלקה המחלקה לכלכלה,66943-02,ב' - 4.00,ו',0800 - 1200,נלמד בזום,999
מחלקה המחלקה לכלכלה,66945-02,ב' - 2.00,ו',0800 - 1000,נלמד בזום,999
מחלקה המחלקה לכלכלה,66946-01,א' - 2.00,ו',1200 - 1400,חברה-905,61
מחלקה המחלקה לכלכלה,66947-01,א' - 4.00,א',1800 - 2200,חדר מחלקה,מחלקה
מחלקה המחלקה לכלכלה,66949-01,ב' - 2.00,ב',1800 - 2000,מ.ישראל-505,101
מחלקה המחלקה לכלכלה,66972-01,ב' - 2.00,ה',1600 - 1800,חדר מחלקה,מחלקה
מחלקה המחלקה לכלכלה,66977-01,א' - 2.00,ה',1600 - 1800,מ.ישראל-507,108
מחלקה המחלקה לכלכלה,66977-02,ב' - 2.00,א',1800 - 2000,חברה-905,61
מחלקה המחלקה לכלכלה,66979-01,ב' - 2.00,ו',1200 - 1400,חברה-905,61
מחלקה המחלקה לכלכלה,66984-01,ב' - 2.00,א',2000 - 2200,חברה-905,61
מחלקה המחלקה לכלכלה,66987-01,ב' - 2.00,א',1600 - 1800,חברה-905,61
מחלקה המחלקה לכלכלה,66988-03,א' - 2.00,ו',1000 - 1200,חברה-905,61
מחלקה המחלקה לכלכלה,66991-01,א' - 2.00,ה',2000 - 2200,חברה-905,62
מחלקה המחלקה לכלכלה,66992-01,א' - 2.00,ו',0800 - 1000,חברה-905,61
מחלקה המחלקה לכלכלה,66994-01,ב' - 2.00,ב',1600 - 1800,נלמד בזום,999
מחלקה המחלקה לכלכלה,66995-01,א' - 2.00,ה',1800 - 2000,חברה-905,62
מחלקה המחלקה לכלכלה,66995-02,א' - 2.00,ד',1600 - 1800,נלמד בזום,999
מחלקה המחלקה לכלכלה,66996-01,ב' - 4.00,ה',1800 - 2200,חברה-905,63
מחלקה המחלקה לכלכלה,66997-01,א' - 2.00,א',1600 - 1800,חברה-905,61
מחלקה המחלקה לכלכלה,66997-80,א' - 3.00,ב',"1600 - 1800
1800 - 1900","משפטים-305
חדר מחלקה",מחלקה
"מחלקה ביה""ס למינהל עסקים",70138-02,ב' - 2.00,ג',1600 - 1800,מ.ישראל-605,101
"מחלקה ביה""ס למינהל עסקים",70138-04,ב' - 2.00,ג',1600 - 1800,מ.ישראל-605,102
"מחלקה ביה""ס למינהל עסקים",70223-01,א' - 2.00,א',1600 - 1800,נלמד בזום,999
"מחלקה ביה""ס למינהל עסקים",70309-01,א' - 2.00,ו',1000 - 1200,יהדות-402,63
"מחלקה ביה""ס למינהל עסקים",70318-01,ב' - 2.00,ו',0800 - 1000,מ.ישראל-604,11
"מחלקה ביה""ס למינהל עסקים",70327-01,ב' - 2.00,ב',1800 - 2000,מ.ישראל-604,11
"מחלקה ביה""ס למינהל עסקים",70345-01,א' - 2.00,ו',0800 - 1000,יהדות-402,63
"מחלקה ביה""ס למינהל עסקים",70358-01,ב' - 1.00,ו',0800 - 0900,יהדות-402,63
"מחלקה ביה""ס למינהל עסקים",70368-04,ב' - 4.00,ב',1800 - 2200,חדר מחלקה,מחלקה
"מחלקה ביה""ס למינהל עסקים",70369-01,ב' - 2.00,ו',1200 - 1400,יהדות-402,63
"מחלקה ביה""ס למינהל עסקים",70372-01,ב' - 1.00,ב',1600 - 1700,מ.ישראל-604,11
"מחלקה ביה""ס למינהל עסקים",70398-01,ב' - 2.00,ו',1000 - 1200,יהדות-402,63
"מחלקה ביה""ס למינהל עסקים",70404-01,א' - 1.00,ו',1000 - 1100,חדר מחלקה,מחלקה
"מחלקה ביה""ס למינהל עסקים",70406-01,ב' - 2.00,ו',1000 - 1200,מ.ישראל-604,11
"מחלקה ביה""ס למינהל עסקים",70408-01,ב' - 1.00,ב',1600 - 1700,יהדות-402,63
"מחלקה ביה""ס למינהל עסקים",70409-01,ב' - 1.00,ב',2000 - 2100,יהדות-402,63
"מחלקה ביה""ס למינהל עסקים",70411-01,ב' - 1.00,ו',1200 - 1300,מ.ישראל-605,104
"מחלקה ביה""ס למינהל עסקים",70412-01,א' - 2.00,ב',1600 - 1800,מ.ישראל-604,205
"מחלקה ביה""ס למינהל עסקים",70414-01,ב' - 1.00,ב',1800 - 1900,יהדות-402,63
"מחלקה ביה""ס למינהל עסקים",70417-01,א' - 2.00,ב',1800 - 2000,מ.ישראל-605,101
"מחלקה ביה""ס למינהל עסקים",70417-02,א' - 2.00,ב',2000 - 2200,מ.ישראל-605,101
"מחלקה ביה""ס למינהל עסקים",70420-01,ב' - 1.00,ב',1700 - 1800,מ.ישראל-604,11
"מחלקה ביה""ס למינהל עסקים",70421-01,א' - 2.00,ב',1600 - 1800,חדר מחלקה,מחלקה
"מחלקה ביה""ס למינהל עסקים",70422-01,א' - 1.00,ו',1200 - 1300,יהדות-402,63
"מחלקה ביה""ס למינהל עסקים",70424-01,ב' - 1.00,ב',1700 - 1800,יהדות-402,63
"מחלקה ביה""ס למינהל עסקים",70425-01,ב' - 1.00,ב',1700 - 1800,חדר מחלקה,מחלקה
"מחלקה ביה""ס למינהל עסקים",70426-01,א' - 1.00,ב',1600 - 1700,מ.ישראל-605,11
"מחלקה ביה""ס למינהל עסקים",70427-01,ב' - 1.00,ב',1900 - 2000,יהדות-402,63
"מחלקה ביה""ס למינהל עסקים",70591-01,ב' - 2.00,ו',1000 - 1200,מ.ישראל-604,12
"מחלקה ביה""ס למינהל עסקים",70593-01,ב' - 2.00,ו',1000 - 1200,מ.ישראל-605,104
"מחלקה ביה""ס למינהל עסקים",70593-15,א' - 2.00,א',1600 - 1800,חדר מחלקה,מחלקה
"מחלקה ביה""ס למינהל עסקים",70594-01,א' - 2.00,א',1600 - 1800,מ.ישראל-507,4
"מחלקה ביה""ס למינהל עסקים",70597-15,א' - 2.00,ו',0800 - 1000,מ.ישראל-505,4
"מחלקה ביה""ס למינהל עסקים",70598-15,א' - 2.00,ו',1200 - 1400,מ.ישראל-505,105
"מחלקה ביה""ס למינהל עסקים",70599-01,א' - 2.00,ו',1000 - 1200,מ.ישראל-504,6
"מחלקה ביה""ס למינהל עסקים",70600-01,ב' - 2.00,א',1600 - 1800,מ.ישראל-605,202
"מחלקה ביה""ס למינהל עסקים",70600-02,ב' - 1.00,א',1800 - 1900,מ.ישראל-605,202
"מחלקה ביה""ס למינהל עסקים",70601-01,א' - 2.00,ד',2000 - 2200,חדר מחלקה,מחלקה
"מחלקה ביה""ס למינהל עסקים",70602-15,ב' - 3.00,א',1900 - 2200,מ.ישראל-604,14
"מחלקה ביה""ס למינהל עסקים",70603-01,ב' - 2.00,ו',1200 - 1400,מ.ישראל-507,101
"מחלקה ביה""ס למינהל עסקים",70603-15,ב' - 2.00,ו',0800 - 1000,מ.ישראל-507,103
"מחלקה ביה""ס למינהל עסקים",70606-01,ב' - 2.00,ו',1000 - 1200,מ.ישראל-504,4
"מחלקה ביה""ס למינהל עסקים",70610-15,א' - 2.00,ו',1000 - 1200,מ.ישראל-605,102
"מחלקה ביה""ס למינהל עסקים",70616-15,א' - 2.00,א',2000 - 2200,מ.ישראל-504,7
"מחלקה ביה""ס למינהל עסקים",70617-01,ב' - 2.00,א',1900 - 2100,מ.ישראל-604,12
"מחלקה ביה""ס למינהל עסקים",70617-15,א' - 2.00,ו',0800 - 1000,חדר מחלקה,מחלקה
"מחלקה ביה""ס למינהל עסקים",70619-01,ב' - 3.00,א',1600 - 1900,מ.ישראל-604,13
"מחלקה ביה""ס למינהל עסקים",70621-01,א' - 2.00,ו',1000 - 1200,מ.ישראל-505,1
"מחלקה ביה""ס למינהל עסקים",70621-15,א' - 2.00,ו',1200 - 1400,מ.ישראל-504,3
"מחלקה ביה""ס למינהל עסקים",70622-15,א' - 2.00,ו',0800 - 1000,מ.ישראל-604,101
"מחלקה ביה""ס למינהל עסקים",70625-01,ב' - 2.00,ו',1200 - 1400,מ.ישראל-507,201
"מחלקה ביה""ס למינהל עסקים",70626-01,א' - 3.00,ו',1000 - 1300,מ.ישראל-604,105
"מחלקה ביה""ס למינהל עסקים",70627-15,ב' - 3.00,א',1600 - 1900,מ.ישראל-507,201
"מחלקה ביה""ס למינהל עסקים",70628-01,א' - 2.00,ו',1200 - 1400,מ.ישראל-505,4
"מחלקה ביה""ס למינהל עסקים",70629-15,א' - 2.00,א',1800 - 2000,יהדות-403,67
"מחלקה ביה""ס למינהל עסקים",70630-15,ב' - 3.00,א',1900 - 2200,מ.ישראל-604,13
"מחלקה ביה""ס למינהל עסקים",70631-15,א' - 2.00,א',1800 - 2000,מ.ישראל-507,204
"מחלקה ביה""ס למינהל עסקים",70631-16,א' - 2.00,א',2000 - 2200,מ.ישראל-507,204
"מחלקה ביה""ס למינהל עסקים",70632-01,ב' - 3.00,ו',0800 - 1100,מ.ישראל-505,106
"מחלקה ביה""ס למינהל עסקים",70632-15,ב' - 3.00,ו',1100 - 1400,מ.ישראל-505,62
"מחלקה ביה""ס למינהל עסקים",70634-01,א' - 3.00,ו',1100 - 1400,מ.ישראל-504,4
"מחלקה ביה""ס למינהל עסקים",70634-15,א' - 3.00,ו',0800 - 1100,מ.ישראל-504,4
"מחלקה ביה""ס למינהל עסקים",70636-15,א' - 2.00,ו',0800 - 1000,מ.ישראל-604,105
"מחלקה ביה""ס למינהל עסקים",70639-01,ב' - 2.00,א',1900 - 2100,מ.ישראל-505,104
"מחלקה ביה""ס למינהל עסקים",70640-01,א' - 2.00,א',1800 - 2000,מ.ישראל-605,13
"מחלקה ביה""ס למינהל עסקים",70640-15,א' - 2.00,ב',1800 - 2000,נלמד בזום,999
"מחלקה ביה""ס למינהל עסקים",70641-15,א' - 2.00,ב',2000 - 2200,נלמד בזום,999
"מחלקה ביה""ס למינהל עסקים",70645-01,ב' - 2.00,ו',0800 - 1000,מ.ישראל-504,4
"מחלקה ביה""ס למינהל עסקים",70646-01,א' - 2.00,א',1600 - 1800,מ.ישראל-501,25
"מחלקה ביה""ס למינהל עסקים",70646-15,א' - 2.00,א',1800 - 2000,מ.ישראל-501,25
"מחלקה ביה""ס למינהל עסקים",70647-01,ב' - 2.00,ו',1000 - 1200,מ.ישראל-505,201
"מחלקה ביה""ס למינהל עסקים",70647-15,א' - 2.00,ו',0800 - 1000,מ.ישראל-505,201
"מחלקה ביה""ס למינהל עסקים",70648-01,א' - 2.00,ו',0800 - 1000,מ.ישראל-505,5
"מחלקה ביה""ס למינהל עסקים",70649-01,א' - 2.00,ו',1200 - 1400,מ.ישראל-505,106
"מחלקה ביה""ס למינהל עסקים",70650-15,א' - 2.00,ו',0800 - 1000,מ.ישראל-505,104
"מחלקה ביה""ס למינהל עסקים",70654-01,ב' - 2.00,ו',0800 - 1000,מ.ישראל-504,2
"מחלקה ביה""ס למינהל עסקים",70656-15,א' - 2.00,א',1800 - 2000,מ.ישראל-504,7
"מחלקה ביה""ס למינהל עסקים",70657-01,ב' - 2.00,ד',1600 - 1800,חדר מחלקה,מחלקה
"מחלקה ביה""ס למינהל עסקים",70657-02,ב' - 2.00,ד',2000 - 2200,חדר מחלקה,מחלקה
"מחלקה ביה""ס למינהל עסקים",70657-03,ב' - 2.00,ד',2000 - 2200,חדר מחלקה,מחלקה
"מחלקה ביה""ס למינהל עסקים",70657-04,ב' - 2.00,ד',1800 - 2000,חדר מחלקה,מחלקה
"מחלקה ביה""ס למינהל עסקים",70657-05,ב' - 2.00,ד',2000 - 2200,חדר מחלקה,מחלקה
"מחלקה ביה""ס למינהל עסקים",70657-06,ב' - 2.00,ד',2000 - 2200,חדר מחלקה,מחלקה
"מחלקה ביה""ס למינהל עסקים",70657-07,ב' - 2.00,ד',1800 - 2000,חדר מחלקה,מחלקה
"מחלקה ביה""ס למינהל עסקים",70657-09,ב' - 2.00,ד',2000 - 2200,מ.ישראל-504,4
"מחלקה ביה""ס למינהל עסקים",70657-17,א' - 2.00,ד',1800 - 2000,חדר מחלקה,מחלקה
"מחלקה ביה""ס למינהל עסקים",70659-15,א' - 2.00,ו',1000 - 1200,מ.ישראל-505,5
"מחלקה ביה""ס למינהל עסקים",70660-01,א' - 2.00,ו',1200 - 1400,מ.ישראל-505,3
"מחלקה ביה""ס למינהל עסקים",70662-01,ב' - 2.00,ו',0800 - 1000,מ.ישראל-505,5
"מחלקה ביה""ס למינהל עסקים",70663-15,א' - 2.00,א',1800 - 2000,מ.ישראל-604,63
"מחלקה ביה""ס למינהל עסקים",70664-15,א' - 2.00,א',2000 - 2200,מ.ישראל-507,207
"מחלקה ביה""ס למינהל עסקים",70666-01,ב' - 2.00,ו',0800 - 1000,מ.ישראל-604,61
"מחלקה ביה""ס למינהל עסקים",70667-01,ב' - 2.00,ו',0800 - 1000,מ.ישראל-605,102
"מחלקה ביה""ס למינהל עסקים",70667-15,א' - 2.00,ו',0800 - 1000,מ.ישראל-605,102
"מחלקה ביה""ס למינהל עסקים",70672-01,ב' - 2.00,א',1800 - 2000,מ.ישראל-507,2
"מחלקה ביה""ס למינהל עסקים",70675-15,א' - 2.00,ו',0800 - 1000,מ.ישראל-505,1
"מחלקה ביה""ס למינהל עסקים",70676-15,א' - 2.00,ו',1200 - 1400,מ.ישראל-505,101
"מחלקה ביה""ס למינהל עסקים",70690-01,א' - 2.00,ו',1000 - 1200,מ.ישראל-505,3
"מחלקה ביה""ס למינהל עסקים",70693-01,א' - 2.00,א',1600 - 1800,מ.ישראל-604,205
"מחלקה ביה""ס למינהל עסקים",70693-02,א' - 2.00,א',1800 - 2000,מ.ישראל-604,101
"מחלקה ביה""ס למינהל עסקים",70693-15,א' - 2.00,א',2000 - 2200,מ.ישראל-501,25
"מחלקה ביה""ס למינהל עסקים",70701-01,"א' - 2.00
 ב' - 2.00",ד',2000 - 2200,חדר מחלקה,מחלקה
"מחלקה ביה""ס למינהל עסקים",70702-01,"א' - 2.00
 ב' - 2.00",ד',2000 - 2200,חדר מחלקה,מחלקה
"מחלקה ביה""ס למינהל עסקים",70703-01,"א' - 2.00
 ב' - 2.00",ד',2000 - 2200,חדר מחלקה,מחלקה
"מחלקה ביה""ס למינהל עסקים",70710-01,"א' - 2.00
 ב' - 2.00",ד',1800 - 2000,חדר מחלקה,מחלקה
"מחלקה ביה""ס למינהל עסקים",70711-01,"א' - 2.00
 ב' - 2.00",ד',1600 - 1800,חדר מחלקה,מחלקה
"מחלקה ביה""ס למינהל עסקים",70714-01,"א' - 2.00
 ב' - 2.00",ד',1800 - 2000,חדר מחלקה,מחלקה
"מחלקה ביה""ס למינהל עסקים",70721-01,"א' - 2.00
 ב' - 2.00",ד',1800 - 2000,חדר מחלקה,מחלקה
"מחלקה ביה""ס למינהל עסקים",70722-01,"א' - 2.00
 ב' - 2.00",ד',1800 - 2000,חדר מחלקה,מחלקה
"מחלקה ביה""ס למינהל עסקים",70723-01,"א' - 2.00
 ב' - 2.00",ד',1800 - 2000,מ.ישראל-505,4
"מחלקה ביה""ס למינהל עסקים",70727-01,"א' - 2.00
 ב' - 2.00",ד',1800 - 2000,חברה-905,417
"מחלקה ביה""ס למינהל עסקים",70730-01,"א' - 2.00
 ב' - 2.00",ד',1800 - 2000,חדר מחלקה,מחלקה
"מחלקה ביה""ס למינהל עסקים",70732-01,"א' - 2.00
 ב' - 2.00",ד',1800 - 2000,חדר מחלקה,מחלקה
"מחלקה ביה""ס למינהל עסקים",70736-01,א' - 4.00,ד',1800 - 2200,חדר מחלקה,מחלקה
"מחלקה ביה""ס למינהל עסקים",70738-01,"א' - 2.00
 ב' - 2.00",ד',1800 - 2000,חדר מחלקה,מחלקה
"מחלקה ביה""ס למינהל עסקים",70743-01,ב' - 2.00,א',2000 - 2200,מ.ישראל-507,102
"מחלקה ביה""ס למינהל עסקים",70749-01,א' - 2.00,א',1600 - 1800,מ.ישראל-504,2
"מחלקה ביה""ס למינהל עסקים",70749-15,א' - 2.00,ג',1800 - 2200,מ.ישראל-504,2
"מחלקה ביה""ס למינהל עסקים",70759-01,א' - 2.00,ו',1000 - 1200,מ.ישראל-505,4
"מחלקה ביה""ס למינהל עסקים",70772-01,א' - 2.00,א',2000 - 2200,מ.ישראל-507,2
"מחלקה ביה""ס למינהל עסקים",70783-01,"א' - 2.00
 ב' - 2.00",ג',"1600 - 1800
1600 - 1800",חדר מחלקה,מחלקה
"מחלקה ביה""ס למינהל עסקים",70787-15,א' - 2.00,ד',1600 - 1800,חדר מחלקה,מחלקה
"מחלקה ביה""ס למינהל עסקים",70789-01,ב' - 2.00,ו',0800 - 1000,מ.ישראל-504,1
"מחלקה ביה""ס למינהל עסקים",70793-01,ב' - 2.00,א',1600 - 1800,מ.ישראל-605,201
"מחלקה ביה""ס למינהל עסקים",70793-02,ב' - 1.00,א',1800 - 1900,מ.ישראל-605,201
"מחלקה ביה""ס למינהל עסקים",70798-01,א' - 2.00,א',2000 - 2200,מ.ישראל-604,14
"מחלקה ביה""ס למינהל עסקים",70833-15,א' - 2.00,ג',1800 - 2000,מ.ישראל-505,106
"מחלקה ביה""ס למינהל עסקים",70842-01,ב' - 2.00,ו',1000 - 1200,מ.ישראל-507,201
"מחלקה ביה""ס למינהל עסקים",70842-02,א' - 2.00,ו',0800 - 1000,מ.ישראל-504,6
"מחלקה ביה""ס למינהל עסקים",70842-04,ב' - 2.00,ו',1000 - 1200,מ.ישראל-604,101
"מחלקה ביה""ס למינהל עסקים",70842-05,א' - 2.00,א',1800 - 2000,מ.ישראל-507,107
"מחלקה ביה""ס למינהל עסקים",70867-01,א' - 2.00,ו',0800 - 1000,מ.ישראל-604,104
"מחלקה ביה""ס למינהל עסקים",70867-02,א' - 1.00,ו',1000 - 1100,מ.ישראל-604,104
"מחלקה ביה""ס למינהל עסקים",70867-03,ב' - 2.00,א',1600 - 1800,מ.ישראל-507,101
"מחלקה ביה""ס למינהל עסקים",70867-04,ב' - 1.00,א',1800 - 1900,מ.ישראל-507,101
"מחלקה ביה""ס למינהל עסקים",70867-05,ב' - 2.00,א',1900 - 2100,מ.ישראל-507,101
"מחלקה ביה""ס למינהל עסקים",70867-06,ב' - 1.00,א',2100 - 2200,מ.ישראל-507,101
"מחלקה ביה""ס למינהל עסקים",70871-01,ב' - 2.00,ו',1000 - 1200,מ.ישראל-604,61
"מחלקה ביה""ס למינהל עסקים",70880-01,ב' - 2.00,א',1900 - 2100,מ.ישראל-604,101
"מחלקה ביה""ס למינהל עסקים",70892-01,ב' - 2.00,ו',1000 - 1200,מ.ישראל-605,102
"מחלקה ביה""ס למינהל עסקים",70892-02,ב' - 2.00,א',1600 - 1800,מ.ישראל-605,101
"מחלקה ביה""ס למינהל עסקים",70892-03,א' - 2.00,ו',1000 - 1200,חדר מחלקה,מחלקה
"מחלקה ביה""ס למינהל עסקים",70892-04,ב' - 2.00,ו',0800 - 1000,מ.ישראל-605,101
"מחלקה ביה""ס למינהל עסקים",70892-05,ב' - 2.00,ו',0800 - 1000,חדר מחלקה,מחלקה
"מחלקה ביה""ס למינהל עסקים",70892-15,א' - 2.00,ו',1000 - 1200,מ.ישראל-504,5
"מחלקה ביה""ס למינהל עסקים",70912-01,"א' - 1.00
 ב' - 1.00","פרטי קורס  קולוקו מחלקתי
קוד קורס 70912-01
שם קורס באנגלית Colloquium
מחלקה ביה""ס למינהל עסקים
פקולטה מדעי החברה
סוג מפגש קולוקו רשות
מרצה פרופ' אלון רביב
שעות סמסטר א' - 1.00
סמסטר ב' - 1.00
נ""ז 0.00
הערה
 ג'
שעה 1400 - 1500
בניין
חדר מחלקה
חדר
999
אפיונים מודל - אתר מלווה קורס
תאריכי בחינות",1400 - 1500,חדר מחלקה,מחלקה
"מחלקה ביה""ס למינהל עסקים",70928-01,א' - 2.00,א',1600 - 1800,מ.ישראל-505,105
"מחלקה ביה""ס למינהל עסקים",70928-15,א' - 2.00,א',1800 - 2000,מ.ישראל-504,1
"מחלקה ביה""ס למינהל עסקים",70934-01,ב' - 2.00,א',1800 - 2000,מ.ישראל-604,102
"מחלקה ביה""ס למינהל עסקים",70943-15,א' - 3.00,ו',1000 - 1300,מ.ישראל-507,204
"מחלקה ביה""ס למינהל עסקים",70949-01,ב' - 2.00,א',1700 - 1900,מ.ישראל-504,6
"מחלקה ביה""ס למינהל עסקים",70949-15,ב' - 2.00,א',1900 - 2100,מ.ישראל-504,6
"מחלקה ביה""ס למינהל עסקים",70953-01,א' - 2.00,א',1800 - 2000,מ.ישראל-504,4
"מחלקה ביה""ס למינהל עסקים",70953-02,א' - 2.00,א',2000 - 2200,מ.ישראל-504,4
"מחלקה ביה""ס למינהל עסקים",70953-03,ב' - 2.00,א',1800 - 2000,מ.ישראל-505,106
"מחלקה ביה""ס למינהל עסקים",70953-04,ב' - 2.00,א',2000 - 2200,מ.ישראל-505,106
"מחלקה ביה""ס למינהל עסקים",70953-05,ב' - 2.00,א',1800 - 2000,מ.ישראל-604,63
"מחלקה ביה""ס למינהל עסקים",70953-06,ב' - 2.00,א',2000 - 2200,מ.ישראל-604,63
מחלקה המחלקה למדעי המדינה,710033-18,א' - 2.00,ב',1400 - 1600,מ.ישראל-605,14
מחלקה המחלקה למדעי המדינה,71011-01,"א' - 2.00
 ב' - 2.00",סוג מפגש קולוקו רשות,"1200 - 1400
1200 - 1400",חדר מחלקה,מחלקה
מחלקה המחלקה למדעי המדינה,71012-01,"א' - 2.00
 ב' - 2.00",ד',1400 - 1600,מ.ישראל-605,104
"מחלקה ביה""ס לתקשורת",71040-01,ב' - 2.00,ג',2000 - 2200,מ.ישראל-507,2
"מחלקה ביה""ס לתקשורת",71045-01,"א' - 2.00
 ב' - 2.00",ג',"1800 - 2000
1800 - 2000","סטודנטים-105
מ.ישראל-507","3
2"
"מחלקה ביה""ס לתקשורת",71049-01,א' - 2.00,ג',1600 - 1800,סטודנטים-105,3
מחלקה המחלקה למדעי המדינה,71051-18,ב' - 4.00,ב',0800 - 1200,מ.ישראל-504,1
מחלקה המחלקה למדעי המדינה,71052-18,ב' - 4.00,"ב',ד'","1600 - 1800
1400 - 1600",מ.ישראל-505,"204
201"
מחלקה המחלקה למדעי המדינה,710522-01,א' - 4.00,ד',1000 - 1400,מ.ישראל-502,26
"מחלקה ביה""ס לתקשורת",71053-01,א' - 2.00,ג',2000 - 2200,סטודנטים-105,3
מחלקה המחלקה למדעי המדינה,71054-18,"א' - 2.00
 ב' - 2.00",ג',"1000 - 1200
1000 - 1200","מ.ישראל-502
מ.ישראל-507","37
4"
"מחלקה ביה""ס לתקשורת",71057-01,א' - 2.00,ג',1400 - 1600,סטודנטים-105,6
"מחלקה ביה""ס לתקשורת",71058-01,א' - 2.00,ו',1200 - 1400,נלמד בזום,999
מחלקה המחלקה למדעי המדינה,71059-01,"א' - 2.00
 ב' - 2.00",ו',1000 - 1200,נלמד בזום,999
מחלקה המחלקה למדעי המדינה,71060-01,"א' - 2.00
 ב' - 2.00",ו',1000 - 1200,נלמד בזום,999
מחלקה המחלקה למדעי המדינה,710606-01,ב' - 4.00,ב',1200 - 1600,מ.ישראל-505,4
מחלקה המחלקה למדעי המדינה,71070-01,א' - 2.00,ד',1400 - 1600,מ.ישראל-505,104
מחלקה המחלקה למדעי המדינה,71071-01,ב' - 2.00,ד',1400 - 1600,מ.ישראל-604,14
מחלקה המחלקה למדעי המדינה,710930-01,ב' - 2.00,ו',0800 - 1000,נלמד בזום,999
מחלקה המחלקה למדעי המדינה,711000-01,א' - 2.00,ד',1200 - 1400,מינץ-403,69
מחלקה המחלקה למדעי המדינה,711000-02,א' - 1.00,ג',1200 - 1300,יהדות-403,67
מחלקה המחלקה למדעי המדינה,711000-03,א' - 1.00,ג',1600 - 1700,מ.ישראל-507,204
מחלקה המחלקה למדעי המדינה,711000-18,א' - 2.00,ב',1000 - 1200,מ.ישראל-604,13
מחלקה המחלקה למדעי המדינה,711000-19,א' - 1.00,ב',1200 - 1300,מ.ישראל-604,13
מחלקה המחלקה למדעי המדינה,711001-01,ב' - 2.00,ד',1200 - 1400,יהדות-402,63
מחלקה המחלקה למדעי המדינה,711001-02,ב' - 1.00,ג',1200 - 1300,משפטים-305,6
מחלקה המחלקה למדעי המדינה,711001-03,ב' - 1.00,ג',1600 - 1700,מ.ישראל-604,12
מחלקה המחלקה למדעי המדינה,711001-18,ב' - 2.00,ב',1000 - 1200,מ.ישראל-604,13
מחלקה המחלקה למדעי המדינה,711001-19,ב' - 1.00,ב',1200 - 1300,מ.ישראל-604,13
מחלקה המחלקה למדעי המדינה,71100-80,א' - 3.00,ב',1200 - 1500,מ.ישראל-507,5
מחלקה המחלקה למדעי המדינה,711010-01,א' - 2.00,ג',1000 - 1200,יהדות-402,63
מחלקה המחלקה למדעי המדינה,711010-18,א' - 2.00,ד',1000 - 1200,מ.ישראל-505,105
מחלקה המחלקה למדעי המדינה,711011-01,ב' - 2.00,ג',1000 - 1200,יהדות-402,63
מחלקה המחלקה למדעי המדינה,711011-18,ב' - 2.00,ד',1000 - 1200,מ.ישראל-605,14
מחלקה המחלקה למדעי המדינה,711040-01,א' - 2.00,ב',1200 - 1400,מ.ישראל-507,107
מחלקה המחלקה למדעי המדינה,711040-02,א' - 1.00,ב',1000 - 1100,מ.ישראל-507,3
מחלקה המחלקה למדעי המדינה,711040-03,א' - 1.00,ב',1100 - 1200,מ.ישראל-507,3
מחלקה המחלקה למדעי המדינה,711040-18,א' - 2.00,ד',1200 - 1400,מ.ישראל-505,105
מחלקה המחלקה למדעי המדינה,711040-19,א' - 1.00,ד',1400 - 1500,מ.ישראל-505,105
מחלקה המחלקה למדעי המדינה,711041-01,ב' - 2.00,ב',1200 - 1400,יהדות-402,63
מחלקה המחלקה למדעי המדינה,711041-02,ב' - 1.00,ב',1000 - 1100,יהדות-403,67
מחלקה המחלקה למדעי המדינה,711041-03,ב' - 1.00,ב',1100 - 1200,יהדות-403,67
מחלקה המחלקה למדעי המדינה,711041-18,ב' - 2.00,ד',1200 - 1400,מ.ישראל-605,14
מחלקה המחלקה למדעי המדינה,711041-19,ב' - 1.00,ד',1400 - 1500,מ.ישראל-605,14
מחלקה המחלקה למדעי המדינה,711081-01,א' - 2.00,ג',1400 - 1600,מינץ-403,69
מחלקה המחלקה למדעי המדינה,711081-18,א' - 2.00,ב',1200 - 1400,מ.ישראל-605,14
מחלקה המחלקה למדעי המדינה,711082-01,ב' - 2.00,ג',1400 - 1600,טבע-203,221
מחלקה המחלקה למדעי המדינה,711082-18,ב' - 2.00,ב',1200 - 1400,מ.ישראל-604,14
מחלקה המחלקה למדעי המדינה,711090-01,א' - 2.00,א',1200 - 1400,מ.ישראל-507,201
מחלקה המחלקה למדעי המדינה,711091-01,ב' - 2.00,א',1200 - 1400,מ.ישראל-507,201
מחלקה המחלקה למדעי המדינה,711140-01,א' - 2.00,ב',1400 - 1600,יהדות-402,63
מחלקה המחלקה למדעי המדינה,711140-18,א' - 2.00,ב',1400 - 1600,מ.ישראל-505,202
מחלקה המחלקה למדעי המדינה,711141-01,ב' - 2.00,ב',1400 - 1600,יהדות-402,63
מחלקה המחלקה למדעי המדינה,711141-18,ב' - 2.00,ב',1400 - 1600,מ.ישראל-505,202
מחלקה המחלקה למדעי המדינה,711200-01,א' - 2.00,ג',1600 - 1800,מ.ישראל-505,62
מחלקה המחלקה למדעי המדינה,71124-01,ב' - 4.00,ו',1000 - 1400,נלמד בזום,999
מחלקה המחלקה למדעי המדינה,711441-01,ב' - 2.00,ב',1600 - 1800,מ.ישראל-505,104
מחלקה המחלקה למדעי המדינה,71204-01,ב' - 2.00,ד',0800 - 1000,מ.ישראל-507,201
מחלקה המחלקה למדעי המדינה,71204-02,ב' - 2.00,ד',1000 - 1200,מ.ישראל-507,201
מחלקה המחלקה למדעי המדינה,71204-19,א' - 2.00,ג',1000 - 1200,מ.ישראל-505,201
מחלקה המחלקה למדעי המדינה,71205-01,א' - 2.00,ד',0800 - 1000,יהדות-402,63
מחלקה המחלקה למדעי המדינה,71205-02,א' - 2.00,ד',1000 - 1200,טבע-203,221
מחלקה המחלקה למדעי המדינה,71205-19,ב' - 2.00,ג',1000 - 1200,מ.ישראל-505,201
מחלקה המחלקה למדעי המדינה,712071-01,א' - 2.00,ד',1400 - 1600,מ.ישראל-507,3
מחלקה המחלקה למדעי המדינה,712080-01,ב' - 2.00,ד',1200 - 1400,מ.ישראל-604,104
מחלקה המחלקה למדעי המדינה,712090-01,ב' - 2.00,ד',1000 - 1200,מ.ישראל-505,105
מחלקה המחלקה למדעי המדינה,712170-01,ב' - 2.00,ד',1600 - 1800,מ.ישראל-505,5
מחלקה המחלקה למדעי המדינה,71219-80,ב' - 3.00,ב',1200 - 1500,יהדות-403,2
מחלקה המחלקה למדעי המדינה,712424-01,א' - 2.00,ג',1200 - 1400,מ.ישראל-605,65
מחלקה המחלקה למדעי המדינה,712560-01,ב' - 2.00,ב',1000 - 1200,מ.ישראל-505,5
מחלקה המחלקה למדעי המדינה,712581-35,"א' - 2.00
 ב' - 2.00",ג',"1800 - 2000
1800 - 2000",יהדות-404,115
מחלקה המחלקה למדעי המדינה,712920-01,"א' - 2.00
 ב' - 2.00",ו',0800 - 1000,נלמד בזום,999
מחלקה המחלקה למדעי המדינה,713040-01,ב' - 2.00,ג',1600 - 1800,מ.ישראל-505,62
מחלקה המחלקה למדעי המדינה,713090-01,א' - 2.00,ד',1600 - 1800,מ.ישראל-504,5
מחלקה המחלקה למדעי המדינה,713151-01,ב' - 2.00,ג',1000 - 1200,מ.ישראל-507,201
מחלקה המחלקה למדעי המדינה,713180-01,א' - 2.00,ג',1000 - 1200,מ.ישראל-605,102
מחלקה המחלקה למדעי המדינה,713470-01,א' - 2.00,ב',1600 - 1800,מ.ישראל-504,3
מחלקה המחלקה למדעי המדינה,713520-01,א' - 2.00,ו',0800 - 1000,נלמד בזום,999
מחלקה המחלקה למדעי המדינה,713570-01,"א' - 2.00
 ב' - 2.00",ג',2000 - 2200,יהדות-404,101
מחלקה המחלקה למדעי המדינה,714050-01,ב' - 4.00,ג',1400 - 1800,מ.ישראל-604,205
מחלקה המחלקה למדעי המדינה,71428-01,א' - 4.00,ב',1200 - 1600,מ.ישראל-502,26
מחלקה המחלקה למדעי המדינה,71428-18,"א' - 2.00
 ב' - 2.00",ג',1400 - 1600,מ.ישראל-508,7
מחלקה המחלקה למדעי המדינה,714310-01,א' - 2.00,ג',2000 - 2200,יהדות-404,114
מחלקה המחלקה למדעי המדינה,71439-01,ב' - 2.00,ג',2000 - 2200,יהדות-404,102
מחלקה המחלקה למדעי המדינה,71472-01,"א' - 2.00
 ב' - 2.00",ד',1200 - 1400,מ.ישראל-505,3
מחלקה המחלקה למדעי המדינה,714950-01,"א' - 2.00
 ב' - 2.00",ו',1200 - 1400,נלמד בזום,999
מחלקה המחלקה למדעי המדינה,715000-01,ב' - 2.00,ו',0800 - 1000,נלמד בזום,999
מחלקה המחלקה למדעי המדינה,715030-01,ב' - 2.00,ג',0800 - 1000,יהדות-402,63
מחלקה המחלקה למדעי המדינה,715030-18,ב' - 2.00,ב',1400 - 1600,מ.ישראל-604,14
מחלקה המחלקה למדעי המדינה,715080-01,"א' - 2.00
 ב' - 2.00",ו',1200 - 1400,נלמד בזום,999
מחלקה המחלקה למדעי המדינה,715130-01,א' - 2.00,ג',1400 - 1600,מ.ישראל-605,14
מחלקה המחלקה למדעי המדינה,715131-01,ב' - 2.00,ג',1400 - 1600,מ.ישראל-504,1
מחלקה המחלקה למדעי המדינה,715140-01,א' - 2.00,ד',1600 - 1800,מ.ישראל-505,5
מחלקה המחלקה למדעי המדינה,715141-01,ב' - 2.00,ד',1600 - 1800,מ.ישראל-505,4
מחלקה המחלקה למדעי המדינה,715151-01,"א' - 2.00
 ב' - 2.00",ג',1800 - 2000,יהדות-403,2
מחלקה המחלקה למדעי המדינה,715190-01,א' - 4.00,ו',1000 - 1400,נלמד בזום,999
מחלקה המחלקה למדעי המדינה,71535-35,"א' - 2.00
 ב' - 2.00",ו',1200 - 1400,נלמד בזום,999
מחלקה המחלקה למדעי המדינה,715410-01,"א' - 2.00
 ב' - 2.00",ב',1000 - 1200,יהדות-403,113
מחלקה המחלקה למדעי המדינה,715441-80,א' - 3.00,ד',1400 - 1700,מ.ישראל-504,3
מחלקה המחלקה למדעי המדינה,715510-01,ב' - 2.00,ד',1200 - 1400,מ.ישראל-505,106
מחלקה המחלקה למדעי המדינה,716450-01,א' - 4.00,ב',1000 - 1400,מ.ישראל-505,62
מחלקה המחלקה למדעי המדינה,71675-01,"א' - 2.00
 ב' - 2.00",ו',1200 - 1400,נלמד בזום,999
מחלקה המחלקה למדעי המדינה,716870-01,ב' - 4.00,ד',1000 - 1400,מ.ישראל-502,25
מחלקה המחלקה למדעי המדינה,716890-01,"א' - 2.00
 ב' - 2.00",ג',2000 - 2200,יהדות-403,2
מחלקה המחלקה למדעי המדינה,7168910-90,ב' - 4.00,ד',1600 - 2000,נלמד בזום,999
מחלקה המחלקה למדעי המדינה,716982-01,א' - 2.00,ב',1600 - 1800,מ.ישראל-604,64
מחלקה המחלקה למדעי המדינה,716983-01,ב' - 2.00,ב',1600 - 1800,מ.ישראל-505,106
מחלקה המחלקה למדעי המדינה,717010-01,א' - 4.00,א',1400 - 1800,מ.ישראל-507,2
מחלקה המחלקה למדעי המדינה,71702-01,ב' - 4.00,ג',1600 - 2000,מ.ישראל-504,4
מחלקה המחלקה למדעי המדינה,717090-01,ב' - 4.00,א',1400 - 1800,מ.ישראל-507,2
מחלקה המחלקה למדעי המדינה,71714-39,א' - 2.00,ו',1200 - 1400,נלמד בזום,999
מחלקה המחלקה למדעי המדינה,71718-39,"א' - 2.00
 ב' - 2.00",ג',1800 - 2000,סטודנטים-105,102
מחלקה המחלקה למדעי המדינה,71725-01,א' - 4.00,ד',1600 - 2000,חברה-902,101
מחלקה המחלקה למדעי המדינה,71735-01,"א' - 2.00
 ב' - 2.00",ו',1000 - 1200,נלמד בזום,999
מחלקה המחלקה למדעי המדינה,71738-01,"א' - 2.00
 ב' - 2.00",ג',"1600 - 1800
1600 - 1800","מ.ישראל-504
מ.ישראל-502","5
7"
מחלקה המחלקה למדעי המדינה,71751-39,ב' - 2.00,ו',1200 - 1400,נלמד בזום,999
מחלקה המחלקה למדעי המדינה,71770-39,"א' - 2.00
 ב' - 2.00",ג',2000 - 2200,סטודנטים-105,102
מחלקה המחלקה למדעי המדינה,717710-39,א' - 2.00,ו',0800 - 1000,נלמד בזום,999
מחלקה המחלקה למדעי המדינה,71798-39,"א' - 2.00
 ב' - 2.00",ו',1000 - 1200,נלמד בזום,999
מחלקה המחלקה למדעי המדינה,71802-01,"א' - 2.00
 ב' - 2.00",ג',1400 - 1600,טבע-207,1
מחלקה המחלקה למדעי המדינה,71802-02,"א' - 2.00
 ב' - 2.00",ג',1400 - 1600,משפטים-306,111
מחלקה המחלקה למדעי המדינה,71802-03,ב' - 4.00,ג',1400 - 1800,מ.ישראל-507,2
מחלקה המחלקה למדעי המדינה,71802-90,א' - 4.00,ב',1600 - 2000,נלמד בזום,999
מחלקה המחלקה למדעי המדינה,71806-01,א' - 4.00,ג',1600 - 2000,מ.ישראל-504,4
מחלקה המחלקה למדעי המדינה,71814-01,א' - 4.00,א',1200 - 1600,מ.ישראל-505,62
מחלקה המחלקה למדעי המדינה,71826-01,"א' - 2.00
 ב' - 2.00",ו',0800 - 1000,נלמד בזום,999
מחלקה המחלקה למדעי המדינה,71838-01,"א' - 2.00
 ב' - 2.00",ד',1200 - 1400,נלמד בזום,999
מחלקה המחלקה למדעי המדינה,718391-01,א' - 2.00,א',1000 - 1200,מ.ישראל-507,201
מחלקה המחלקה למדעי המדינה,718392-01,ב' - 2.00,א',1000 - 1200,מ.ישראל-507,201
מחלקה המחלקה למדעי המדינה,71856-01,"א' - 2.00
 ב' - 2.00",ד',1800 - 2000,חברה-902,201
מחלקה המחלקה למדעי המדינה,718661-01,"א' - 2.00
 ב' - 2.00",ג',"1600 - 1800
1600 - 1800","מ.ישראל-507
יהדות-403","107
2"
מחלקה המחלקה למדעי המדינה,71887-01,"א' - 2.00
 ב' - 2.00",ג',1800 - 2000,מ.ישראל-505,65
מחלקה המחלקה למדעי המדינה,718962-01,א' - 2.00,א',1000 - 1200,מ.ישראל-605,64
מחלקה המחלקה למדעי המדינה,718963-01,א' - 2.00,א',1200 - 1400,מ.ישראל-605,64
מחלקה המחלקה למדעי המדינה,718964-90,ב' - 4.00,ב',1600 - 2000,נלמד בזום,999
מחלקה המחלקה למדעי המדינה,71914-01,"א' - 2.00
 ב' - 2.00",ג',1600 - 1800,טבע-207,1
מחלקה המחלקה למדעי המדינה,719360-01,א' - 2.00,ד',1600 - 1800,משפטים-305,132
מחלקה המחלקה למדעי המדינה,719360-02,ב' - 2.00,ד',1600 - 1800,חברה-902,103
מחלקה המחלקה למדעי המדינה,71943-01,א' - 4.00,ג',1600 - 2000,מ.ישראל-502,6
מחלקה המחלקה למדעי המדינה,719431-01,"א' - 2.00
 ב' - 2.00",ג',"1000 - 1200
1000 - 1200","מ.ישראל-508
משפטים-305","7
132"
מחלקה המחלקה למדעי המדינה,719690-01,א' - 2.00,ו',0800 - 1000,נלמד בזום,999
מחלקה המחלקה למדעי המדינה,71970-01,"א' - 2.00
 ב' - 2.00",ו',0800 - 1000,נלמד בזום,999
מחלקה המחלקה למדעי המדינה,71980-01,"א' - 2.00
 ב' - 2.00",ג',1800 - 2000,חדר מחלקה,מחלקה
מחלקה המחלקה למדעי המדינה,71984-01,ב' - 4.00,ג',0800 - 1200,מ.ישראל-605,13
מחלקה המחלקה למדעי המדינה,71984-90,א' - 4.00,ד',1600 - 2000,נלמד בזום,999
מחלקה המחלקה למדעי המדינה,71985-01,"א' - 2.00
 ב' - 2.00",ג',1800 - 2000,משפטים-305,133
מחלקה המחלקה לקרימינולוגיה,731001-01,א' - 2.00,א',1400 - 1600,מ.ישראל-507,7
מחלקה המחלקה לקרימינולוגיה,731002-01,ב' - 2.00,א',1400 - 1600,וואהל 1401,2
מחלקה המחלקה לקרימינולוגיה,731061-01,א' - 2.00,ב',1200 - 1400,יהדות-404,101
מחלקה המחלקה לקרימינולוגיה,731062-01,ב' - 2.00,ב',1200 - 1400,מ.ישראל-507,107
מחלקה המחלקה לקרימינולוגיה,73112-01,א' - 2.00,א',1200 - 1400,וואהל 1401,2
מחלקה המחלקה לקרימינולוגיה,73113-01,ב' - 2.00,א',1200 - 1400,וואהל 1401,2
מחלקה המחלקה לקרימינולוגיה,73115-01,ב' - 2.00,א',1600 - 1800,וואהל 1401,2
מחלקה המחלקה לקרימינולוגיה,73116-01,א' - 2.00,א',1600 - 1800,מ.ישראל-507,7
מחלקה המחלקה לקרימינולוגיה,731221-01,א' - 2.00,ב',0800 - 1000,יהדות-402,63
מחלקה המחלקה לקרימינולוגיה,731221-02,א' - 1.00,ב',1000 - 1100,יהדות-404,102
מחלקה המחלקה לקרימינולוגיה,731221-03,א' - 1.00,ב',1100 - 1200,יהדות-404,102
מחלקה המחלקה לקרימינולוגיה,731223-01,ב' - 2.00,ב',0800 - 1000,יהדות-402,63
מחלקה המחלקה לקרימינולוגיה,731223-02,ב' - 1.00,ב',1000 - 1100,יהדות-402,63
מחלקה המחלקה לקרימינולוגיה,731223-03,ב' - 1.00,ב',1100 - 1200,יהדות-402,63
מחלקה המחלקה לקרימינולוגיה,731400-01,ב' - 2.00,ד',0800 - 1000,מעבדת מחשבים,999
מחלקה המחלקה לקרימינולוגיה,731400-02,ב' - 2.00,ד',1200 - 1400,מעבדת מחשבים,999
מחלקה המחלקה לקרימינולוגיה,731500-01,"א' - 2.00
 ב' - 2.00",ב',1400 - 1600,חדר מחלקה,מחלקה
מחלקה המחלקה לקרימינולוגיה,73157-01,"א' - 2.00
 ב' - 2.00",ב',0800 - 1000,מ.ישראל-502,8
מחלקה המחלקה לקרימינולוגיה,73200-01,ב' - 2.00,ב',1200 - 1400,משפטים-305,4
מחלקה המחלקה לקרימינולוגיה,73210-01,א' - 2.00,ד',1200 - 1400,מ.ישראל-505,1
מחלקה המחלקה לקרימינולוגיה,732221-01,א' - 2.00,א',0800 - 1000,יהדות-402,63
מחלקה המחלקה לקרימינולוגיה,732223-01,א' - 2.00,א',1000 - 1200,יהדות-402,63
מחלקה המחלקה לקרימינולוגיה,73226-01,א' - 2.00,ד',1000 - 1200,מ.ישראל-507,107
מחלקה המחלקה לקרימינולוגיה,73232-01,"א' - 2.00
 ב' - 2.00",ה',1800 - 2000,חדר מחלקה,מחלקה
מחלקה המחלקה לקרימינולוגיה,73315-01,ב' - 2.00,ב',1000 - 1200,מ.ישראל-507,107
מחלקה המחלקה לקרימינולוגיה,73345-01,"א' - 2.00
 ב' - 2.00",א',"1200 - 1400
1200 - 1400","יהדות-403
מ.ישראל-505","67
64"
מחלקה המחלקה לקרימינולוגיה,73348-01,ב' - 2.00,א',1000 - 1200,טבע-207,1
מחלקה המחלקה לקרימינולוגיה,73350-01,"א' - 2.00
 ב' - 2.00","פרטי קורס  קולוקו מחלקתי לתואר ראשון
קוד קורס 73350-01
שם קורס באנגלית Departmental Colloquium
מחלקה המחלקה לקרימינולוגיה
פקולטה מדעי החברה
סוג מפגש קולוקו רשות
מרצה ד""ר עדה יורמן

שעות סמסטר א' - 2.00
סמסטר ב' - 2.00
נ""ז 0.00
הערה
 ב'
שעה 1400 - 1600
1400 - 1600
בניין
חדר מחלקה
חדר
999
אפיונים מודל - אתר מלווה קורס
תאריכי בחינות
סילבוס צפייה בסילבוס","1400 - 1600
1400 - 1600",חדר מחלקה,מחלקה
מחלקה המחלקה לקרימינולוגיה,73368-01,"א' - 2.00
 ב' - 2.00",א',1200 - 1400,מ.ישראל-508,7
מחלקה המחלקה לקרימינולוגיה,73389-01,א' - 2.00,ד',1400 - 1600,מ.ישראל-504,4
מחלקה המחלקה לקרימינולוגיה,73440-01,א' - 2.00,ב',1000 - 1200,טבע 211-2,25
מחלקה המחלקה לקרימינולוגיה,73455-01,"א' - 2.00
 ב' - 2.00",א',"1200 - 1400
1200 - 1400",מ.ישראל-505,"5
65"
מחלקה המחלקה לקרימינולוגיה,73560-01,א' - 2.00,ב',1200 - 1400,טבע 211-2,25
מחלקה המחלקה לקרימינולוגיה,735900-01,"א' - 2.00
 ב' - 2.00",ב',0800 - 1000,משפטים-306,111
מחלקה המחלקה לקרימינולוגיה,73596-01,ב' - 2.00,א',1600 - 1800,טבע-207,1
מחלקה המחלקה לקרימינולוגיה,73625-01,ב' - 2.00,ד',0800 - 1000,מ.ישראל-505,3
מחלקה המחלקה לקרימינולוגיה,73626-01,ב' - 2.00,ד',1600 - 1800,מ.ישראל-605,65
מחלקה המחלקה לקרימינולוגיה,73640-01,ב' - 4.00,ד',1200 - 1600,יהדות-404,102
מחלקה המחלקה לקרימינולוגיה,73643-01,"א' - 2.00
 ב' - 2.00",ב',0800 - 1000,מ.ישראל-504,4
מחלקה המחלקה לקרימינולוגיה,73645-01,א' - 2.00,ד',1600 - 1800,מ.ישראל-605,101
מחלקה המחלקה לקרימינולוגיה,73647-01,ב' - 2.00,ב',1600 - 1800,נלמד בזום,999
מחלקה המחלקה לקרימינולוגיה,73652-01,א' - 4.00,ד',1000 - 1400,מ.ישראל-604,11
מחלקה המחלקה לקרימינולוגיה,73655-01,ב' - 2.00,ד',1000 - 1200,מ.ישראל-605,64
מחלקה המחלקה לקרימינולוגיה,73656-01,ב' - 2.00,ד',1000 - 1200,יהדות-404,68
מחלקה המחלקה לקרימינולוגיה,73658-01,א' - 2.00,א',1400 - 1600,יהדות-402,63
מחלקה המחלקה לקרימינולוגיה,73661-01,א' - 2.00,ד',1600 - 1800,סטודנטים-105,3
מחלקה המחלקה לקרימינולוגיה,73682-01,א' - 2.00,ד',0800 - 1000,מ.ישראל-502,7
מחלקה המחלקה לקרימינולוגיה,73690-01,א' - 2.00,ד',0800 - 1000,מ.ישראל-605,63
מחלקה המחלקה לקרימינולוגיה,73715-01,א' - 2.00,ד',0800 - 1000,מעבדת מחשבים,999
מחלקה המחלקה לקרימינולוגיה,73731-01,ב' - 2.00,ד',1200 - 1400,מ.ישראל-502,26
מחלקה המחלקה לקרימינולוגיה,73780-01,א' - 4.00,ב',1200 - 1600,מ.ישראל-605,13
מחלקה המחלקה לקרימינולוגיה,73793-01,ב' - 4.00,ד',1400 - 1800,מ.ישראל-502,6
מחלקה המחלקה לקרימינולוגיה,73810-01,א' - 2.00,ד',1200 - 1400,מ.ישראל-502,9
מחלקה המחלקה לקרימינולוגיה,73823-01,"א' - 2.00
 ב' - 2.00",ב',0800 - 1000,מ.ישראל-604,13
מחלקה המחלקה לקרימינולוגיה,73830-01,"א' - 2.00
 ב' - 2.00",ד',1600 - 1800,מ.ישראל-502,23
מחלקה המחלקה לקרימינולוגיה,73833-01,א' - 4.00,ד',1000 - 1400,מ.ישראל-502,24
מחלקה המחלקה לקרימינולוגיה,73847-01,"א' - 2.00
 ב' - 2.00",ה',1400 - 1600,חדר מחלקה,מחלקה
מחלקה המחלקה לקרימינולוגיה,73856-01,"א' - 2.00
 ב' - 2.00",ד',0800 - 1000,מ.ישראל-502,9
מחלקה המחלקה לקרימינולוגיה,73859-01,א' - 2.00,ב',0800 - 1000,מ.ישראל-605,105
מחלקה המחלקה לקרימינולוגיה,73872-01,ב' - 2.00,ב',1100 - 1300,חוץ קמפוס,999
מחלקה המחלקה לקרימינולוגיה,73876-01,א' - 2.00,ב',0800 - 1000,מ.ישראל-604,205
מחלקה המחלקה לקרימינולוגיה,73942-01,א' - 2.00,ד',1200 - 1400,יהדות-403,2
מחלקה המחלקה לקרימינולוגיה,73944-01,ב' - 2.00,ד',1400 - 1600,מ.ישראל-502,23
מחלקה המחלקה לקרימינולוגיה,73945-01,"א' - 2.00
 ב' - 2.00","פרטי קורס  קולוקוו לתלמידי תואר שלישי שנה ג'
קוד קורס 73945-01
שם קורס באנגלית Colloquium for Phd Students
מחלקה המחלקה לקרימינולוגיה
פקולטה מדעי החברה
סוג מפגש קולוקו חובה
מרצה
שעות סמסטר א' - 2.00
סמסטר ב' - 2.00
נ""ז 0.00
הערה
 ד'
שעה 1400 - 1600
בניין
חדר מחלקה
חדר
999
אפיונים מודל - אתר מלווה קורס
תאריכי בחינות",1400 - 1600,חדר מחלקה,מחלקה
מחלקה המחלקה לקרימינולוגיה,73947-01,"א' - 2.00
 ב' - 2.00","פרטי קורס  קולוקו מחלקתי לתואר שני שנה ב'
קוד קורס 73947-01
שם קורס באנגלית Departmental Colloquium
מחלקה המחלקה לקרימינולוגיה
פקולטה מדעי החברה
סוג מפגש קולוקו רשות
מרצה פרופ' קרן גואטה
שעות סמסטר א' - 2.00
סמסטר ב' - 2.00
נ""ז 0.00
הערה
 ד'
שעה 1000 - 1200
1000 - 1200
בניין
מ.ישראל-504
חדר
7
5
אפיונים מודל - אתר מלווה קורס
תאריכי בחינות
סילבוס צפייה בסילבוס","1000 - 1200
1000 - 1200",מ.ישראל-504,"7
5"
מחלקה המחלקה לקרימינולוגיה,73948-01,"א' - 2.00
 ב' - 2.00","פרטי קורס  קולוקו לתלמידי תואר שלישי שנה א'
קוד קורס 73948-01
שם קורס באנגלית Colloquium for Phd Students
מחלקה המחלקה לקרימינולוגיה
פקולטה מדעי החברה
סוג מפגש קולוקו רשות
מרצה
שעות סמסטר א' - 2.00
סמסטר ב' - 2.00
נ""ז 0.00
הערה
 ד'
שעה 1400 - 1600
בניין
חדר מחלקה
חדר
999
אפיונים מודל - אתר מלווה קורס
תאריכי בחינות",1400 - 1600,חדר מחלקה,מחלקה
מחלקה המחלקה לקרימינולוגיה,73950-01,"א' - 2.00
 ב' - 2.00","פרטי קורס  קולוקו לתלמידי תואר שלישי שנה ב'
קוד קורס 73950-01
שם קורס באנגלית Colloquium for Phd Students
מחלקה המחלקה לקרימינולוגיה
פקולטה מדעי החברה
סוג מפגש קולוקו רשות
מרצה
שעות סמסטר א' - 2.00
סמסטר ב' - 2.00
נ""ז 0.00
הערה
 ד'
שעה 1400 - 1600
בניין
חדר מחלקה
חדר
999
אפיונים מודל - אתר מלווה קורס
תאריכי בחינות",1400 - 1600,חדר מחלקה,מחלקה
מחלקה המחלקה לקרימינולוגיה,73953-01,א' - 2.00,ד',1400 - 1600,מ.ישראל-502,8
מחלקה המחלקה לקרימינולוגיה,73955-01,"א' - 2.00
 ב' - 2.00","ד',ב'","1000 - 1200
1200 - 1400","מ.ישראל-502
מ.ישראל-507","23
1"
מחלקה המחלקה לקרימינולוגיה,73956-01,א' - 2.00,ב',1000 - 1200,מ.ישראל-605,105
מחלקה המחלקה לקרימינולוגיה,73959-01,"א' - 2.00
 ב' - 2.00",ה',0800 - 1000,חוץ קמפוס,999
מחלקה המחלקה לקרימינולוגיה,73960-01,"א' - 2.00
 ב' - 2.00",ה',1000 - 1200,חדר מחלקה,מחלקה
מחלקה המחלקה לקרימינולוגיה,73966-01,"א' - 2.00
 ב' - 2.00",ד',1400 - 1600,מ.ישראל-502,9
מחלקה המחלקה לקרימינולוגיה,73981-01,א' - 2.00,ב',1200 - 1400,מ.ישראל-605,105
מחלקה המחלקה לקרימינולוגיה,73997-01,"א' - 2.00
 ב' - 2.00","פרטי קורס  קולקו מחלקתי לתואר שני שנה א'
קוד קורס 73997-01
שם קורס באנגלית Colloquium
מחלקה המחלקה לקרימינולוגיה
פקולטה מדעי החברה
סוג מפגש קולוקו רשות
מרצה פרופ' קרן גואטה
שעות סמסטר א' - 2.00
סמסטר ב' - 2.00
נ""ז 0.00
הערה
 ד'
שעה 1000 - 1200
1000 - 1200
בניין
מ.ישראל-504
חדר
7
5
אפיונים מודל - אתר מלווה קורס
תאריכי בחינות
סילבוס צפייה בסילבוס","1000 - 1200
1000 - 1200",מ.ישראל-504,"7
5"
מחלקה המחלקה למדעי חברה ובריאות,74028-01,"א' - 2.00
 ב' - 2.00",ה',"0800 - 1000
0800 - 1000",מ.ישראל-505,203
מחלקה המחלקה למדעי חברה ובריאות,74029-01,א' - 2.00,ה',1600 - 1800,מ.ישראל-505,63
מחלקה המחלקה למדעי חברה ובריאות,74030-01,א' - 2.00,ה',1800 - 2000,מ.ישראל-505,106
מחלקה המחלקה למדעי חברה ובריאות,74031-01,א' - 2.00,ה',1000 - 1200,מ.ישראל-507,6
מחלקה המחלקה למדעי חברה ובריאות,74033-01,א' - 2.00,ה',1200 - 1400,מ.ישראל-505,106
מחלקה המחלקה למדעי חברה ובריאות,74034-01,א' - 2.00,ה',1800 - 2000,מ.ישראל-507,1
מחלקה המחלקה למדעי חברה ובריאות,74036-01,א' - 2.00,ה',1200 - 1400,מ.ישראל-505,104
מחלקה המחלקה למדעי חברה ובריאות,74041-01,א' - 2.00,ה',1400 - 1600,מ.ישראל-505,104
מחלקה המחלקה למדעי חברה ובריאות,740490-01,"א' - 2.00
 ב' - 2.00",ה',1000 - 1200,מ.ישראל-507,2
מחלקה המחלקה למדעי חברה ובריאות,74049-01,"א' - 2.00
 ב' - 2.00",ה',"1000 - 1200
1000 - 1200",מ.ישראל-505,5
מחלקה המחלקה למדעי חברה ובריאות,740501-01,"א' - 2.00
 ב' - 2.00",ה',0800 - 1000,מ.ישראל-507,2
מחלקה המחלקה למדעי חברה ובריאות,740503-01,"א' - 2.00
 ב' - 2.00",ה',1600 - 1800,מ.ישראל-505,65
מחלקה המחלקה למדעי חברה ובריאות,740504-01,"א' - 2.00
 ב' - 2.00",ה',"0800 - 1000
0800 - 1000",מ.ישראל-505,"63
62"
מחלקה המחלקה למדעי חברה ובריאות,740505-01,"א' - 2.00
 ב' - 2.00",ה',"1600 - 1800
1800 - 2000","מ.ישראל-505
מ.ישראל-604","62
64"
מחלקה המחלקה למדעי חברה ובריאות,740506-01,"א' - 2.00
 ב' - 2.00",ה',"1600 - 1800
1800 - 2000","מ.ישראל-505
מ.ישראל-604","62
64"
מחלקה המחלקה למדעי חברה ובריאות,74058-01,ב' - 2.00,ה',1800 - 2000,מ.ישראל-505,65
מחלקה המחלקה למדעי חברה ובריאות,741000-01,א' - 2.00,ג',1000 - 1200,מ.ישראל-505,101
מחלקה המחלקה למדעי חברה ובריאות,741000-02,א' - 1.00,ג',1200 - 1300,מ.ישראל-505,101
מחלקה המחלקה למדעי חברה ובריאות,74100-10,א' - 2.00,ג',1300 - 1500,מ.ישראל-507,3
מחלקה המחלקה למדעי חברה ובריאות,74100-11,א' - 1.00,ג',1500 - 1600,מ.ישראל-507,3
מחלקה המחלקה למדעי חברה ובריאות,741010-01,ב' - 2.00,ג',1000 - 1200,מ.ישראל-504,3
מחלקה המחלקה למדעי חברה ובריאות,741010-02,ב' - 1.00,ג',1200 - 1300,מ.ישראל-504,3
מחלקה המחלקה למדעי חברה ובריאות,74101-10,ב' - 2.00,ג',1300 - 1500,מ.ישראל-507,3
מחלקה המחלקה למדעי חברה ובריאות,74101-11,ב' - 1.00,ג',1500 - 1600,מ.ישראל-507,3
מחלקה המחלקה למדעי חברה ובריאות,74113-01,"א' - 2.00
 ב' - 2.00",ו',0800 - 1000,נלמד בזום,999
מחלקה המחלקה למדעי חברה ובריאות,741200-01,"א' - 2.00
 ב' - 2.00",ה',1400 - 1600,מ.ישראל-605,14
מחלקה המחלקה למדעי חברה ובריאות,741220-01,"א' - 2.00
 ב' - 2.00",ה',1200 - 1400,מ.ישראל-605,11
מחלקה המחלקה למדעי חברה ובריאות,741230-01,"א' - 2.00
 ב' - 2.00","ה',ג'","1600 - 1800
1500 - 1700","מ.ישראל-605
מ.ישראל-507","14
107"
מחלקה המחלקה למדעי חברה ובריאות,741241-01,"א' - 2.00
 ב' - 2.00",ה',1000 - 1200,מ.ישראל-604,13
מחלקה המחלקה למדעי חברה ובריאות,741250-01,"א' - 2.00
 ב' - 2.00",ה',1400 - 1600,מ.ישראל-604,13
מחלקה המחלקה למדעי חברה ובריאות,741260-01,א' - 2.00,ה',0800 - 1000,מ.ישראל-605,13
מחלקה המחלקה למדעי חברה ובריאות,74200-01,א' - 2.00,ג',1000 - 1200,חדר מחלקה,מחלקה
מחלקה המחלקה למדעי חברה ובריאות,74200-02,א' - 1.00,ג',1200 - 1300,חדר מחלקה,מחלקה
מחלקה המחלקה למדעי חברה ובריאות,742001-01,א' - 2.00,ג',1000 - 1200,מ.ישראל-504,5
מחלקה המחלקה למדעי חברה ובריאות,742001-02,א' - 1.00,ג',1200 - 1300,מ.ישראל-504,3
מחלקה המחלקה למדעי חברה ובריאות,742004-01,א' - 2.00,ה',1200 - 1400,מ.ישראל-604,13
מחלקה המחלקה למדעי חברה ובריאות,742005-01,ב' - 2.00,ה',1200 - 1400,מ.ישראל-505,105
מחלקה המחלקה למדעי חברה ובריאות,742011-01,ב' - 2.00,ג',1000 - 1200,מ.ישראל-505,202
מחלקה המחלקה למדעי חברה ובריאות,742011-02,ב' - 1.00,ג',1200 - 1300,מ.ישראל-505,202
מחלקה המחלקה למדעי חברה ובריאות,74204-01,א' - 2.00,ה',1200 - 1400,חדר מחלקה,מחלקה
מחלקה המחלקה למדעי חברה ובריאות,742040-10,א' - 2.00,ו',1000 - 1200,נלמד בזום,999
מחלקה המחלקה למדעי חברה ובריאות,74205-01,ב' - 2.00,ה',1200 - 1400,מ.ישראל-604,103
מחלקה המחלקה למדעי חברה ובריאות,742070-01,ב' - 2.00,ג',1300 - 1500,מ.ישראל-505,202
מחלקה המחלקה למדעי חברה ובריאות,74207-10,ב' - 2.00,ו',0800 - 1000,נלמד בזום,999
מחלקה המחלקה למדעי חברה ובריאות,742120-01,"א' - 2.00
 ב' - 2.00",ה',1000 - 1200,מ.ישראל-605,13
מחלקה המחלקה למדעי חברה ובריאות,74212-10,"א' - 2.00
 ב' - 2.00",ג',"0800 - 1000
0800 - 1000",מ.ישראל-507,3
מחלקה המחלקה למדעי חברה ובריאות,74213-01,"א' - 2.00
 ב' - 2.00",ה',1400 - 1600,מ.ישראל-604,14
מחלקה המחלקה למדעי חברה ובריאות,742140-01,א' - 2.00,ה',1600 - 1800,חדר מחלקה,מחלקה
מחלקה המחלקה למדעי חברה ובריאות,742141-01,ב' - 2.00,ה',1600 - 1800,מ.ישראל-505,3
מחלקה המחלקה למדעי חברה ובריאות,742144-01,א' - 2.00,ה',1600 - 1800,מ.ישראל-604,13
מחלקה המחלקה למדעי חברה ובריאות,742145-01,ב' - 2.00,ה',1600 - 1800,מ.ישראל-604,13
מחלקה המחלקה למדעי חברה ובריאות,742150-01,"א' - 2.00
 ב' - 2.00",ה',0800 - 1000,מ.ישראל-604,13
מחלקה המחלקה למדעי חברה ובריאות,74215-10,"א' - 2.00
 ב' - 2.00",ג',1300 - 1500,יהדות-403,101
מחלקה המחלקה למדעי חברה ובריאות,742170-01,א' - 2.00,ג',1300 - 1500,חדר מחלקה,מחלקה
מחלקה המחלקה למדעי חברה ובריאות,742171-01,ב' - 2.00,ג',1300 - 1500,מ.ישראל-505,1
מחלקה המחלקה למדעי חברה ובריאות,742177-01,א' - 2.00,ג',1300 - 1500,מ.ישראל-504,5
מחלקה המחלקה למדעי חברה ובריאות,742178-01,ב' - 2.00,ג',1300 - 1500,מ.ישראל-604,11
מחלקה המחלקה למדעי חברה ובריאות,742200-01,"א' - 2.00
 ב' - 2.00","ג',ה'","1300 - 1500
1600 - 1800","מ.ישראל-505
מ.ישראל-605","101
64"
מחלקה המחלקה למדעי חברה ובריאות,743120-10,א' - 2.00,ג',1000 - 1200,מ.ישראל-507,3
מחלקה המחלקה למדעי חברה ובריאות,743120-11,א' - 1.00,ג',1200 - 1300,מ.ישראל-507,3
מחלקה המחלקה למדעי חברה ובריאות,744310-01,"א' - 2.00
 ב' - 2.00",ה',1200 - 1400,מ.ישראל-605,13
מחלקה המחלקה למדעי חברה ובריאות,744311-01,"א' - 2.00
 ב' - 2.00",ה',1600 - 1800,מ.ישראל-604,205
מחלקה המחלקה למדעי חברה ובריאות,744312-01,"א' - 2.00
 ב' - 2.00",ו',1000 - 1200,נלמד בזום,999
מחלקה המחלקה למדעי חברה ובריאות,74432-01,"א' - 2.00
 ב' - 2.00",ג',1100 - 1300,טרם שובץ,טרם שובץ
מחלקה המחלקה למדעי חברה ובריאות,745009-01,א' - 2.00,ו',1200 - 1400,נלמד בזום,999
מחלקה המחלקה למדעי חברה ובריאות,745010-01,ב' - 2.00,ו',1200 - 1400,נלמד בזום,999
מחלקה המחלקה למדעי חברה ובריאות,745015-01,א' - 2.00,ג',0800 - 1000,מ.ישראל-507,209
מחלקה המחלקה למדעי חברה ובריאות,745016-01,ב' - 2.00,ה',0800 - 1000,מ.ישראל-505,104
מחלקה המחלקה למדעי חברה ובריאות,745019-01,א' - 2.00,ג',1700 - 1900,מ.ישראל-507,201
מחלקה המחלקה למדעי חברה ובריאות,745020-10,א' - 4.00,ג',1600 - 2000,מ.ישראל-507,3
מחלקה המחלקה למדעי חברה ובריאות,745021-10,א' - 2.00,ו',1200 - 1400,נלמד בזום,999
מחלקה המחלקה למדעי חברה ובריאות,745026-10,ב' - 2.00,ג',1000 - 1200,מ.ישראל-507,3
מחלקה המחלקה למדעי חברה ובריאות,745026-11,ב' - 1.00,ג',1200 - 1300,מ.ישראל-507,3
מחלקה המחלקה למדעי חברה ובריאות,745030-10,"א' - 2.00
 ב' - 2.00",ו',"0800 - 1000
1000 - 1200",נלמד בזום,999
מחלקה המחלקה למדעי חברה ובריאות,745031-10,ב' - 4.00,ג',1700 - 2100,מ.ישראל-605,61
מחלקה המחלקה למדעי חברה ובריאות,745033-10,א' - 3.00,ו',1100 - 1400,נלמד בזום,999
מחלקה המחלקה למדעי חברה ובריאות,745043-10,א' - 2.00,ג',1900 - 2100,מ.ישראל-507,5
מחלקה המחלקה למדעי חברה ובריאות,745045-10,א' - 2.00,ג',1700 - 1900,מ.ישראל-507,5
מחלקה המחלקה למדעי חברה ובריאות,745046-10,א' - 2.00,ו',0800 - 1000,נלמד בזום,999
מחלקה המחלקה למדעי חברה ובריאות,745102-10,ב' - 2.00,ו',1000 - 1200,נלמד בזום,999
מחלקה המחלקה למדעי חברה ובריאות,745200-10,א' - 2.00,ג',1000 - 1200,מ.ישראל-507,5
מחלקה המחלקה למדעי חברה ובריאות,745200-11,א' - 1.00,ג',1200 - 1300,מ.ישראל-507,5
מחלקה המחלקה למדעי חברה ובריאות,745201-10,ב' - 2.00,ג',1000 - 1200,מ.ישראל-605,201
מחלקה המחלקה למדעי חברה ובריאות,745201-11,ב' - 1.00,ג',1200 - 1300,מ.ישראל-605,201
מחלקה המחלקה למדעי חברה ובריאות,745202-10,א' - 2.00,ג',1500 - 1700,מ.ישראל-507,5
מחלקה המחלקה למדעי חברה ובריאות,745203-10,א' - 2.00,ג',0800 - 1000,מ.ישראל-507,5
מחלקה המחלקה למדעי חברה ובריאות,745204-10,"א' - 2.00
 ב' - 2.00",ג',"1300 - 1500
1300 - 1500",מ.ישראל-507,"5
201"
מחלקה המחלקה למדעי חברה ובריאות,745205-10,ב' - 3.00,ג',1700 - 2000,מ.ישראל-507,201
מחלקה המחלקה למדעי חברה ובריאות,745206-10,א' - 3.00,ו',0800 - 1100,נלמד בזום,999
מחלקה המחלקה למדעי חברה ובריאות,745209-10,ב' - 3.00,ו',1000 - 1300,נלמד בזום,999
מחלקה המחלקה למדעי חברה ובריאות,745300-10,"א' - 2.00
 ב' - 2.00",ג',1500 - 1700,יהדות-403,101
מחלקה המחלקה למדעי חברה ובריאות,745401-10,"א' - 2.00
 ב' - 2.00",ו',"0800 - 1000
1000 - 1200",נלמד בזום,999
מחלקה המחלקה למדעי חברה ובריאות,745402-10,"א' - 2.00
 ב' - 2.00",ג',"1100 - 1300
1100 - 1300",מ.ישראל-505,4
מחלקה המחלקה למדעי חברה ובריאות,745403-10,"א' - 2.00
 ב' - 2.00",ג',"1100 - 1300
1100 - 1300","יהדות-403
מ.ישראל-505","101
105"
מחלקה המחלקה למדעי חברה ובריאות,745500-10,ב' - 2.00,ו',1200 - 1400,נלמד בזום,999
מחלקה המחלקה למדעי חברה ובריאות,745501-10,ב' - 2.00,ו',0800 - 1000,נלמד בזום,999
מחלקה המחלקה למדעי חברה ובריאות,745502-10,א' - 2.00,ו',1000 - 1200,נלמד בזום,999
מחלקה המחלקה למדעי חברה ובריאות,745503-10,א' - 2.00,ג',1700 - 2100,מ.ישראל-604,205
מחלקה המחלקה למדעי חברה ובריאות,745504-10,ב' - 2.00,ג',1500 - 1700,מ.ישראל-507,201
מחלקה המחלקה למדעי חברה ובריאות,746002-01,ב' - 2.00,ו',1000 - 1200,נלמד בזום,999
מחלקה המחלקה למדעי חברה ובריאות,746004-01,ב' - 2.00,ו',0800 - 1000,נלמד בזום,999
מחלקה המחלקה למדעי חברה ובריאות,746006-01,א' - 4.00,ד',1400 - 1800,מ.ישראל-604,102
מחלקה המחלקה למדעי חברה ובריאות,746007-01,א' - 3.00,ו',1000 - 1300,נלמד בזום,999
מחלקה המחלקה למדעי חברה ובריאות,746100-01,א' - 3.00,ד',1800 - 2100,מ.ישראל-604,63
מחלקה המחלקה למדעי חברה ובריאות,746101-01,ב' - 3.00,ד',1800 - 2100,מ.ישראל-505,104
מחלקה המחלקה למדעי חברה ובריאות,746103-01,א' - 2.00,ו',0800 - 1000,נלמד בזום,999
מחלקה המחלקה למדעי חברה ובריאות,746107-01,א' - 3.00,ד',1800 - 2100,מ.ישראל-604,102
מחלקה המחלקה למדעי חברה ובריאות,746108-01,ב' - 3.00,ד',1800 - 2100,מ.ישראל-507,202
מחלקה המחלקה למדעי חברה ובריאות,746302-01,ב' - 2.00,ו',1200 - 1400,נלמד בזום,999
מחלקה המחלקה למדעי חברה ובריאות,746303-01,ב' - 2.00,ד',1400 - 1600,מ.ישראל-507,202
מחלקה המחלקה למדעי חברה ובריאות,746305-01,א' - 2.00,ו',0800 - 1000,נלמד בזום,999
מחלקה המחלקה למדעי חברה ובריאות,746306-01,ב' - 2.00,ד',1600 - 1800,מ.ישראל-507,202
מחלקה המחלקה למדעי חברה ובריאות,746580-01,"א' - 1.00
 ב' - 1.00",ג',1400 - 1500,נלמד בזום,999
מחלקה המחלקה למדעי חברה ובריאות,74658-01,"א' - 1.00
 ב' - 1.00",ג',1400 - 1500,נלמד בזום,999
"מחלקה המחלקה לסביבה, תכנון וקיימות",75012-01,א' - 2.00,ד',1000 - 1200,מ.ישראל-604,103
"מחלקה המחלקה לסביבה, תכנון וקיימות",75017-01,א' - 2.00,א',0800 - 1000,יהדות-404,115
"מחלקה המחלקה לסביבה, תכנון וקיימות",75018-01,א' - 2.00,א',1000 - 1200,יהדות-404,115
"מחלקה המחלקה לסביבה, תכנון וקיימות",75020-01,א' - 2.00,א',1200 - 1400,מעבדה,999
"מחלקה המחלקה לסביבה, תכנון וקיימות",75024-01,ב' - 2.00,ג',1400 - 1600,יהדות-403,217
"מחלקה המחלקה לסביבה, תכנון וקיימות",75026-01,ב' - 2.00,ד',1200 - 1400,סטודנטים-105,4
"מחלקה המחלקה לסביבה, תכנון וקיימות",75027-01,א' - 3.00,ב',1200 - 1500,מ.ישראל-505,201
"מחלקה המחלקה לסביבה, תכנון וקיימות",75027-02,א' - 1.00,ב',1500 - 1600,מעבדה,999
"מחלקה המחלקה לסביבה, תכנון וקיימות",75036-01,ב' - 2.00,א',1000 - 1200,סטודנטים-105,1
"מחלקה המחלקה לסביבה, תכנון וקיימות",75037-01,א' - 2.00,ג',1400 - 1600,סטודנטים-105,104
"מחלקה המחלקה לסביבה, תכנון וקיימות",75040-01,א' - 2.00,ד',1800 - 2000,טבע-213,304
"מחלקה המחלקה לסביבה, תכנון וקיימות",75042-01,א' - 2.00,ג',1200 - 1400,סטודנטים-102,4
"מחלקה המחלקה לסביבה, תכנון וקיימות",75047-01,ב' - 2.00,א',1200 - 1400,סטודנטים-105,1
"מחלקה המחלקה לסביבה, תכנון וקיימות",75066-01,ב' - 2.00,א',1600 - 1800,טבע-213,304
"מחלקה המחלקה לסביבה, תכנון וקיימות",75073-01,ב' - 4.00,ג',1600 - 2000,חדר מחלקה,מחלקה
"מחלקה המחלקה לסביבה, תכנון וקיימות",75077-01,א' - 2.00,א',1600 - 1800,טבע-213,304
"מחלקה המחלקה לסביבה, תכנון וקיימות",75079-01,א' - 2.00,א',1800 - 2000,טבע-213,304
"מחלקה המחלקה לסביבה, תכנון וקיימות",75080-01,"א' - 1.00
 ב' - 1.00",סוג מפגש קולוקו חובה,"1400 - 1600
1400 - 1600",טבע-213,320
"מחלקה המחלקה לסביבה, תכנון וקיימות",75081-01,"א' - 1.00
 ב' - 1.00",סוג מפגש קולוקו חובה,"1400 - 1600
1400 - 1600",טבע-213,320
"מחלקה המחלקה לסביבה, תכנון וקיימות",75082-01,"א' - 1.00
 ב' - 1.00",סוג מפגש קולוקו חובה,"1400 - 1600
1400 - 1600",טבע-213,320
"מחלקה המחלקה לסביבה, תכנון וקיימות",75084-01,ב' - 2.00,ג',1400 - 1600,טבע-213,304
"מחלקה המחלקה לסביבה, תכנון וקיימות",75085-01,א' - 4.00,א',1600 - 2000,יהדות-404,114
"מחלקה המחלקה לסביבה, תכנון וקיימות",75089-01,א' - 2.00,ג',0800 - 1000,טבע-213,304
"מחלקה המחלקה לסביבה, תכנון וקיימות",75090-01,"א' - 2.00
 ב' - 2.00",ד',1600 - 1800,טבע-213,304
"מחלקה המחלקה לסביבה, תכנון וקיימות",75091-01,א' - 2.00,ב',1000 - 1200,סטודנטים-105,104
"מחלקה המחלקה לסביבה, תכנון וקיימות",75092-01,ב' - 3.00,ב',1000 - 1300,מ.ישראל-505,201
"מחלקה המחלקה לסביבה, תכנון וקיימות",75094-01,ב' - 2.00,ג',1600 - 1800,טבע-213,304
"מחלקה המחלקה לסביבה, תכנון וקיימות",75095-01,ב' - 3.00,ב',1400 - 1700,מ.ישראל-505,201
"מחלקה המחלקה לסביבה, תכנון וקיימות",75098-01,ב' - 2.00,ג',1000 - 1200,מ.ישראל-505,101
"מחלקה המחלקה לסביבה, תכנון וקיימות",75099-01,א' - 4.00,ג',1600 - 2000,חדר מחלקה,מחלקה
"מחלקה המחלקה לסביבה, תכנון וקיימות",75099-02,א' - 2.00,ג',1600 - 1800,טבע-213,304
"מחלקה המחלקה לסביבה, תכנון וקיימות",75100-01,א' - 2.00,ב',1400 - 1600,טבע-213,304
"מחלקה המחלקה לסביבה, תכנון וקיימות",75100-02,א' - 1.00,ב',1300 - 1400,טבע-213,304
"מחלקה המחלקה לסביבה, תכנון וקיימות",75108-01,א' - 2.00,ד',1000 - 1200,מ.ישראל-604,103
"מחלקה המחלקה לסביבה, תכנון וקיימות",75108-02,א' - 1.00,ד',1200 - 1300,מ.ישראל-604,103
"מחלקה המחלקה לסביבה, תכנון וקיימות",75109-01,ב' - 2.00,ד',1500 - 1700,סטודנטים-105,4
"מחלקה המחלקה לסביבה, תכנון וקיימות",75109-02,ב' - 1.00,ד',1400 - 1500,סטודנטים-105,4
"מחלקה המחלקה לסביבה, תכנון וקיימות",75113-01,ב' - 2.00,ב',1400 - 1600,מ.ישראל-502,8
"מחלקה המחלקה לסביבה, תכנון וקיימות",75113-02,ב' - 1.00,ב',1600 - 1700,מ.ישראל-502,8
"מחלקה המחלקה לסביבה, תכנון וקיימות",75114-01,א' - 2.00,א',1000 - 1200,טבע-213,304
"מחלקה המחלקה לסביבה, תכנון וקיימות",75114-02,א' - 1.00,א',1200 - 1300,טבע-213,304
"מחלקה המחלקה לסביבה, תכנון וקיימות",75122-01,ב' - 3.00,ג',1100 - 1400,יהדות-403,217
"מחלקה המחלקה לסביבה, תכנון וקיימות",75123-01,א' - 3.00,ד',1000 - 1300,מ.ישראל-505,201
"מחלקה המחלקה לסביבה, תכנון וקיימות",75123-02,א' - 1.00,ד',1300 - 1400,מעבדה,999
"מחלקה המחלקה לסביבה, תכנון וקיימות",75133-01,א' - 2.00,ב',1600 - 1800,טבע-213,304
"מחלקה המחלקה לסביבה, תכנון וקיימות",75137-01,ב' - 4.00,ב',1000 - 1400,טבע-213,304
"מחלקה המחלקה לסביבה, תכנון וקיימות",75142-01,ב' - 2.00,ד',0800 - 1000,סטודנטים-105,1
"מחלקה המחלקה לסביבה, תכנון וקיימות",75204-01,א' - 2.00,ג',1000 - 1200,מ.ישראל-604,205
"מחלקה המחלקה לסביבה, תכנון וקיימות",75221-01,ב' - 2.00,ד',1000 - 1200,מ.ישראל-604,105
"מחלקה המחלקה לסביבה, תכנון וקיימות",75336-01,א' - 4.00,ב',1800 - 2200,מ.ישראל-505,201
"מחלקה המחלקה לסביבה, תכנון וקיימות",75373-01,א' - 3.00,ג',1200 - 1500,מ.ישראל-505,201
"מחלקה המחלקה לסביבה, תכנון וקיימות",75373-02,א' - 1.00,ג',1500 - 1600,מעבדה,999
"מחלקה המחלקה לסביבה, תכנון וקיימות",75490-01,ב' - 2.00,א',2000 - 2200,טבע-213,304
"מחלקה המחלקה לסביבה, תכנון וקיימות",75491-01,ב' - 2.00,א',1200 - 1400,טבע-213,304
"מחלקה המחלקה לסביבה, תכנון וקיימות",75492-01,א' - 2.00,א',2000 - 2200,טבע-213,304
"מחלקה המחלקה לסביבה, תכנון וקיימות",75493-01,א' - 2.00,א',1200 - 1400,טבע-213,320
"מחלקה המחלקה לסביבה, תכנון וקיימות",75494-01,א' - 2.00,ג',1400 - 1600,טבע-213,304
"מחלקה המחלקה לסביבה, תכנון וקיימות",75495-01,ב' - 2.00,ד',1200 - 1400,טבע-213,304
"מחלקה המחלקה לסביבה, תכנון וקיימות",75515-01,ב' - 2.00,ג',1200 - 1400,טבע-213,304
"מחלקה המחלקה לסביבה, תכנון וקיימות",75871-01,א' - 2.00,ד',1400 - 1600,טבע-213,304
"מחלקה המחלקה לסביבה, תכנון וקיימות",75924-01,א' - 2.00,ב',1200 - 1400,סטודנטים-105,1
"מחלקה המחלקה לסביבה, תכנון וקיימות",75944-01,"א' - 1.00
 ב' - 1.00","פרטי קורס  קולוקו לתוכנית תואר שני מדעי כדור הארץ
קוד קורס 75944-01
שם קורס באנגלית Colloquium for MA in Earth Science
מחלקה המחלקה לסביבה, תכנון וקיימות
פקולטה מדעי החברה
סוג מפגש קולוקו רשות
מרצה ד""ר רונן אלקלעי
שעות סמסטר א' - 1.00
סמסטר ב' - 1.00
נ""ז 0.00
הערה
חובת שמיעה. חובה לתכנית מדעי כדור הארץ והסביבה
 ד'
שעה 1600 - 1800
1600 - 1800
בניין
חדר מחלקה
חדר
999
אפיונים מודל - אתר מלווה קורס
תאריכי בחינות","1600 - 1800
1600 - 1800",חדר מחלקה,מחלקה
"מחלקה המחלקה לסביבה, תכנון וקיימות",75951-01,ב' - 2.00,ד',1800 - 2000,סטודנטים-105,4
"מחלקה המחלקה לסביבה, תכנון וקיימות",75951-02,ב' - 1.00,ד',1700 - 1800,סטודנטים-105,4
"מחלקה המחלקה לסביבה, תכנון וקיימות",75979-01,א' - 2.00,ד',0800 - 1000,טבע-213,304
"מחלקה המחלקה לסביבה, תכנון וקיימות",75987-01,ב' - 4.00,א',1600 - 2000,יהדות-403,66
"מחלקה בית הספר לעבודה סוציאלית ע""ש לואיס וגבי וייספלד",76102-01,ב' - 2.00,ב',1000 - 1200,טבע-203,221
"מחלקה בית הספר לעבודה סוציאלית ע""ש לואיס וגבי וייספלד",76103-01,א' - 2.00,ד',1200 - 1400,טבע-207,1
"מחלקה בית הספר לעבודה סוציאלית ע""ש לואיס וגבי וייספלד",76106-01,"א' - 2.00
 ב' - 2.00",ב',1400 - 1600,סטודנטים-105,103
"מחלקה בית הספר לעבודה סוציאלית ע""ש לואיס וגבי וייספלד",76106-02,"א' - 2.00
 ב' - 2.00",ב',1400 - 1600,סטודנטים-105,5
"מחלקה בית הספר לעבודה סוציאלית ע""ש לואיס וגבי וייספלד",76106-03,"א' - 2.00
 ב' - 2.00",ב',1400 - 1600,סטודנטים-102,4
"מחלקה בית הספר לעבודה סוציאלית ע""ש לואיס וגבי וייספלד",76106-04,"א' - 2.00
 ב' - 2.00",ב',1400 - 1600,סטודנטים-105,6
"מחלקה בית הספר לעבודה סוציאלית ע""ש לואיס וגבי וייספלד",76106-05,"א' - 2.00
 ב' - 2.00",ב',"1400 - 1600
1400 - 1600","מ.ישראל-504
מ.ישראל-605","1
13"
"מחלקה בית הספר לעבודה סוציאלית ע""ש לואיס וגבי וייספלד",76107-01,ב' - 2.00,ב',0800 - 1000,סטודנטים-105,106
"מחלקה בית הספר לעבודה סוציאלית ע""ש לואיס וגבי וייספלד",76107-02,ב' - 2.00,ד',1600 - 1800,חדר מחלקה,מחלקה
"מחלקה בית הספר לעבודה סוציאלית ע""ש לואיס וגבי וייספלד",76119-01,א' - 2.00,ב',1000 - 1200,טבע-203,221
"מחלקה בית הספר לעבודה סוציאלית ע""ש לואיס וגבי וייספלד",76122-01,ב' - 2.00,ד',1200 - 1400,טבע-207,1
"מחלקה בית הספר לעבודה סוציאלית ע""ש לואיס וגבי וייספלד",76129-01,א' - 2.00,ד',1000 - 1200,טבע-207,1
"מחלקה בית הספר לעבודה סוציאלית ע""ש לואיס וגבי וייספלד",76130-01,ב' - 2.00,ד',1000 - 1200,טבע-207,1
"מחלקה בית הספר לעבודה סוציאלית ע""ש לואיס וגבי וייספלד",76133-01,א' - 2.00,ד',1400 - 1600,מ.ישראל-605,201
"מחלקה בית הספר לעבודה סוציאלית ע""ש לואיס וגבי וייספלד",76134-01,ב' - 2.00,ד',1400 - 1600,מ.ישראל-605,201
"מחלקה בית הספר לעבודה סוציאלית ע""ש לואיס וגבי וייספלד",76153-01,ב' - 2.00,ב',1200 - 1400,טבע-207,1
"מחלקה בית הספר לעבודה סוציאלית ע""ש לואיס וגבי וייספלד",76160-01,"א' - 6.00
 ב' - 6.00",ג',"0800 - 1400
0800 - 1400","מ.ישראל-507
חדר מחלקה",מחלקה
"מחלקה בית הספר לעבודה סוציאלית ע""ש לואיס וגבי וייספלד",76162-01,א' - 2.00,ב',1200 - 1400,מ.ישראל-505,202
"מחלקה בית הספר לעבודה סוציאלית ע""ש לואיס וגבי וייספלד",76162-02,א' - 2.00,ב',1200 - 1400,מ.ישראל-605,201
"מחלקה בית הספר לעבודה סוציאלית ע""ש לואיס וגבי וייספלד",76209-01,א' - 2.00,ד',1000 - 1200,חדר מחלקה,מחלקה
"מחלקה בית הספר לעבודה סוציאלית ע""ש לואיס וגבי וייספלד",76209-02,א' - 2.00,ד',1000 - 1200,סטודנטים-105,5
"מחלקה בית הספר לעבודה סוציאלית ע""ש לואיס וגבי וייספלד",76209-03,א' - 2.00,ד',1000 - 1200,סטודנטים-102,4
"מחלקה בית הספר לעבודה סוציאלית ע""ש לואיס וגבי וייספלד",76209-04,א' - 2.00,ד',1000 - 1200,יהדות-404,102
"מחלקה בית הספר לעבודה סוציאלית ע""ש לואיס וגבי וייספלד",76209-05,א' - 2.00,ד',1000 - 1200,סטודנטים-105,106
"מחלקה בית הספר לעבודה סוציאלית ע""ש לואיס וגבי וייספלד",76212-01,"א' - 2.00
 ב' - 2.00",ב',"1200 - 1400
1200 - 1400",סטודנטים-105,"4
103"
"מחלקה בית הספר לעבודה סוציאלית ע""ש לואיס וגבי וייספלד",76212-02,"א' - 2.00
 ב' - 2.00",ב',1200 - 1400,סטודנטים-105,104
"מחלקה בית הספר לעבודה סוציאלית ע""ש לואיס וגבי וייספלד",76212-03,"א' - 2.00
 ב' - 2.00",ב',1200 - 1400,סטודנטים-105,105
"מחלקה בית הספר לעבודה סוציאלית ע""ש לואיס וגבי וייספלד",76212-04,"א' - 2.00
 ב' - 2.00",ב',1200 - 1400,סטודנטים-105,3
"מחלקה בית הספר לעבודה סוציאלית ע""ש לואיס וגבי וייספלד",76218-01,א' - 2.00,ב',1000 - 1200,סטודנטים-105,106
"מחלקה בית הספר לעבודה סוציאלית ע""ש לואיס וגבי וייספלד",76222-01,ב' - 2.00,ד',1000 - 1200,סטודנטים-102,2
"מחלקה בית הספר לעבודה סוציאלית ע""ש לואיס וגבי וייספלד",76225-01,"א' - 1.00
 ב' - 1.00",ב',1400 - 1600,סטודנטים-105,4
"מחלקה בית הספר לעבודה סוציאלית ע""ש לואיס וגבי וייספלד",76225-02,"א' - 1.00
 ב' - 1.00",ב',1400 - 1600,סטודנטים-105,104
"מחלקה בית הספר לעבודה סוציאלית ע""ש לואיס וגבי וייספלד",76225-03,"א' - 1.00
 ב' - 1.00",ב',1400 - 1600,סטודנטים-105,105
"מחלקה בית הספר לעבודה סוציאלית ע""ש לואיס וגבי וייספלד",76225-04,"א' - 1.00
 ב' - 1.00",ב',1400 - 1600,סטודנטים-105,3
"מחלקה בית הספר לעבודה סוציאלית ע""ש לואיס וגבי וייספלד",76226-01,"א' - 1.00
 ב' - 1.00",ב',1400 - 1600,משפטים-305,132
"מחלקה בית הספר לעבודה סוציאלית ע""ש לואיס וגבי וייספלד",76227-01,"א' - 2.00
 ב' - 2.00",ב',1200 - 1400,משפטים-305,132
"מחלקה בית הספר לעבודה סוציאלית ע""ש לואיס וגבי וייספלד",76231-01,ב' - 2.00,ב',0800 - 1000,טבע-207,1
"מחלקה בית הספר לעבודה סוציאלית ע""ש לואיס וגבי וייספלד",76237-01,א' - 2.00,ב',0800 - 1000,סטודנטים-105,106
"מחלקה בית הספר לעבודה סוציאלית ע""ש לואיס וגבי וייספלד",76255-01,"א' - 1.00
 ב' - 1.00",ב',1400 - 1600,חדר מחלקה,מחלקה
"מחלקה בית הספר לעבודה סוציאלית ע""ש לואיס וגבי וייספלד",76255-02,"א' - 1.00
 ב' - 1.00",ב',1400 - 1600,חדר מחלקה,מחלקה
"מחלקה בית הספר לעבודה סוציאלית ע""ש לואיס וגבי וייספלד",76262-01,"א' - 2.00
 ב' - 2.00",ד',0800 - 1000,טבע-207,1
"מחלקה בית הספר לעבודה סוציאלית ע""ש לואיס וגבי וייספלד",76266-01,ב' - 2.00,ב',1000 - 1200,סטודנטים-105,61
"מחלקה בית הספר לעבודה סוציאלית ע""ש לואיס וגבי וייספלד",76267-01,"א' - 1.00
 ב' - 1.00",ב',1400 - 1600,חדר מחלקה,מחלקה
"מחלקה בית הספר לעבודה סוציאלית ע""ש לואיס וגבי וייספלד",76276-01,א' - 2.00,ד',1400 - 1600,טבע-207,1
"מחלקה בית הספר לעבודה סוציאלית ע""ש לואיס וגבי וייספלד",76278-01,א' - 2.00,ד',1200 - 1400,טבע-203,221
"מחלקה בית הספר לעבודה סוציאלית ע""ש לואיס וגבי וייספלד",76279-01,ב' - 2.00,ד',1200 - 1400,משפטים-305,4
"מחלקה בית הספר לעבודה סוציאלית ע""ש לואיס וגבי וייספלד",76305-01,ב' - 2.00,ד',1400 - 1600,טבע-207,1
"מחלקה בית הספר לעבודה סוציאלית ע""ש לואיס וגבי וייספלד",76306-01,ב' - 2.00,ד',1600 - 1800,טבע-207,1
"מחלקה בית הספר לעבודה סוציאלית ע""ש לואיס וגבי וייספלד",76309-01,א' - 2.00,ד',1600 - 1800,משפטים-306,111
"מחלקה בית הספר לעבודה סוציאלית ע""ש לואיס וגבי וייספלד",76311-01,"א' - 2.00
 ב' - 2.00",ד',0800 - 1000,טבע-203,226
"מחלקה בית הספר לעבודה סוציאלית ע""ש לואיס וגבי וייספלד",76315-01,"א' - 2.00
 ב' - 2.00",ד',1200 - 1400,סטודנטים-105,104
"מחלקה בית הספר לעבודה סוציאלית ע""ש לואיס וגבי וייספלד",76315-02,"א' - 2.00
 ב' - 2.00",ד',1200 - 1400,סטודנטים-105,105
"מחלקה בית הספר לעבודה סוציאלית ע""ש לואיס וגבי וייספלד",76315-03,"א' - 2.00
 ב' - 2.00",ד',0800 - 1000,סטודנטים-105,5
"מחלקה בית הספר לעבודה סוציאלית ע""ש לואיס וגבי וייספלד",76316-01,"א' - 2.00
 ב' - 2.00",ד',0800 - 1000,סטודנטים-105,106
"מחלקה בית הספר לעבודה סוציאלית ע""ש לואיס וגבי וייספלד",76316-02,"א' - 2.00
 ב' - 2.00",ד',0800 - 1000,יהדות-404,102
"מחלקה בית הספר לעבודה סוציאלית ע""ש לואיס וגבי וייספלד",76316-03,"א' - 2.00
 ב' - 2.00",ד',1200 - 1400,סטודנטים-105,3
"מחלקה בית הספר לעבודה סוציאלית ע""ש לואיס וגבי וייספלד",76341-02,"א' - 2.00
 ב' - 2.00",ד',1000 - 1200,סטודנטים-105,2
"מחלקה בית הספר לעבודה סוציאלית ע""ש לואיס וגבי וייספלד",76341-03,"א' - 2.00
 ב' - 2.00",ד',1000 - 1200,סטודנטים-105,102
"מחלקה בית הספר לעבודה סוציאלית ע""ש לואיס וגבי וייספלד",76341-04,"א' - 2.00
 ב' - 2.00",ד',1000 - 1200,טבע-203,226
"מחלקה בית הספר לעבודה סוציאלית ע""ש לואיס וגבי וייספלד",76403-01,ב' - 2.00,ד',1200 - 1400,נלמד בזום,999
"מחלקה בית הספר לעבודה סוציאלית ע""ש לואיס וגבי וייספלד",76405-01,א' - 2.00,ב',1400 - 1600,מ.ישראל-604,102
"מחלקה בית הספר לעבודה סוציאלית ע""ש לואיס וגבי וייספלד",76407-01,א' - 2.00,ב',1600 - 1800,מ.ישראל-605,12
"מחלקה בית הספר לעבודה סוציאלית ע""ש לואיס וגבי וייספלד",76408-01,א' - 2.00,ד',0800 - 1000,נלמד בזום,999
"מחלקה בית הספר לעבודה סוציאלית ע""ש לואיס וגבי וייספלד",76409-01,ב' - 2.00,ד',0800 - 1000,נלמד בזום,999
"מחלקה בית הספר לעבודה סוציאלית ע""ש לואיס וגבי וייספלד",76411-01,ב' - 2.00,ב',1400 - 1600,מ.ישראל-605,105
"מחלקה בית הספר לעבודה סוציאלית ע""ש לואיס וגבי וייספלד",76411-02,ב' - 2.00,ב',1400 - 1600,מ.ישראל-502,9
"מחלקה בית הספר לעבודה סוציאלית ע""ש לואיס וגבי וייספלד",76411-03,ב' - 2.00,ב',1400 - 1600,מ.ישראל-504,7
"מחלקה בית הספר לעבודה סוציאלית ע""ש לואיס וגבי וייספלד",76411-04,ב' - 2.00,ב',1400 - 1600,משפטים-305,134
"מחלקה בית הספר לעבודה סוציאלית ע""ש לואיס וגבי וייספלד",76413-01,"א' - 4.00
 ב' - 4.00",ב',"1000 - 1400
1000 - 1400","מ.ישראל-505
מ.ישראל-504","5
7"
"מחלקה בית הספר לעבודה סוציאלית ע""ש לואיס וגבי וייספלד",76413-02,"א' - 4.00
 ב' - 4.00",ב',1000 - 1400,מ.ישראל-605,61
"מחלקה בית הספר לעבודה סוציאלית ע""ש לואיס וגבי וייספלד",76413-03,"א' - 4.00
 ב' - 4.00",ב',"1000 - 1400
1000 - 1400","מ.ישראל-605
מ.ישראל-507","65
3"
"מחלקה בית הספר לעבודה סוציאלית ע""ש לואיס וגבי וייספלד",76414-01,"א' - 4.00
 ב' - 4.00",ב',"1000 - 1400
1000 - 1400","מ.ישראל-505
מ.ישראל-504","65
5"
"מחלקה בית הספר לעבודה סוציאלית ע""ש לואיס וגבי וייספלד",76415-01,"א' - 2.00
 ב' - 2.00",ב',"1600 - 1800
1600 - 1800","מ.ישראל-505
מ.ישראל-507","106
1"
"מחלקה בית הספר לעבודה סוציאלית ע""ש לואיס וגבי וייספלד",76418-01,ב' - 2.00,ב',1800 - 2000,מ.ישראל-504,6
"מחלקה בית הספר לעבודה סוציאלית ע""ש לואיס וגבי וייספלד",76419-01,ב' - 2.00,ב',1600 - 1800,מ.ישראל-505,63
"מחלקה בית הספר לעבודה סוציאלית ע""ש לואיס וגבי וייספלד",76420-01,א' - 2.00,ב',1800 - 2000,מ.ישראל-604,102
"מחלקה בית הספר לעבודה סוציאלית ע""ש לואיס וגבי וייספלד",76430-01,ב' - 2.00,ד',1000 - 1200,סטודנטים-105,5
"מחלקה בית הספר לעבודה סוציאלית ע""ש לואיס וגבי וייספלד",76431-01,ב' - 2.00,ב',1600 - 1800,מ.ישראל-508,7
"מחלקה בית הספר לעבודה סוציאלית ע""ש לואיס וגבי וייספלד",76475-01,א' - 2.00,ב',0800 - 1000,מ.ישראל-507,2
"מחלקה בית הספר לעבודה סוציאלית ע""ש לואיס וגבי וייספלד",76476-01,ב' - 2.00,ב',0800 - 1000,מ.ישראל-605,105
"מחלקה בית הספר לעבודה סוציאלית ע""ש לואיס וגבי וייספלד",76602-02,"א' - 2.00
 ב' - 2.00",ב',1000 - 1200,מ.ישראל-504,3
"מחלקה בית הספר לעבודה סוציאלית ע""ש לואיס וגבי וייספלד",76603-01,"א' - 2.00
 ב' - 2.00",ב',1200 - 1400,מ.ישראל-502,8
"מחלקה בית הספר לעבודה סוציאלית ע""ש לואיס וגבי וייספלד",76608-01,"א' - 2.00
 ב' - 2.00",ב',1000 - 1200,מ.ישראל-504,4
"מחלקה בית הספר לעבודה סוציאלית ע""ש לואיס וגבי וייספלד",76609-01,"א' - 2.00
 ב' - 2.00",ב',1200 - 1400,מ.ישראל-504,4
"מחלקה בית הספר לעבודה סוציאלית ע""ש לואיס וגבי וייספלד",76611-01,ב' - 2.00,ב',1400 - 1600,מ.ישראל-502,30
"מחלקה בית הספר לעבודה סוציאלית ע""ש לואיס וגבי וייספלד",76613-01,א' - 2.00,ב',1600 - 1800,מ.ישראל-504,1
"מחלקה בית הספר לעבודה סוציאלית ע""ש לואיס וגבי וייספלד",76627-01,ב' - 2.00,ב',1400 - 1600,מ.ישראל-507,204
"מחלקה בית הספר לעבודה סוציאלית ע""ש לואיס וגבי וייספלד",76628-01,ב' - 2.00,ב',1600 - 1800,מ.ישראל-604,14
"מחלקה בית הספר לעבודה סוציאלית ע""ש לואיס וגבי וייספלד",76632-01,ב' - 2.00,ב',0800 - 1000,מ.ישראל-504,7
"מחלקה בית הספר לעבודה סוציאלית ע""ש לואיס וגבי וייספלד",76637-01,א' - 2.00,ב',0800 - 1000,מ.ישראל-604,63
"מחלקה בית הספר לעבודה סוציאלית ע""ש לואיס וגבי וייספלד",76640-01,ב' - 2.00,ב',1600 - 1800,מ.ישראל-604,13
"מחלקה בית הספר לעבודה סוציאלית ע""ש לואיס וגבי וייספלד",76641-01,ב' - 2.00,ב',1400 - 1600,מ.ישראל-507,1
"מחלקה בית הספר לעבודה סוציאלית ע""ש לואיס וגבי וייספלד",76646-01,ב' - 2.00,ב',0800 - 1000,מ.ישראל-505,5
"מחלקה בית הספר לעבודה סוציאלית ע""ש לואיס וגבי וייספלד",76648-01,א' - 2.00,ב',0800 - 1000,מ.ישראל-507,1
"מחלקה בית הספר לעבודה סוציאלית ע""ש לואיס וגבי וייספלד",76656-01,א' - 2.00,ב',0800 - 1000,מ.ישראל-605,65
"מחלקה בית הספר לעבודה סוציאלית ע""ש לואיס וגבי וייספלד",76660-01,א' - 2.00,ב',1400 - 1600,מ.ישראל-505,1
"מחלקה בית הספר לעבודה סוציאלית ע""ש לואיס וגבי וייספלד",766601-01,"א' - 4.00
 ב' - 4.00",ב',"1000 - 1400
1000 - 1400","מ.ישראל-502
מ.ישראל-605","37
105"
"מחלקה בית הספר לעבודה סוציאלית ע""ש לואיס וגבי וייספלד",766601-02,"א' - 4.00
 ב' - 4.00",ב',"1000 - 1400
1000 - 1400","מ.ישראל-504
מ.ישראל-508",7
"מחלקה בית הספר לעבודה סוציאלית ע""ש לואיס וגבי וייספלד",766602-01,א' - 2.00,ב',1400 - 1600,מ.ישראל-504,3
"מחלקה בית הספר לעבודה סוציאלית ע""ש לואיס וגבי וייספלד",766605-01,"א' - 2.00
 ב' - 2.00",ב',1000 - 1200,מ.ישראל-505,104
"מחלקה בית הספר לעבודה סוציאלית ע""ש לואיס וגבי וייספלד",766606-01,"א' - 2.00
 ב' - 2.00",ב',1200 - 1400,מ.ישראל-505,104
"מחלקה בית הספר לעבודה סוציאלית ע""ש לואיס וגבי וייספלד",766610-01,א' - 2.00,ב',1400 - 1600,מ.ישראל-604,13
"מחלקה בית הספר לעבודה סוציאלית ע""ש לואיס וגבי וייספלד",766611-01,א' - 2.00,ב',1800 - 2000,מ.ישראל-507,203
"מחלקה בית הספר לעבודה סוציאלית ע""ש לואיס וגבי וייספלד",76665-01,א' - 2.00,ב',1800 - 2000,מ.ישראל-507,103
"מחלקה בית הספר לעבודה סוציאלית ע""ש לואיס וגבי וייספלד",76666-01,ב' - 2.00,ב',1600 - 1800,מ.ישראל-604,62
"מחלקה בית הספר לעבודה סוציאלית ע""ש לואיס וגבי וייספלד",766664-01,ב' - 2.00,ב',1800 - 2000,מ.ישראל-507,103
"מחלקה בית הספר לעבודה סוציאלית ע""ש לואיס וגבי וייספלד",76667-01,א' - 2.00,ב',1600 - 1800,מ.ישראל-507,203
"מחלקה בית הספר לעבודה סוציאלית ע""ש לואיס וגבי וייספלד",766691-01,א' - 2.00,ב',0800 - 1000,מ.ישראל-505,4
"מחלקה בית הספר לעבודה סוציאלית ע""ש לואיס וגבי וייספלד",766692-01,ב' - 2.00,ב',0800 - 1000,מ.ישראל-505,104
"מחלקה בית הספר לעבודה סוציאלית ע""ש לואיס וגבי וייספלד",766698-01,ב' - 2.00,ב',0800 - 1000,מ.ישראל-505,3
"מחלקה בית הספר לעבודה סוציאלית ע""ש לואיס וגבי וייספלד",76674-01,ב' - 2.00,ב',1800 - 2000,מ.ישראל-604,62
"מחלקה בית הספר לעבודה סוציאלית ע""ש לואיס וגבי וייספלד",76680-01,"א' - 1.00
 ב' - 1.00",ב',0800 - 1000,מ.ישראל-505,62
"מחלקה בית הספר לעבודה סוציאלית ע""ש לואיס וגבי וייספלד",76681-01,"א' - 2.00
 ב' - 2.00",ב',1000 - 1200,מ.ישראל-505,105
"מחלקה בית הספר לעבודה סוציאלית ע""ש לואיס וגבי וייספלד",76682-01,"א' - 2.00
 ב' - 2.00",ב',1200 - 1400,מ.ישראל-505,105
"מחלקה בית הספר לעבודה סוציאלית ע""ש לואיס וגבי וייספלד",76684-01,א' - 2.00,ב',1600 - 1800,מ.ישראל-507,103
"מחלקה בית הספר לעבודה סוציאלית ע""ש לואיס וגבי וייספלד",76685-01,ב' - 2.00,ב',1400 - 1600,מ.ישראל-504,3
"מחלקה בית הספר לעבודה סוציאלית ע""ש לואיס וגבי וייספלד",76687-01,"א' - 1.00
 ב' - 1.00",ב',0800 - 1000,מ.ישראל-604,105
"מחלקה בית הספר לעבודה סוציאלית ע""ש לואיס וגבי וייספלד",76689-01,"א' - 1.00
 ב' - 1.00",ב',1800 - 2000,מ.ישראל-505,203
"מחלקה בית הספר לעבודה סוציאלית ע""ש לואיס וגבי וייספלד",76695-01,ב' - 2.00,ב',1600 - 1800,מ.ישראל-502,6
"מחלקה בית הספר לעבודה סוציאלית ע""ש לואיס וגבי וייספלד",76697-01,א' - 2.00,ב',0800 - 1000,מ.ישראל-505,65
"מחלקה בית הספר לעבודה סוציאלית ע""ש לואיס וגבי וייספלד",76699-01,א' - 2.00,ב',0800 - 1000,מ.ישראל-504,1
"מחלקה בית הספר לעבודה סוציאלית ע""ש לואיס וגבי וייספלד",76701-01,"א' - 2.00
 ב' - 2.00",ד',1400 - 1600,סטודנטים-105,103
"מחלקה בית הספר לעבודה סוציאלית ע""ש לואיס וגבי וייספלד",76701-02,"א' - 2.00
 ב' - 2.00",ד',1400 - 1600,סטודנטים-105,104
"מחלקה בית הספר לעבודה סוציאלית ע""ש לואיס וגבי וייספלד",76701-03,"א' - 2.00
 ב' - 2.00",ד',1400 - 1600,סטודנטים-105,105
"מחלקה בית הספר לעבודה סוציאלית ע""ש לואיס וגבי וייספלד",76701-04,"א' - 2.00
 ב' - 2.00",ד',1400 - 1600,סטודנטים-105,3
"מחלקה בית הספר לעבודה סוציאלית ע""ש לואיס וגבי וייספלד",76706-01,"א' - 2.00
 ב' - 2.00",ד',0800 - 1000,חדר מחלקה,מחלקה
"מחלקה בית הספר לעבודה סוציאלית ע""ש לואיס וגבי וייספלד",76707-01,"א' - 2.00
 ב' - 2.00",ד',1000 - 1200,חדר מחלקה,מחלקה
"מחלקה בית הספר לעבודה סוציאלית ע""ש לואיס וגבי וייספלד",76717-01,"א' - 2.00
 ב' - 2.00",ד',"0800 - 1000
0800 - 1000",רוח-1002,202
"מחלקה בית הספר לעבודה סוציאלית ע""ש לואיס וגבי וייספלד",76718-01,"א' - 2.00
 ב' - 2.00",ד',"1000 - 1200
1000 - 1200",רוח-1002,202
"מחלקה בית הספר לעבודה סוציאלית ע""ש לואיס וגבי וייספלד",767202-01,א' - 2.00,ד',1600 - 1800,סטודנטים-105,106
"מחלקה בית הספר לעבודה סוציאלית ע""ש לואיס וגבי וייספלד",767204-01,א' - 2.00,ד',1800 - 2000,טבע-207,1
"מחלקה בית הספר לעבודה סוציאלית ע""ש לואיס וגבי וייספלד",767206-01,ב' - 2.00,ד',1200 - 1400,סטודנטים-105,106
"מחלקה בית הספר לעבודה סוציאלית ע""ש לואיס וגבי וייספלד",767207-01,ב' - 2.00,ד',1200 - 1400,סטודנטים-102,2
"מחלקה בית הספר לעבודה סוציאלית ע""ש לואיס וגבי וייספלד",767208-01,ב' - 2.00,ד',1600 - 1800,סטודנטים-105,106
"מחלקה בית הספר לעבודה סוציאלית ע""ש לואיס וגבי וייספלד",767210-01,"א' - 2.00
 ב' - 2.00",ד',0800 - 1000,סטודנטים-105,104
"מחלקה בית הספר לעבודה סוציאלית ע""ש לואיס וגבי וייספלד",767211-01,"א' - 2.00
 ב' - 2.00",ד',1000 - 1200,סטודנטים-105,104
"מחלקה בית הספר לעבודה סוציאלית ע""ש לואיס וגבי וייספלד",767212-01,"א' - 2.00
 ב' - 2.00",ד',0800 - 1000,סטודנטים-105,6
"מחלקה בית הספר לעבודה סוציאלית ע""ש לואיס וגבי וייספלד",767213-01,"א' - 2.00
 ב' - 2.00",ד',1000 - 1200,סטודנטים-105,6
"מחלקה בית הספר לעבודה סוציאלית ע""ש לואיס וגבי וייספלד",76726-01,א' - 2.00,ד',1400 - 1600,מ.ישראל-505,106
"מחלקה בית הספר לעבודה סוציאלית ע""ש לואיס וגבי וייספלד",767300-01,א' - 2.00,ד',1800 - 2000,מ.ישראל-504,6
"מחלקה בית הספר לעבודה סוציאלית ע""ש לואיס וגבי וייספלד",767301-01,"א' - 2.00
 ב' - 2.00",ד',"1200 - 1400
1200 - 1400",מ.ישראל-504,"4
3"
"מחלקה בית הספר לעבודה סוציאלית ע""ש לואיס וגבי וייספלד",767310-01,"א' - 2.00
 ב' - 2.00",ד',0800 - 1000,מ.ישראל-505,106
"מחלקה בית הספר לעבודה סוציאלית ע""ש לואיס וגבי וייספלד",767311-01,"א' - 2.00
 ב' - 2.00",ד',1000 - 1200,מ.ישראל-505,106
"מחלקה בית הספר לעבודה סוציאלית ע""ש לואיס וגבי וייספלד",767312-01,"א' - 2.00
 ב' - 2.00",ד',"0800 - 1000
0800 - 1000","מ.ישראל-505
מ.ישראל-502","62
30"
"מחלקה בית הספר לעבודה סוציאלית ע""ש לואיס וגבי וייספלד",767313-01,"א' - 2.00
 ב' - 2.00",ד',"1000 - 1200
1000 - 1200","מ.ישראל-505
מ.ישראל-502","62
30"
"מחלקה בית הספר לעבודה סוציאלית ע""ש לואיס וגבי וייספלד",767402-01,א' - 2.00,ד',1800 - 2000,מ.ישראל-504,3
"מחלקה בית הספר לעבודה סוציאלית ע""ש לואיס וגבי וייספלד",767403-01,ב' - 2.00,ד',1400 - 1600,מ.ישראל-505,64
"מחלקה בית הספר לעבודה סוציאלית ע""ש לואיס וגבי וייספלד",767406-01,א' - 2.00,ד',1400 - 1600,מ.ישראל-507,2
"מחלקה בית הספר לעבודה סוציאלית ע""ש לואיס וגבי וייספלד",767407-01,ב' - 2.00,ד',1400 - 1600,מ.ישראל-505,106
"מחלקה בית הספר לעבודה סוציאלית ע""ש לואיס וגבי וייספלד",767410-01,"א' - 2.00
 ב' - 2.00",ד',0800 - 1000,מ.ישראל-505,65
"מחלקה בית הספר לעבודה סוציאלית ע""ש לואיס וגבי וייספלד",76741-01,א' - 2.00,ד',1200 - 1400,מ.ישראל-504,6
"מחלקה בית הספר לעבודה סוציאלית ע""ש לואיס וגבי וייספלד",767411-01,"א' - 2.00
 ב' - 2.00",ד',1000 - 1200,מ.ישראל-505,65
"מחלקה בית הספר לעבודה סוציאלית ע""ש לואיס וגבי וייספלד",767420-01,ב' - 2.00,ד',1200 - 1400,מ.ישראל-504,6
"מחלקה בית הספר לעבודה סוציאלית ע""ש לואיס וגבי וייספלד",767421-01,ב' - 2.00,ד',1600 - 1800,מ.ישראל-504,7
"מחלקה בית הספר לעבודה סוציאלית ע""ש לואיס וגבי וייספלד",767422-01,א' - 2.00,ד',1600 - 1800,מ.ישראל-507,105
"מחלקה בית הספר לעבודה סוציאלית ע""ש לואיס וגבי וייספלד",76745-01,"א' - 2.00
 ב' - 2.00",ד',0800 - 1000,מ.ישראל-504,3
"מחלקה בית הספר לעבודה סוציאלית ע""ש לואיס וגבי וייספלד",76746-01,"א' - 2.00
 ב' - 2.00",ד',"1000 - 1200
1000 - 1200",מ.ישראל-504,3
"מחלקה בית הספר לעבודה סוציאלית ע""ש לואיס וגבי וייספלד",767500-01,ב' - 2.00,ד',1800 - 2000,מ.ישראל-501,25
"מחלקה בית הספר לעבודה סוציאלית ע""ש לואיס וגבי וייספלד",76750-01,א' - 2.00,ד',1600 - 1800,מ.ישראל-507,201
"מחלקה בית הספר לעבודה סוציאלית ע""ש לואיס וגבי וייספלד",76750-02,ב' - 2.00,ד',1600 - 1800,יהדות-403,113
"מחלקה בית הספר לעבודה סוציאלית ע""ש לואיס וגבי וייספלד",767501-01,א' - 2.00,ד',1800 - 2000,משפטים-305,10
"מחלקה בית הספר לעבודה סוציאלית ע""ש לואיס וגבי וייספלד",767502-01,ב' - 2.00,ד',1800 - 2000,מ.ישראל-507,7
"מחלקה בית הספר לעבודה סוציאלית ע""ש לואיס וגבי וייספלד",767512-01,א' - 2.00,ד',1600 - 1800,מ.ישראל-504,2
"מחלקה בית הספר לעבודה סוציאלית ע""ש לואיס וגבי וייספלד",767513-01,ב' - 2.00,ד',1600 - 1800,מ.ישראל-505,62
"מחלקה בית הספר לעבודה סוציאלית ע""ש לואיס וגבי וייספלד",767514-01,א' - 2.00,ד',1600 - 1800,מעבדת מחשבים,999
"מחלקה בית הספר לעבודה סוציאלית ע""ש לואיס וגבי וייספלד",767515-01,ב' - 2.00,ד',1600 - 1800,מעבדת מחשבים,999
"מחלקה בית הספר לעבודה סוציאלית ע""ש לואיס וגבי וייספלד",767601-01,ב' - 2.00,ד',1400 - 1600,מ.ישראל-504,7
"מחלקה בית הספר לעבודה סוציאלית ע""ש לואיס וגבי וייספלד",767602-01,א' - 2.00,ד',1400 - 1600,מ.ישראל-504,5
"מחלקה בית הספר לעבודה סוציאלית ע""ש לואיס וגבי וייספלד",767603-01,ב' - 2.00,ד',1200 - 1400,מ.ישראל-504,2
"מחלקה בית הספר לעבודה סוציאלית ע""ש לואיס וגבי וייספלד",767605-01,א' - 2.00,ד',1400 - 1600,סטודנטים-105,4
"מחלקה בית הספר לעבודה סוציאלית ע""ש לואיס וגבי וייספלד",767606-01,ב' - 2.00,ד',1200 - 1400,סטודנטים-105,103
"מחלקה בית הספר לעבודה סוציאלית ע""ש לואיס וגבי וייספלד",767607-01,א' - 2.00,ד',1800 - 2000,סטודנטים-105,103
"מחלקה בית הספר לעבודה סוציאלית ע""ש לואיס וגבי וייספלד",767608-01,א' - 2.00,ד',1600 - 1800,סטודנטים-105,103
"מחלקה בית הספר לעבודה סוציאלית ע""ש לואיס וגבי וייספלד",767610-01,"א' - 2.00
 ב' - 2.00",ד',0800 - 1000,מ.ישראל-504,6
"מחלקה בית הספר לעבודה סוציאלית ע""ש לואיס וגבי וייספלד",76761-01,א' - 2.00,ד',1200 - 1400,סטודנטים-105,106
"מחלקה בית הספר לעבודה סוציאלית ע""ש לואיס וגבי וייספלד",767611-01,"א' - 2.00
 ב' - 2.00",ד',1000 - 1200,מ.ישראל-504,6
"מחלקה בית הספר לעבודה סוציאלית ע""ש לואיס וגבי וייספלד",767612-01,"א' - 2.00
 ב' - 2.00",ד',"0800 - 1000
0800 - 1000","מ.ישראל-505
מ.ישראל-605","64
105"
"מחלקה בית הספר לעבודה סוציאלית ע""ש לואיס וגבי וייספלד",767613-01,"א' - 2.00
 ב' - 2.00",ד',"1000 - 1200
1000 - 1200","מ.ישראל-505
מ.ישראל-605","64
105"
"מחלקה בית הספר לעבודה סוציאלית ע""ש לואיס וגבי וייספלד",767620-01,ב' - 2.00,ד',1400 - 1600,סטודנטים-105,6
"מחלקה בית הספר לעבודה סוציאלית ע""ש לואיס וגבי וייספלד",767622-01,א' - 2.00,ד',1200 - 1400,סטודנטים-105,6
"מחלקה בית הספר לעבודה סוציאלית ע""ש לואיס וגבי וייספלד",767623-01,א' - 2.00,ד',1200 - 1400,מ.ישראל-504,7
"מחלקה בית הספר לעבודה סוציאלית ע""ש לואיס וגבי וייספלד",767700-01,א' - 2.00,ד',1600 - 1800,טבע-207,1
"מחלקה בית הספר לעבודה סוציאלית ע""ש לואיס וגבי וייספלד",767700-02,א' - 2.00,ד',1400 - 1600,מ.ישראל-505,62
"מחלקה בית הספר לעבודה סוציאלית ע""ש לואיס וגבי וייספלד",767700-03,א' - 2.00,ד',1600 - 1800,מ.ישראל-504,6
"מחלקה בית הספר לעבודה סוציאלית ע""ש לואיס וגבי וייספלד",76771-01,א' - 2.00,ד',1200 - 1400,משפטים-305,6
"מחלקה בית הספר לעבודה סוציאלית ע""ש לואיס וגבי וייספלד",76774-01,ב' - 2.00,ד',1400 - 1600,מ.ישראל-504,4
"מחלקה בית הספר לעבודה סוציאלית ע""ש לואיס וגבי וייספלד",76782-01,"א' - 2.00
 ב' - 2.00",ד',0800 - 1000,סטודנטים-105,3
"מחלקה בית הספר לעבודה סוציאלית ע""ש לואיס וגבי וייספלד",76783-01,"א' - 2.00
 ב' - 2.00",ד',1000 - 1200,סטודנטים-105,3
"מחלקה בית הספר לעבודה סוציאלית ע""ש לואיס וגבי וייספלד",76791-01,ב' - 2.00,ד',1400 - 1600,מ.ישראל-504,6
"מחלקה בית הספר לעבודה סוציאלית ע""ש לואיס וגבי וייספלד",76796-01,ב' - 2.00,ד',1600 - 1800,מ.ישראל-504,4
"מחלקה בית הספר לעבודה סוציאלית ע""ש לואיס וגבי וייספלד",76808-01,א' - 2.00,ד',1800 - 2000,מ.ישראל-505,104
"מחלקה בית הספר לעבודה סוציאלית ע""ש לואיס וגבי וייספלד",76809-01,ב' - 2.00,ד',1800 - 2000,מ.ישראל-505,62
"מחלקה בית הספר לעבודה סוציאלית ע""ש לואיס וגבי וייספלד",76811-01,"א' - 2.00
 ב' - 2.00",ד',"1400 - 1600
1400 - 1600","מ.ישראל-504
מ.ישראל-507","7
206"
"מחלקה בית הספר לעבודה סוציאלית ע""ש לואיס וגבי וייספלד",76812-01,א' - 2.00,ד',1400 - 1600,סטודנטים-105,106
"מחלקה בית הספר לעבודה סוציאלית ע""ש לואיס וגבי וייספלד",76814-01,"א' - 2.00
 ב' - 2.00",ד',0800 - 1000,מ.ישראל-505,63
"מחלקה בית הספר לעבודה סוציאלית ע""ש לואיס וגבי וייספלד",76815-01,"א' - 2.00
 ב' - 2.00",ד',1000 - 1200,מ.ישראל-505,63
"מחלקה בית הספר לעבודה סוציאלית ע""ש לואיס וגבי וייספלד",76829-01,א' - 2.00,ד',1200 - 1400,מ.ישראל-505,62
"מחלקה בית הספר לעבודה סוציאלית ע""ש לואיס וגבי וייספלד",76833-01,א' - 2.00,ד',1200 - 1400,מ.ישראל-505,104
"מחלקה בית הספר לעבודה סוציאלית ע""ש לואיס וגבי וייספלד",76834-01,ב' - 2.00,ד',1200 - 1400,מ.ישראל-505,104
"מחלקה בית הספר לעבודה סוציאלית ע""ש לואיס וגבי וייספלד",76842-01,ב' - 2.00,ד',1600 - 1800,סטודנטים-102,2
"מחלקה בית הספר לעבודה סוציאלית ע""ש לואיס וגבי וייספלד",76842-02,ב' - 2.00,ד',1600 - 1800,מ.ישראל-504,6
"מחלקה בית הספר לעבודה סוציאלית ע""ש לואיס וגבי וייספלד",76858-01,"א' - 2.00
 ב' - 2.00",ד',0800 - 1000,מ.ישראל-604,104
"מחלקה בית הספר לעבודה סוציאלית ע""ש לואיס וגבי וייספלד",76859-01,"א' - 2.00
 ב' - 2.00",ד',1000 - 1200,מ.ישראל-604,104
"מחלקה בית הספר לעבודה סוציאלית ע""ש לואיס וגבי וייספלד",76866-01,"א' - 2.00
 ב' - 2.00",ד',0800 - 1000,סטודנטים-105,103
"מחלקה בית הספר לעבודה סוציאלית ע""ש לואיס וגבי וייספלד",76867-01,"א' - 2.00
 ב' - 2.00",ד',1000 - 1200,סטודנטים-105,103
"מחלקה בית הספר לעבודה סוציאלית ע""ש לואיס וגבי וייספלד",76872-01,ב' - 2.00,ד',1200 - 1400,מ.ישראל-504,7
"מחלקה בית הספר לעבודה סוציאלית ע""ש לואיס וגבי וייספלד",76878-01,ב' - 2.00,ד',1400 - 1600,סטודנטים-105,106
"מחלקה בית הספר לעבודה סוציאלית ע""ש לואיס וגבי וייספלד",76891-01,"א' - 2.00
 ב' - 2.00",ד',0800 - 1000,סטודנטים-105,4
"מחלקה בית הספר לעבודה סוציאלית ע""ש לואיס וגבי וייספלד",76892-01,"א' - 2.00
 ב' - 2.00",ד',1000 - 1200,סטודנטים-105,4
"מחלקה בית הספר לעבודה סוציאלית ע""ש לואיס וגבי וייספלד",76914-01,א' - 2.00,ד',1400 - 1600,מ.ישראל-504,6
"מחלקה בית הספר לעבודה סוציאלית ע""ש לואיס וגבי וייספלד",76950-01,"א' - 2.00
 ב' - 2.00",ד',0800 - 1000,מ.ישראל-604,14
"מחלקה בית הספר לעבודה סוציאלית ע""ש לואיס וגבי וייספלד",76951-01,"א' - 2.00
 ב' - 2.00",ד',1000 - 1200,מ.ישראל-604,14
"מחלקה בית הספר לעבודה סוציאלית ע""ש לואיס וגבי וייספלד",76978-02,"א' - 1.00
 ב' - 1.00","פרטי קורס  קולוקוו לדוקטורנטים
קוד קורס 76978-02
שם קורס באנגלית PhD Colloquium
מחלקה בית הספר לעבודה סוציאלית ע""ש לואיס וגבי וייספלד
פקולטה מדעי החברה
סוג מפגש קולוקו חובה
מרצה פרופ' ענת בן-פורת
שעות סמסטר א' - 1.00
סמסטר ב' - 1.00
נ""ז 2.00
הערה
 ג'
שעה 0800 - 1000
בניין
חדר מחלקה
חדר
999
אפיונים מודל - אתר מלווה קורס
תאריכי בחינות",0800 - 1000,חדר מחלקה,מחלקה
"מחלקה בית הספר לעבודה סוציאלית ע""ש לואיס וגבי וייספלד",76993-01,"א' - 2.00
 ב' - 2.00",ג',"1200 - 1400
1200 - 1400",יהדות-403,218
"מחלקה בית הספר לעבודה סוציאלית ע""ש לואיס וגבי וייספלד",76995-01,א' - 2.00,ג',1400 - 1600,יהדות-403,218
"מחלקה בית הספר לעבודה סוציאלית ע""ש לואיס וגבי וייספלד",769951-01,ב' - 2.00,ג',1600 - 1800,טבע-203,226
"מחלקה בית הספר לעבודה סוציאלית ע""ש לואיס וגבי וייספלד",769966-01,א' - 2.00,ג',1000 - 1200,יהדות-403,218
"מחלקה בית הספר לעבודה סוציאלית ע""ש לואיס וגבי וייספלד",769967-01,ב' - 2.00,ג',1000 - 1200,יהדות-403,218
"מחלקה הפקולטה לחינוך ע""ש פנחס חורגין",770004-01,ב' - 2.00,א',1400 - 1600,טרם שובץ,טרם שובץ
"מחלקה הפקולטה לחינוך ע""ש פנחס חורגין",770004-02,א' - 2.00,ב',1200 - 1400,חברה-905,61
"מחלקה הפקולטה לחינוך ע""ש פנחס חורגין",770004-03,ב' - 2.00,ד',1400 - 1600,חברה-905,62
"מחלקה הפקולטה לחינוך ע""ש פנחס חורגין",770012-01,ב' - 2.00,ד',1200 - 1400,רוח-1005,109
"מחלקה הפקולטה לחינוך ע""ש פנחס חורגין",77002-01,ב' - 2.00,ב',1600 - 1800,מ.ישראל-605,61
"מחלקה הפקולטה לחינוך ע""ש פנחס חורגין",77002-02,א' - 2.00,א',1600 - 1800,מ.ישראל-604,11
"מחלקה הפקולטה לחינוך ע""ש פנחס חורגין",77002-03,ב' - 2.00,ד',1800 - 2000,מ.ישראל-604,102
"מחלקה הפקולטה לחינוך ע""ש פנחס חורגין",77002-18,ב' - 2.00,א',1400 - 1600,חברה-905,116
"מחלקה הפקולטה לחינוך ע""ש פנחס חורגין",770106-01,א' - 2.00,ב',1200 - 1400,רוח-1002,61
"מחלקה הפקולטה לחינוך ע""ש פנחס חורגין",770106-02,ב' - 2.00,ב',1000 - 1200,חברה-905,62
"מחלקה הפקולטה לחינוך ע""ש פנחס חורגין",770128-01,ב' - 2.00,ה',1600 - 1800,חברה-905,119
"מחלקה הפקולטה לחינוך ע""ש פנחס חורגין",770140-01,א' - 2.00,ה',1200 - 1400,מ.ישראל-605,101
"מחלקה הפקולטה לחינוך ע""ש פנחס חורגין",770300-01,א' - 2.00,ב',0800 - 1000,חברה-905,62
"מחלקה הפקולטה לחינוך ע""ש פנחס חורגין",770310-01,ב' - 2.00,ב',0800 - 1000,חברה-905,61
"מחלקה הפקולטה לחינוך ע""ש פנחס חורגין",770318-18,ב' - 2.00,ב',1200 - 1400,מ.ישראל-505,106
"מחלקה הפקולטה לחינוך ע""ש פנחס חורגין",770342-01,א' - 4.00,ה',0800 - 1200,חברה-905,61
"מחלקה הפקולטה לחינוך ע""ש פנחס חורגין",77040-01,ב' - 2.00,ה',1600 - 1800,מ.ישראל-604,64
"מחלקה הפקולטה לחינוך ע""ש פנחס חורגין",77040-02,ב' - 2.00,ב',1600 - 1800,מ.ישראל-505,105
"מחלקה הפקולטה לחינוך ע""ש פנחס חורגין",77040-03,א' - 2.00,ב',0800 - 1000,מ.ישראל-507,102
"מחלקה הפקולטה לחינוך ע""ש פנחס חורגין",77040-18,א' - 2.00,א',1600 - 1800,חוץ קמפוס,999
"מחלקה הפקולטה לחינוך ע""ש פנחס חורגין",770405-01,"א' - 2.00
 ב' - 2.00",ג',"1000 - 1200
1000 - 1200",חברה-905,119
"מחלקה הפקולטה לחינוך ע""ש פנחס חורגין",770415-01,א' - 6.00,ד',0800 - 1400,מ.ישראל-507,6
"מחלקה הפקולטה לחינוך ע""ש פנחס חורגין",770434-01,ב' - 2.00,ג',1200 - 1400,חברה-905,119
"מחלקה הפקולטה לחינוך ע""ש פנחס חורגין",770463-01,א' - 2.00,ג',0800 - 1000,חברה-905,61
"מחלקה הפקולטה לחינוך ע""ש פנחס חורגין",771304-01,א' - 2.00,ה',1200 - 1400,מ.ישראל-507,203
"מחלקה הפקולטה לחינוך ע""ש פנחס חורגין",771463-01,ב' - 2.00,ג',0800 - 1000,חברה-905,61
"מחלקה הפקולטה לחינוך ע""ש פנחס חורגין",77200-18,א' - 2.00,א',1000 - 1200,חברה-905,116
"מחלקה הפקולטה לחינוך ע""ש פנחס חורגין",772023-18,ב' - 2.00,א',0800 - 1000,חברה-905,217
"מחלקה הפקולטה לחינוך ע""ש פנחס חורגין",772030-01,"א' - 2.00
 ב' - 2.00",ב',1400 - 1600,חברה-905,118
"מחלקה הפקולטה לחינוך ע""ש פנחס חורגין",772122-18,א' - 2.00,א',0800 - 1000,חברה-905,116
"מחלקה הפקולטה לחינוך ע""ש פנחס חורגין",772133-18,א' - 2.00,ד',0800 - 1000,חברה-905,119
"מחלקה הפקולטה לחינוך ע""ש פנחס חורגין",77225-01,ב' - 2.00,ב',1200 - 1400,חברה-905,119
"מחלקה הפקולטה לחינוך ע""ש פנחס חורגין",77225-02,ב' - 2.00,ב',1400 - 1600,חברה-905,217
"מחלקה הפקולטה לחינוך ע""ש פנחס חורגין",77230-01,א' - 2.00,ה',1000 - 1200,מ.ישראל-507,4
"מחלקה הפקולטה לחינוך ע""ש פנחס חורגין",77230-18,ב' - 2.00,ד',1200 - 1400,חברה-905,119
"מחלקה הפקולטה לחינוך ע""ש פנחס חורגין",772304-01,ב' - 2.00,ה',1200 - 1400,מ.ישראל-507,203
"מחלקה הפקולטה לחינוך ע""ש פנחס חורגין",772313-01,א' - 2.00,ב',1200 - 1400,מ.ישראל-604,12
"מחלקה הפקולטה לחינוך ע""ש פנחס חורגין",772331-01,ב' - 2.00,ב',1600 - 1800,חברה-905,119
"מחלקה הפקולטה לחינוך ע""ש פנחס חורגין",77238-01,א' - 2.00,ב',1400 - 1600,חברה-905,319
"מחלקה הפקולטה לחינוך ע""ש פנחס חורגין",77238-02,א' - 2.00,ה',1400 - 1600,חברה-905,417
"מחלקה הפקולטה לחינוך ע""ש פנחס חורגין",77238-18,א' - 2.00,א',1200 - 1400,חברה-905,116
"מחלקה הפקולטה לחינוך ע""ש פנחס חורגין",77252-01,ב' - 2.00,ה',1000 - 1200,מ.ישראל-507,209
"מחלקה הפקולטה לחינוך ע""ש פנחס חורגין",77252-18,א' - 2.00,א',1400 - 1600,חברה-905,116
"מחלקה הפקולטה לחינוך ע""ש פנחס חורגין",77262-01,"א' - 2.00
 ב' - 2.00",ב',"1200 - 1400
1200 - 1400",חברה-905,"119
116"
"מחלקה הפקולטה לחינוך ע""ש פנחס חורגין",77291-01,"א' - 2.00
 ב' - 2.00",ב',"1000 - 1200
1000 - 1200",חברה-905,"119
211"
"מחלקה הפקולטה לחינוך ע""ש פנחס חורגין",77296-01,א' - 2.00,ה',0900 - 1100,מ.ישראל-507,202
"מחלקה הפקולטה לחינוך ע""ש פנחס חורגין",77296-02,א' - 1.00,ה',0800 - 0900,מ.ישראל-507,202
"מחלקה הפקולטה לחינוך ע""ש פנחס חורגין",77297-01,ב' - 2.00,ה',0900 - 1100,חברה-905,62
"מחלקה הפקולטה לחינוך ע""ש פנחס חורגין",77297-02,ב' - 1.00,ה',0800 - 0900,חברה-905,62
"מחלקה הפקולטה לחינוך ע""ש פנחס חורגין",773021-01,"א' - 2.00
 ב' - 2.00",ג',1200 - 1400,חברה-905,418
"מחלקה הפקולטה לחינוך ע""ש פנחס חורגין",773101-01,א' - 2.00,ב',1800 - 2000,חברה-905,62
"מחלקה הפקולטה לחינוך ע""ש פנחס חורגין",773102-01,ב' - 2.00,ב',1800 - 2000,חברה-905,61
"מחלקה הפקולטה לחינוך ע""ש פנחס חורגין",773122-01,"א' - 2.00
 ב' - 2.00",ב',"1200 - 1400
1200 - 1400","חברה-905
מ.ישראל-605","116
65"
"מחלקה הפקולטה לחינוך ע""ש פנחס חורגין",773211-01,א' - 2.00,ה',1600 - 1800,חברה-905,119
"מחלקה הפקולטה לחינוך ע""ש פנחס חורגין",77322-01,ב' - 2.00,ב',1000 - 1200,חברה-905,119
"מחלקה הפקולטה לחינוך ע""ש פנחס חורגין",77322-02,א' - 2.00,ה',1200 - 1400,חברה-905,118
"מחלקה הפקולטה לחינוך ע""ש פנחס חורגין",77322-03,א' - 2.00,ה',0800 - 1000,חברה-905,118
"מחלקה הפקולטה לחינוך ע""ש פנחס חורגין",77323-01,א' - 2.00,ב',1400 - 1600,חברה-905,418
"מחלקה הפקולטה לחינוך ע""ש פנחס חורגין",773250-01,ב' - 2.00,ב',1400 - 1600,חברה-905,61
"מחלקה הפקולטה לחינוך ע""ש פנחס חורגין",773306-01,ב' - 2.00,ב',1200 - 1400,חברה-905,217
"מחלקה הפקולטה לחינוך ע""ש פנחס חורגין",77331-01,"א' - 2.00
 ב' - 2.00",ב',1200 - 1400,חברה-905,416
"מחלקה הפקולטה לחינוך ע""ש פנחס חורגין",773316-01,ב' - 2.00,ב',1200 - 1400,מ.ישראל-507,104
"מחלקה הפקולטה לחינוך ע""ש פנחס חורגין",773320-01,"א' - 2.00
 ב' - 2.00",ב',"0800 - 1000
0800 - 1000",חברה-905,"416
217"
"מחלקה הפקולטה לחינוך ע""ש פנחס חורגין",773322-18,"א' - 2.00
 ב' - 2.00",ד',"1000 - 1200
1400 - 1600",חברה-905,119
"מחלקה הפקולטה לחינוך ע""ש פנחס חורגין",77368-01,א' - 2.00,ב',1600 - 1800,חברה-905,118
"מחלקה הפקולטה לחינוך ע""ש פנחס חורגין",773710-01,"א' - 2.00
 ב' - 2.00",ב',1000 - 1200,חברה-905,118
"מחלקה הפקולטה לחינוך ע""ש פנחס חורגין",773730-01,"א' - 2.00
 ב' - 2.00",ב',"1400 - 1600
1400 - 1600","חברה-905
חדר מחלקה",מחלקה
"מחלקה הפקולטה לחינוך ע""ש פנחס חורגין",773732-01,"א' - 2.00
 ב' - 2.00",ב',1600 - 1800,חברה-905,217
"מחלקה הפקולטה לחינוך ע""ש פנחס חורגין",773740-01,ב' - 2.00,ב',0800 - 1000,חברה-905,116
"מחלקה הפקולטה לחינוך ע""ש פנחס חורגין",774001-01,א' - 2.00,ב',1400 - 1600,מ.ישראל-507,104
"מחלקה הפקולטה לחינוך ע""ש פנחס חורגין",774002-01,ב' - 2.00,ג',1200 - 1400,חברה-905,62
"מחלקה הפקולטה לחינוך ע""ש פנחס חורגין",774021-01,"א' - 2.00
 ב' - 2.00",ג',1400 - 1600,חברה-905,119
"מחלקה הפקולטה לחינוך ע""ש פנחס חורגין",77406-01,ב' - 2.00,ג',0800 - 1000,מ.ישראל-507,108
"מחלקה הפקולטה לחינוך ע""ש פנחס חורגין",77406-02,ב' - 2.00,ג',1000 - 1200,מ.ישראל-507,2
"מחלקה הפקולטה לחינוך ע""ש פנחס חורגין",77407-01,א' - 2.00,ג',0800 - 1000,חברה-905,217
"מחלקה הפקולטה לחינוך ע""ש פנחס חורגין",77407-02,א' - 2.00,ג',1000 - 1200,חברה-905,217
"מחלקה הפקולטה לחינוך ע""ש פנחס חורגין",77408-01,א' - 2.00,ג',1200 - 1400,מ.ישראל-605,102
"מחלקה הפקולטה לחינוך ע""ש פנחס חורגין",77409-01,ב' - 2.00,ב',1400 - 1600,מ.ישראל-507,4
"מחלקה הפקולטה לחינוך ע""ש פנחס חורגין",774141-01,ב' - 6.00,ד',0800 - 1400,חדר מחלקה,מחלקה
"מחלקה הפקולטה לחינוך ע""ש פנחס חורגין",774301-01,א' - 2.00,ג',1000 - 1200,חברה-905,62
"מחלקה הפקולטה לחינוך ע""ש פנחס חורגין",774302-01,ב' - 2.00,ג',1000 - 1200,חברה-905,61
"מחלקה הפקולטה לחינוך ע""ש פנחס חורגין",774321-01,א' - 2.00,ב',1600 - 1800,מ.ישראל-504,6
"מחלקה הפקולטה לחינוך ע""ש פנחס חורגין",774322-01,ב' - 2.00,ב',1600 - 1800,מ.ישראל-507,106
"מחלקה הפקולטה לחינוך ע""ש פנחס חורגין",774410-01,א' - 2.00,ג',1200 - 1400,חברה-905,119
"מחלקה הפקולטה לחינוך ע""ש פנחס חורגין",77474-01,"א' - 2.00
 ב' - 2.00",ג',1000 - 1200,חברה-905,417
"מחלקה הפקולטה לחינוך ע""ש פנחס חורגין",774880-01,א' - 2.00,ד',1200 - 1400,מ.ישראל-504,3
"מחלקה הפקולטה לחינוך ע""ש פנחס חורגין",77500-18,ב' - 2.00,א',1200 - 1400,חדר מחלקה,מחלקה
"מחלקה הפקולטה לחינוך ע""ש פנחס חורגין",775115-01,א' - 2.00,ב',1200 - 1400,מ.ישראל-507,203
"מחלקה הפקולטה לחינוך ע""ש פנחס חורגין",775824-01,ב' - 2.00,ב',1200 - 1400,חברה-905,118
"מחלקה הפקולטה לחינוך ע""ש פנחס חורגין",77603-01,א' - 4.00,ג',1000 - 1400,חברה-905,416
"מחלקה הפקולטה לחינוך ע""ש פנחס חורגין",77702-01,ב' - 2.00,ב',1400 - 1600,חברה-905,119
"מחלקה הפקולטה לחינוך ע""ש פנחס חורגין",77707-02,א' - 2.00,ה',1600 - 1800,חברה-905,61
"מחלקה הפקולטה לחינוך ע""ש פנחס חורגין",77707-03,א' - 2.00,ה',1600 - 1800,חברה-905,63
"מחלקה הפקולטה לחינוך ע""ש פנחס חורגין",77707-05,א' - 2.00,ב',1600 - 1800,חברה-905,62
"מחלקה הפקולטה לחינוך ע""ש פנחס חורגין",77708-01,ב' - 2.00,ה',1600 - 1800,מ.ישראל-507,106
"מחלקה הפקולטה לחינוך ע""ש פנחס חורגין",77708-03,ב' - 2.00,ב',1600 - 1800,חברה-905,63
"מחלקה הפקולטה לחינוך ע""ש פנחס חורגין",77708-09,ב' - 2.00,ה',1600 - 1800,חברה-905,62
"מחלקה הפקולטה לחינוך ע""ש פנחס חורגין",777102-01,א' - 2.00,ה',1200 - 1400,חברה-905,119
"מחלקה הפקולטה לחינוך ע""ש פנחס חורגין",777103-01,ב' - 2.00,ה',1200 - 1400,חברה-905,417
"מחלקה הפקולטה לחינוך ע""ש פנחס חורגין",777108-01,א' - 2.00,ה',1000 - 1200,חברה-905,118
"מחלקה הפקולטה לחינוך ע""ש פנחס חורגין",777111-01,ב' - 2.00,ב',1200 - 1400,חברה-905,418
"מחלקה הפקולטה לחינוך ע""ש פנחס חורגין",77713-01,א' - 2.00,ב',1200 - 1400,חברה-905,418
"מחלקה הפקולטה לחינוך ע""ש פנחס חורגין",77716-01,א' - 2.00,ב',1000 - 1200,מ.ישראל-507,108
"מחלקה הפקולטה לחינוך ע""ש פנחס חורגין",777201-01,א' - 2.00,ה',1200 - 1400,מ.ישראל-507,106
"מחלקה הפקולטה לחינוך ע""ש פנחס חורגין",777202-01,ב' - 2.00,ה',1000 - 1200,מ.ישראל-604,104
"מחלקה הפקולטה לחינוך ע""ש פנחס חורגין",777213-01,א' - 2.00,ה',1200 - 1400,חברה-905,61
"מחלקה הפקולטה לחינוך ע""ש פנחס חורגין",777214-01,ב' - 2.00,ה',1200 - 1400,מ.ישראל-507,106
"מחלקה הפקולטה לחינוך ע""ש פנחס חורגין",777221-01,א' - 2.00,ה',1600 - 1800,מ.ישראל-507,106
"מחלקה הפקולטה לחינוך ע""ש פנחס חורגין",777222-01,ב' - 2.00,ה',1600 - 1800,מ.ישראל-604,104
"מחלקה הפקולטה לחינוך ע""ש פנחס חורגין",77723-02,א' - 2.00,ה',1400 - 1600,מ.ישראל-505,106
"מחלקה הפקולטה לחינוך ע""ש פנחס חורגין",777231-01,ב' - 2.00,ה',1000 - 1200,מ.ישראל-507,106
"מחלקה הפקולטה לחינוך ע""ש פנחס חורגין",77724-01,ב' - 2.00,ה',0800 - 1000,מ.ישראל-604,104
"מחלקה הפקולטה לחינוך ע""ש פנחס חורגין",777242-01,א' - 2.00,ה',1000 - 1200,מ.ישראל-507,106
"מחלקה הפקולטה לחינוך ע""ש פנחס חורגין",77726-01,א' - 2.00,ה',0800 - 1000,חברה-905,119
"מחלקה הפקולטה לחינוך ע""ש פנחס חורגין",777261-01,א' - 2.00,ה',1000 - 1200,חברה-905,119
"מחלקה הפקולטה לחינוך ע""ש פנחס חורגין",77729-01,ב' - 2.00,ה',1200 - 1400,מ.ישראל-604,104
"מחלקה הפקולטה לחינוך ע""ש פנחס חורגין",77733-01,ב' - 2.00,ה',0800 - 1000,חברה-905,118
"מחלקה הפקולטה לחינוך ע""ש פנחס חורגין",77733-02,א' - 2.00,ה',1200 - 1400,חדר מחלקה,מחלקה
"מחלקה הפקולטה לחינוך ע""ש פנחס חורגין",777331-01,א' - 2.00,ה',1400 - 1600,חברה-905,118
"מחלקה הפקולטה לחינוך ע""ש פנחס חורגין",777332-01,א' - 2.00,ב',1400 - 1600,חדר מחלקה,מחלקה
"מחלקה הפקולטה לחינוך ע""ש פנחס חורגין",77736-01,ב' - 2.00,א',1200 - 1400,חברה-905,118
"מחלקה הפקולטה לחינוך ע""ש פנחס חורגין",777390-01,א' - 2.00,ה',1400 - 1600,חברה-905,61
"מחלקה הפקולטה לחינוך ע""ש פנחס חורגין",77740-01,א' - 2.00,ה',0800 - 1000,מ.ישראל-507,106
"מחלקה הפקולטה לחינוך ע""ש פנחס חורגין",77741-02,"א' - 2.00
 ב' - 2.00",ה',"1400 - 1600
1400 - 1600",חברה-905,"119
118"
"מחלקה הפקולטה לחינוך ע""ש פנחס חורגין",77741-03,"א' - 2.00
 ב' - 2.00",ה',"1800 - 2000
1800 - 2000",חברה-905,"319
217"
"מחלקה הפקולטה לחינוך ע""ש פנחס חורגין",77742-01,ב' - 2.00,ה',0800 - 1000,מ.ישראל-507,106
"מחלקה הפקולטה לחינוך ע""ש פנחס חורגין",77746-02,"א' - 2.00
 ב' - 2.00",ב',"1400 - 1600
1400 - 1600",חברה-905,"119
417"
"מחלקה הפקולטה לחינוך ע""ש פנחס חורגין",77746-03,"א' - 2.00
 ב' - 2.00",ב',"1600 - 1800
1600 - 1800",חברה-905,"119
118"
"מחלקה הפקולטה לחינוך ע""ש פנחס חורגין",777491-01,א' - 2.00,א',1400 - 1600,חברה-905,61
"מחלקה הפקולטה לחינוך ע""ש פנחס חורגין",777501-01,ב' - 2.00,א',1400 - 1600,חברה-905,418
"מחלקה הפקולטה לחינוך ע""ש פנחס חורגין",77752-01,ב' - 2.00,ה',1200 - 1400,מ.ישראל-505,104
"מחלקה הפקולטה לחינוך ע""ש פנחס חורגין",777592-01,ב' - 2.00,ה',1400 - 1600,חברה-905,119
"מחלקה הפקולטה לחינוך ע""ש פנחס חורגין",777593-01,"א' - 2.00
 ב' - 2.00",א',1800 - 2000,חברה-905,418
"מחלקה הפקולטה לחינוך ע""ש פנחס חורגין",77760-01,ב' - 2.00,א',1600 - 1800,חברה-905,211
"מחלקה הפקולטה לחינוך ע""ש פנחס חורגין",77761-01,"א' - 2.00
 ב' - 2.00",ב',"1800 - 2000
1800 - 2000",חברה-905,118
"מחלקה הפקולטה לחינוך ע""ש פנחס חורגין",77761-02,"א' - 2.00
 ב' - 2.00",ב',"1800 - 2000
1800 - 2000",חברה-905,116
"מחלקה הפקולטה לחינוך ע""ש פנחס חורגין",77762-02,"א' - 2.00
 ב' - 2.00",ב',"1600 - 1800
1600 - 1800",חברה-905,321
"מחלקה הפקולטה לחינוך ע""ש פנחס חורגין",77762-03,"א' - 2.00
 ב' - 2.00",ב',"1400 - 1600
1400 - 1600",חברה-905,"311
321"
"מחלקה הפקולטה לחינוך ע""ש פנחס חורגין",777641-01,ב' - 2.00,ב',1000 - 1200,חברה-902,101
"מחלקה הפקולטה לחינוך ע""ש פנחס חורגין",77767-01,"א' - 2.00
 ב' - 2.00",א',1800 - 2000,חברה-905,417
"מחלקה הפקולטה לחינוך ע""ש פנחס חורגין",77768-01,"א' - 2.00
 ב' - 2.00",א',"1400 - 1600
1200 - 1400",חברה-905,119
"מחלקה הפקולטה לחינוך ע""ש פנחס חורגין",77787-01,ב' - 2.00,ב',0800 - 1000,חברה-905,119
"מחלקה הפקולטה לחינוך ע""ש פנחס חורגין",77787-02,א' - 2.00,ב',0800 - 1000,חברה-902,104
"מחלקה הפקולטה לחינוך ע""ש פנחס חורגין",777881-01,א' - 2.00,ה',1800 - 2000,חברה-905,119
"מחלקה הפקולטה לחינוך ע""ש פנחס חורגין",777884-01,"א' - 2.00
 ב' - 2.00",ה',1800 - 2000,חברה-905,418
"מחלקה הפקולטה לחינוך ע""ש פנחס חורגין",77789-01,ב' - 2.00,א',1800 - 2000,חברה-905,119
"מחלקה הפקולטה לחינוך ע""ש פנחס חורגין",77793-01,ב' - 2.00,ה',1400 - 1600,מ.ישראל-604,104
"מחלקה הפקולטה לחינוך ע""ש פנחס חורגין",777951-01,"א' - 2.00
 ב' - 2.00",ה',1200 - 1400,חברה-905,319
"מחלקה הפקולטה לחינוך ע""ש פנחס חורגין",77796-01,א' - 2.00,ב',0800 - 1000,חברה-905,119
"מחלקה הפקולטה לחינוך ע""ש פנחס חורגין",77798-01,"א' - 2.00
 ב' - 2.00",ב',"1000 - 1200
1000 - 1200","חברה-905
מ.ישראל-604","116
105"
"מחלקה הפקולטה לחינוך ע""ש פנחס חורגין",777984-01,"א' - 2.00
 ב' - 2.00",ב',0800 - 1000,חברה-905,418
"מחלקה הפקולטה לחינוך ע""ש פנחס חורגין",777987-01,"א' - 2.00
 ב' - 2.00",ד',1600 - 1800,חברה-905,116
"מחלקה הפקולטה לחינוך ע""ש פנחס חורגין",77813-01,"א' - 2.00
 ב' - 2.00",ב',0800 - 1000,חברה-905,417
"מחלקה הפקולטה לחינוך ע""ש פנחס חורגין",778141-01,"א' - 2.00
 ב' - 2.00",ב',1800 - 2000,חברה-905,417
"מחלקה הפקולטה לחינוך ע""ש פנחס חורגין",77822-01,"א' - 2.00
 ב' - 2.00",ה',1000 - 1200,חברה-905,417
"מחלקה הפקולטה לחינוך ע""ש פנחס חורגין",77822-02,"א' - 2.00
 ב' - 2.00",ה',"1000 - 1200
1000 - 1200",חברה-905,"116
119"
"מחלקה הפקולטה לחינוך ע""ש פנחס חורגין",778241-01,א' - 2.00,ב',1400 - 1600,חברה-905,116
"מחלקה הפקולטה לחינוך ע""ש פנחס חורגין",778251-01,א' - 2.00,א',1800 - 2000,חברה-905,119
"מחלקה הפקולטה לחינוך ע""ש פנחס חורגין",778291-01,א' - 2.00,א',1200 - 1400,חברה-905,61
"מחלקה הפקולטה לחינוך ע""ש פנחס חורגין",778301-01,ב' - 2.00,א',1200 - 1400,חברה-905,418
"מחלקה הפקולטה לחינוך ע""ש פנחס חורגין",77833-01,א' - 2.00,ה',1400 - 1600,מ.ישראל-507,106
"מחלקה הפקולטה לחינוך ע""ש פנחס חורגין",778430-01,ב' - 2.00,ב',1400 - 1600,חברה-905,116
"מחלקה הפקולטה לחינוך ע""ש פנחס חורגין",77853-01,"א' - 2.00
 ב' - 2.00",ה',1800 - 2000,חברה-905,61
"מחלקה הפקולטה לחינוך ע""ש פנחס חורגין",778551-01,א' - 2.00,א',1600 - 1800,חברה-905,418
"מחלקה הפקולטה לחינוך ע""ש פנחס חורגין",778561-01,א' - 2.00,ה',1400 - 1600,חברה-905,217
"מחלקה הפקולטה לחינוך ע""ש פנחס חורגין",778621-01,"א' - 2.00
 ב' - 2.00",ב',1800 - 2000,חברה-905,321
"מחלקה הפקולטה לחינוך ע""ש פנחס חורגין",778622-01,א' - 4.00,ב',1600 - 2000,חברה-902,201
"מחלקה הפקולטה לחינוך ע""ש פנחס חורגין",778632-01,ב' - 2.00,ה',0800 - 1000,חברה-905,417
"מחלקה הפקולטה לחינוך ע""ש פנחס חורגין",778642-01,"א' - 2.00
 ב' - 2.00",ב',"0800 - 1000
0800 - 1000","חברה-905
חברה-902","116
102"
"מחלקה הפקולטה לחינוך ע""ש פנחס חורגין",778646-01,א' - 2.00,ב',1000 - 1200,חברה-905,418
"מחלקה הפקולטה לחינוך ע""ש פנחס חורגין",778647-01,ב' - 2.00,ב',1800 - 2000,חברה-905,217
"מחלקה הפקולטה לחינוך ע""ש פנחס חורגין",778649-01,ב' - 2.00,ב',1000 - 1200,חברה-905,116
"מחלקה הפקולטה לחינוך ע""ש פנחס חורגין",778691-01,א' - 2.00,ב',1000 - 1200,חברה-905,321
"מחלקה הפקולטה לחינוך ע""ש פנחס חורגין",778691-02,א' - 2.00,ב',1000 - 1200,חברה-905,319
"מחלקה הפקולטה לחינוך ע""ש פנחס חורגין",778692-01,ב' - 2.00,ב',1000 - 1200,חברה-905,217
"מחלקה הפקולטה לחינוך ע""ש פנחס חורגין",778692-02,ב' - 2.00,ב',1000 - 1200,חברה-905,417
"מחלקה הפקולטה לחינוך ע""ש פנחס חורגין",77874-01,ב' - 2.00,ב',1200 - 1400,חברה-905,417
"מחלקה הפקולטה לחינוך ע""ש פנחס חורגין",77878-01,"א' - 2.00
 ב' - 2.00",ב',"1200 - 1400
1200 - 1400","מ.ישראל-502
מ.ישראל-504","פרטי קורס  כלים פסיכודרמטיים ב הייעוץ
קוד קורס 77878-01
שם קורס באנגלית Psychodramatic Tools in the Consulting Room
מחלקה הפקולטה לחינוך ע""ש פנחס חורגין
פקולטה חינוך
סוג מפגש סדנה
מרצה גב' לינור מזריאר רוזברג
שעות סמסטר א' - 2.00
סמסטר ב' - 2.00
נ""ז 4.00
הערה
יום ב'
שעה 1200 - 1400
1200 - 1400
בניין
מ.ישראל-502
מ.ישראל-504

9
1
אפיונים מודל - אתר מלווה קורס
תאריכי בחינות
סילבוס צפייה בסילבוס"
"מחלקה הפקולטה לחינוך ע""ש פנחס חורגין",778811-01,"א' - 2.00
 ב' - 2.00",ה',1400 - 1600,חברה-905,211
"מחלקה הפקולטה לחינוך ע""ש פנחס חורגין",77884-01,"א' - 2.00
 ב' - 2.00",ה',1200 - 1400,חברה-905,217
"מחלקה הפקולטה לחינוך ע""ש פנחס חורגין",778850-01,ב' - 4.00,ה',1600 - 2000,טרם שובץ,טרם שובץ
"מחלקה הפקולטה לחינוך ע""ש פנחס חורגין",778851-01,ב' - 2.00,ב',1200 - 1400,מ.ישראל-507,202
"מחלקה הפקולטה לחינוך ע""ש פנחס חורגין",778862-01,א' - 2.00,ב',1600 - 1800,מ.ישראל-505,2
"מחלקה הפקולטה לחינוך ע""ש פנחס חורגין",778863-01,ב' - 2.00,ב',1200 - 1400,רוח-1002,305
"מחלקה הפקולטה לחינוך ע""ש פנחס חורגין",778871-01,א' - 2.00,ב',1400 - 1600,מ.ישראל-504,5
"מחלקה הפקולטה לחינוך ע""ש פנחס חורגין",778892-01,ב' - 2.00,ה',1200 - 1400,חברה-905,418
"מחלקה הפקולטה לחינוך ע""ש פנחס חורגין",778894-01,"א' - 2.00
 ב' - 2.00",ה',1000 - 1200,חברה-905,418
"מחלקה הפקולטה לחינוך ע""ש פנחס חורגין",778895-01,ב' - 2.00,ה',1400 - 1600,חברה-905,418
"מחלקה הפקולטה לחינוך ע""ש פנחס חורגין",77891-01,"א' - 2.00
 ב' - 2.00",ה',"1400 - 1600
1400 - 1600","חברה-905
חברה-902","116
104"
"מחלקה הפקולטה לחינוך ע""ש פנחס חורגין",77893-01,"א' - 2.00
 ב' - 2.00",ב',1000 - 1200,חברה-905,416
"מחלקה הפקולטה לחינוך ע""ש פנחס חורגין",77894-01,א' - 2.00,ב',1200 - 1400,חברה-905,118
"מחלקה הפקולטה לחינוך ע""ש פנחס חורגין",778951-01,"א' - 2.00
 ב' - 2.00",ב',0800 - 1000,מ.ישראל-505,105
"מחלקה הפקולטה לחינוך ע""ש פנחס חורגין",778951-20,"א' - 2.00
 ב' - 2.00",א',"1600 - 1800
1400 - 1600",חדר מחלקה,מחלקה
"מחלקה הפקולטה לחינוך ע""ש פנחס חורגין",778962-01,א' - 2.00,ב',1400 - 1600,חברה-905,217
"מחלקה הפקולטה לחינוך ע""ש פנחס חורגין",778963-01,א' - 2.00,ה',1800 - 2000,חברה-905,217
"מחלקה הפקולטה לחינוך ע""ש פנחס חורגין",779013-01,ב' - 4.00,ד',1000 - 1400,חברה-905,217
"מחלקה הפקולטה לחינוך ע""ש פנחס חורגין",779021-01,א' - 2.00,ה',1000 - 1200,חברה-905,62
"מחלקה הפקולטה לחינוך ע""ש פנחס חורגין",779022-01,ב' - 2.00,ה',1000 - 1200,חברה-905,61
"מחלקה הפקולטה לחינוך ע""ש פנחס חורגין",779032-01,א' - 2.00,ה',1600 - 1800,חברה-905,217
"מחלקה הפקולטה לחינוך ע""ש פנחס חורגין",779033-01,"א' - 2.00
 ב' - 2.00",ה',"1200 - 1400
1400 - 1600","מ.ישראל-504
חברה-905","2
217"
"מחלקה הפקולטה לחינוך ע""ש פנחס חורגין",779034-01,ב' - 2.00,ה',1200 - 1400,חברה-905,118
"מחלקה הפקולטה לחינוך ע""ש פנחס חורגין",779035-01,א' - 2.00,א',1000 - 1200,חברה-905,119
"מחלקה הפקולטה לחינוך ע""ש פנחס חורגין",779036-01,א' - 2.00,א',0800 - 1000,חברה-905,118
"מחלקה הפקולטה לחינוך ע""ש פנחס חורגין",779038-01,"א' - 2.00
 ב' - 2.00",א',1200 - 1400,חברה-905,417
"מחלקה הפקולטה לחינוך ע""ש פנחס חורגין",779039-01,"א' - 2.00
 ב' - 2.00",ה',"1200 - 1400
1400 - 1600",חברה-905,417
"מחלקה הפקולטה לחינוך ע""ש פנחס חורגין",779041-01,ב' - 2.00,ה',0800 - 1000,חברה-905,418
"מחלקה הפקולטה לחינוך ע""ש פנחס חורגין",77905-01,א' - 2.00,ב',1400 - 1600,מ.ישראל-505,4
"מחלקה הפקולטה לחינוך ע""ש פנחס חורגין",779051-01,ב' - 2.00,ב',1000 - 1200,חברה-905,317
"מחלקה הפקולטה לחינוך ע""ש פנחס חורגין",779060-01,ב' - 2.00,א',1600 - 1800,חברה-905,418
"מחלקה הפקולטה לחינוך ע""ש פנחס חורגין",779071-01,ב' - 2.00,ה',1600 - 1800,חברה-905,418
"מחלקה הפקולטה לחינוך ע""ש פנחס חורגין",779072-01,א' - 2.00,ה',1600 - 1800,חברה-905,418
"מחלקה הפקולטה לחינוך ע""ש פנחס חורגין",77911-01,א' - 2.00,א',1000 - 1200,חברה-905,118
"מחלקה הפקולטה לחינוך ע""ש פנחס חורגין",779124-01,ב' - 2.00,ב',1400 - 1600,מ.ישראל-507,203
"מחלקה הפקולטה לחינוך ע""ש פנחס חורגין",779130-01,ב' - 2.00,ב',1400 - 1600,חברה-902,103
"מחלקה הפקולטה לחינוך ע""ש פנחס חורגין",77913-01,א' - 2.00,א',1400 - 1600,חברה-905,417
"מחלקה הפקולטה לחינוך ע""ש פנחס חורגין",779221-20,"א' - 2.00
 ב' - 2.00",א',"1800 - 2000
1600 - 1800",חדר מחלקה,מחלקה
"מחלקה הפקולטה לחינוך ע""ש פנחס חורגין",779261-01,"א' - 2.00
 ב' - 2.00",ב',1800 - 2000,מ.ישראל-604,13
"מחלקה הפקולטה לחינוך ע""ש פנחס חורגין",779281-01,"א' - 2.00
 ב' - 2.00",א',1800 - 2000,חברה-905,217
"מחלקה הפקולטה לחינוך ע""ש פנחס חורגין",779332-01,"א' - 2.00
 ב' - 2.00",ה',1800 - 2000,חברה-905,417
"מחלקה הפקולטה לחינוך ע""ש פנחס חורגין",779351-01,"א' - 2.00
 ב' - 2.00",ב',1200 - 1400,חברה-905,211
"מחלקה הפקולטה לחינוך ע""ש פנחס חורגין",779372-01,א' - 2.00,ב',1200 - 1400,חברה-905,62
"מחלקה הפקולטה לחינוך ע""ש פנחס חורגין",77944-01,ב' - 2.00,ב',1800 - 2000,חברה-905,119
"מחלקה הפקולטה לחינוך ע""ש פנחס חורגין",77945-01,"א' - 2.00
 ב' - 2.00",א',"1600 - 1800
1400 - 1600",חברה-905,119
"מחלקה הפקולטה לחינוך ע""ש פנחס חורגין",779452-01,א' - 2.00,ב',1400 - 1600,מ.ישראל-507,2
"מחלקה הפקולטה לחינוך ע""ש פנחס חורגין",779453-01,ב' - 2.00,א',1000 - 1200,חברה-905,116
"מחלקה הפקולטה לחינוך ע""ש פנחס חורגין",779454-01,"א' - 2.00
 ב' - 2.00",ב',0800 - 1000,חברה-905,118
"מחלקה הפקולטה לחינוך ע""ש פנחס חורגין",779512-01,א' - 2.00,ה',1800 - 2000,מ.ישראל-604,63
"מחלקה הפקולטה לחינוך ע""ש פנחס חורגין",77956-01,"א' - 2.00
 ב' - 2.00",א',"0800 - 1000
0800 - 1000",חברה-905,"417
119"
"מחלקה הפקולטה לחינוך ע""ש פנחס חורגין",77957-01,"א' - 2.00
 ב' - 2.00",ה',"1800 - 2000
1800 - 2000",מ.ישראל-507,106
"מחלקה הפקולטה לחינוך ע""ש פנחס חורגין",779582-01,א' - 2.00,ה',1400 - 1600,חברה-905,418
"מחלקה הפקולטה לחינוך ע""ש פנחס חורגין",779583-01,א' - 2.00,ה',1200 - 1400,חברה-905,418
"מחלקה הפקולטה לחינוך ע""ש פנחס חורגין",77963-01,"א' - 2.00
 ב' - 2.00",ב',"1400 - 1600
1400 - 1600","מ.ישראל-605
מ.ישראל-507","61
201"
"מחלקה הפקולטה לחינוך ע""ש פנחס חורגין",77965-01,"א' - 2.00
 ב' - 2.00",ב',"1200 - 1400
1200 - 1400","חברה-905
מ.ישראל-507","217
2"
"מחלקה הפקולטה לחינוך ע""ש פנחס חורגין",77966-01,ב' - 2.00,א',1000 - 1200,חברה-905,417
"מחלקה הפקולטה לחינוך ע""ש פנחס חורגין",77967-01,"א' - 2.00
 ב' - 2.00",ה',"0800 - 1000
0800 - 1000",חברה-905,"116
119"
"מחלקה הפקולטה לחינוך ע""ש פנחס חורגין",77967-02,"א' - 2.00
 ב' - 2.00",ה',"0800 - 1000
0800 - 1000",חברה-905,217
"מחלקה הפקולטה לחינוך ע""ש פנחס חורגין",779673-01,א' - 2.00,ב',1800 - 2000,חברה-905,217
"מחלקה הפקולטה לחינוך ע""ש פנחס חורגין",77968-01,"א' - 2.00
 ב' - 2.00",א',"1600 - 1800
1600 - 1800",חברה-905,217
"מחלקה הפקולטה לחינוך ע""ש פנחס חורגין",77969-01,ב' - 2.00,ה',1000 - 1200,חברה-905,118
"מחלקה הפקולטה לחינוך ע""ש פנחס חורגין",779801-01,א' - 2.00,ה',0800 - 1000,חברה-905,62
"מחלקה הפקולטה לחינוך ע""ש פנחס חורגין",779840-01,א' - 2.00,ה',1000 - 1200,חברה-905,217
"מחלקה הפקולטה לחינוך ע""ש פנחס חורגין",779842-01,ב' - 2.00,ה',1000 - 1200,חברה-905,217
"מחלקה הפקולטה לחינוך ע""ש פנחס חורגין",779886-01,א' - 2.00,ה',1800 - 2000,מ.ישראל-605,64
"מחלקה הפקולטה לחינוך ע""ש פנחס חורגין",779888-01,א' - 2.00,ה',1600 - 1800,מ.ישראל-507,101
"מחלקה הפקולטה לחינוך ע""ש פנחס חורגין",779888-20,א' - 2.00,א',1400 - 1600,חברה-902,202
"מחלקה הפקולטה לחינוך ע""ש פנחס חורגין",77994-01,"א' - 2.00
 ב' - 2.00",ב',"1800 - 2000
1800 - 2000","חברה-905
טרם שובץ","119
טרם שובץ"
"מחלקה הפקולטה לחינוך ע""ש פנחס חורגין",77996-01,א' - 2.00,"פרטי קורס  קולוקוו מתקדם לתואר שלישי
קוד קורס 77996-01
שם קורס באנגלית Advanced Colloquium/Doctoral Students
מחלקה הפקולטה לחינוך ע""ש פנחס חורגין
פקולטה חינוך
סוג מפגש סדנה
מרצה פרופ' עדינה שמיר
שעות סמסטר א' - 2.00
נ""ז 2.00
הערה
לצורך רישום לקורס זה, יש לפנות למחלקה
 ב'
שעה 1200 - 1400
בניין
חברה-905
חדר
417
אפיונים מודל - אתר מלווה קורס
תאריכי בחינות",1200 - 1400,חברה-905,417
"מחלקה הפקולטה לחינוך ע""ש פנחס חורגין",779961-01,"א' - 4.00
 ב' - 4.00","פרטי קורס  קולקוו לתארים מתקדמים
קוד קורס 779961-01
שם קורס באנגלית Colloquium for Graduate Studies
מחלקה הפקולטה לחינוך ע""ש פנחס חורגין
פקולטה חינוך
סוג מפגש קולוקו חובה
מרצה מחלקה מרצי
שעות סמסטר א' - 4.00
סמסטר ב' - 4.00
נ""ז 8.00
הערה
 ג'
שעה 1400 - 1800
בניין
חברה-905
חדר
62
אפיונים מודל - אתר מלווה קורס
תאריכי בחינות",1400 - 1800,חברה-905,62
"מחלקה הפקולטה לחינוך ע""ש פנחס חורגין",779964-01,ב' - 2.00,ב',1600 - 1800,חברה-905,417
"מחלקה הפקולטה לחינוך ע""ש פנחס חורגין",779965-01,א' - 2.00,ב',1400 - 1600,חברה-905,211
"מחלקה הפקולטה לחינוך ע""ש פנחס חורגין",779966-01,ב' - 2.00,ב',1200 - 1400,רוח-1002,203
"מחלקה הפקולטה לחינוך ע""ש פנחס חורגין",779967-01,א' - 2.00,ב',1200 - 1400,חדר מחלקה,מחלקה
"מחלקה הפקולטה לחינוך ע""ש פנחס חורגין",779968-01,ב' - 2.00,ב',1400 - 1600,חברה-905,418
"מחלקה הפקולטה לחינוך ע""ש פנחס חורגין",77998-01,ב' - 2.00,א',1600 - 1800,חברה-905,119
מחלקה תעודת הוראה,790001-01,ב' - 4.00,א',1000 - 1400,מ.ישראל-605,13
מחלקה תעודת הוראה,790001-02,א' - 4.00,א',1000 - 1400,מ.ישראל-507,2
מחלקה תעודת הוראה,790001-03,א' - 4.00,ב',0800 - 1200,מ.ישראל-604,14
מחלקה תעודת הוראה,790001-04,ב' - 4.00,ב',0800 - 1200,חדר מחלקה,מחלקה
מחלקה תעודת הוראה,790001-06,א' - 4.00,ד',0800 - 1200,חברה-905,217
מחלקה תעודת הוראה,790001-07,א' - 4.00,ד',0800 - 1200,מ.ישראל-504,2
מחלקה תעודת הוראה,790001-08,ב' - 4.00,ד',1000 - 1400,מ.ישראל-605,65
מחלקה תעודת הוראה,790001-10,א' - 4.00,א',0800 - 1200,חברה-902,12
מחלקה תעודת הוראה,790001-88,ב' - 4.00,ד',0800 - 1200,חדר מחלקה,מחלקה
מחלקה תעודת הוראה,790115-01,ב' - 2.00,א',1200 - 1400,מ.ישראל-604,13
מחלקה תעודת הוראה,790215-01,א' - 2.00,א',1200 - 1400,חברה-905,418
מחלקה תעודת הוראה,790403-01,ב' - 2.00,ה',1800 - 2000,טרם שובץ,טרם שובץ
מחלקה תעודת הוראה,790420-01,"א' - 1.00
 ב' - 1.00",א',1300 - 1400,חברה-905,217
מחלקה תעודת הוראה,790433-01,"א' - 1.00
 ב' - 1.00",ד',1300 - 1400,חברה-905,418
מחלקה תעודת הוראה,790443-01,"א' - 1.00
 ב' - 1.00",ד',1200 - 1300,חדר מחלקה,מחלקה
מחלקה תעודת הוראה,790454-01,ב' - 2.00,ד',1200 - 1400,רוח-1005,111
מחלקה תעודת הוראה,790500-01,ב' - 2.00,ב',1800 - 2000,חדר מחלקה,מחלקה
מחלקה תעודת הוראה,790801-01,"א' - 3.00
 ב' - 3.00",ו',0800 - 1100,חדר מחלקה,מחלקה
מחלקה תעודת הוראה,790802-01,"א' - 5.00
 ב' - 5.00",ו',1100 - 1400,חדר מחלקה,מחלקה
מחלקה תעודת הוראה,790803-01,"א' - 5.00
 ב' - 5.00",ו',1100 - 1400,חדר מחלקה,מחלקה
מחלקה תעודת הוראה,791426-01,א' - 2.00,א',1400 - 1600,חברה-905,418
מחלקה תעודת הוראה,791427-01,א' - 2.00,א',1600 - 1800,חברה-905,116
מחלקה תעודת הוראה,791427-02,א' - 2.00,א',1600 - 1800,חברה-905,211
מחלקה תעודת הוראה,792426-01,ב' - 2.00,א',1400 - 1600,חברה-905,417
מחלקה תעודת הוראה,792427-01,ב' - 2.00,א',1600 - 1800,טרם שובץ,טרם שובץ
מחלקה תעודת הוראה,792427-02,ב' - 2.00,א',1600 - 1800,טרם שובץ,טרם שובץ
מחלקה תעודת הוראה,79321-01,"א' - 4.00
 ב' - 4.00",א',0800 - 1200,חדר מחלקה,מחלקה
מחלקה תעודת הוראה,79323-01,"א' - 4.00
 ב' - 4.00",א',0800 - 1200,חדר מחלקה,מחלקה
מחלקה תעודת הוראה,79323-02,"א' - 4.00
 ב' - 4.00",א',0800 - 1200,חדר מחלקה,מחלקה
מחלקה תעודת הוראה,79327-01,"א' - 4.00
 ב' - 4.00",ה',0800 - 1200,חדר מחלקה,מחלקה
מחלקה תעודת הוראה,79335-01,"א' - 4.00
 ב' - 4.00",ב',0800 - 1200,חדר מחלקה,מחלקה
מחלקה תעודת הוראה,79345-01,"א' - 2.00
 ב' - 2.00",ב',"1800 - 2000
1600 - 1800","מ.ישראל-604
חברה-905","104
116"
מחלקה תעודת הוראה,79345-02,"א' - 2.00
 ב' - 2.00",ד',"1400 - 1600
1400 - 1600",חברה-905,"119
217"
מחלקה תעודת הוראה,79402-01,"א' - 2.00
 ב' - 2.00",ה',1600 - 1800,חברה-905,417
מחלקה תעודת הוראה,79422-01,"א' - 2.00
 ב' - 2.00",א',"1400 - 1600
1400 - 1600","חברה-905
חברה-902","217
102"
מחלקה תעודת הוראה,79432-01,"א' - 2.00
 ב' - 2.00",ד',1400 - 1600,חברה-905,417
מחלקה תעודת הוראה,79435-01,"א' - 2.00
 ב' - 2.00",ב',"1300 - 1500
1300 - 1500",מעבדה,999
מחלקה תעודת הוראה,79436-01,"א' - 2.00
 ב' - 2.00",ב',1500 - 1700,מעבדה,999
מחלקה תעודת הוראה,794430-01,ב' - 2.00,ב',1800 - 2000,טרם שובץ,טרם שובץ
מחלקה תעודת הוראה,794430-02,א' - 2.00,ד',1600 - 1800,חברה-905,119
מחלקה תעודת הוראה,794430-03,ב' - 2.00,ד',1200 - 1400,טרם שובץ,טרם שובץ
מחלקה תעודת הוראה,79444-01,"א' - 2.00
 ב' - 2.00",ד',"1200 - 1400
1000 - 1200",רוח-1005,109
מחלקה תעודת הוראה,79448-01,"א' - 2.00
 ב' - 2.00",ה',1300 - 1500,מעבדה,999
מחלקה תעודת הוראה,79449-01,"א' - 2.00
 ב' - 2.00",ה',1500 - 1700,מעבדה,999
מחלקה תעודת הוראה,794561-01,א' - 2.00,ג',1600 - 1800,חברה-905,119
מחלקה תעודת הוראה,794562-01,ב' - 2.00,ג',1600 - 1800,חברה-905,217
מחלקה תעודת הוראה,79503-01,א' - 2.00,א',1800 - 2000,מ.ישראל-604,11
מחלקה תעודת הוראה,79503-02,א' - 2.00,ב',1800 - 2000,מ.ישראל-604,61
מחלקה תעודת הוראה,79503-03,ב' - 2.00,ד',1800 - 2000,מ.ישראל-507,101
מחלקה תעודת הוראה,79503-88,ב' - 2.00,ד',1600 - 1800,חדר מחלקה,מחלקה
מחלקה תעודת הוראה,79505-01,ב' - 2.00,א',1600 - 1800,מ.ישראל-507,209
מחלקה תעודת הוראה,79505-02,א' - 2.00,ד',1600 - 1800,חברה-905,62
מחלקה תעודת הוראה,79505-03,ב' - 2.00,ב',1400 - 1600,חברה-902,12
מחלקה תעודת הוראה,79505-04,א' - 2.00,ד',1400 - 1600,רוח-1005,109
מחלקה תעודת הוראה,79540-01,"א' - 4.00
 ב' - 4.00",ה',0800 - 1200,רוח-1005,108
מחלקה תעודת הוראה,79545-01,"א' - 4.00
 ב' - 4.00",ד',0800 - 1200,חדר מחלקה,מחלקה
מחלקה תעודת הוראה,79704-01,"א' - 4.00
 ב' - 4.00",א',"1600 - 2000
1600 - 2000","חדר מחלקה
טרם שובץ",מחלקה
מחלקה תעודת הוראה,79704-02,"א' - 4.00
 ב' - 4.00",א',"1700 - 2100
1700 - 2100",חדר מחלקה,מחלקה
מחלקה תעודת הוראה,79704-03,"א' - 4.00
 ב' - 4.00",ג',1700 - 2100,טרם שובץ,טרם שובץ
מחלקה תעודת הוראה,79704-04,"א' - 4.00
 ב' - 4.00",ב',"1600 - 2000
1600 - 2000","חדר מחלקה
טרם שובץ",מחלקה
מחלקה תעודת הוראה,79704-05,"א' - 4.00
 ב' - 4.00",ג',"1600 - 2000
1600 - 2000",טרם שובץ,טרם שובץ
מחלקה תעודת הוראה,79704-06,"א' - 4.00
 ב' - 4.00",ג',1700 - 2100,חדר מחלקה,מחלקה
מחלקה תעודת הוראה,79704-07,"א' - 4.00
 ב' - 4.00",ד',"1600 - 2000
1600 - 2000",טרם שובץ,טרם שובץ
מחלקה תעודת הוראה,79704-08,"א' - 4.00
 ב' - 4.00",ב',1800 - 2000,טרם שובץ,טרם שובץ
מחלקה תעודת הוראה,79704-09,"א' - 4.00
 ב' - 4.00",ב',"1600 - 2100
1600 - 2100",חדר מחלקה,מחלקה
מחלקה תעודת הוראה,79704-10,"א' - 4.00
 ב' - 4.00",ד',1600 - 2000,חדר מחלקה,מחלקה
מחלקה תעודת הוראה,79704-11,"א' - 4.00
 ב' - 4.00",ד',"1700 - 2100
1700 - 2100",חדר מחלקה,מחלקה
מחלקה תעודת הוראה,79705-01,"א' - 4.00
 ב' - 4.00",א',"1700 - 2100
1700 - 2100","חדר מחלקה
טרם שובץ",מחלקה
מחלקה תעודת הוראה,79705-02,"א' - 4.00
 ב' - 4.00",א',1600 - 2000,חברה-902,202
מחלקה תעודת הוראה,79705-03,"א' - 4.00
 ב' - 4.00",ג',1700 - 2100,חדר מחלקה,מחלקה
מחלקה תעודת הוראה,79705-04,"א' - 4.00
 ב' - 4.00",ב',"1600 - 2000
1600 - 2000","טרם שובץ
חדר מחלקה",מחלקה
מחלקה תעודת הוראה,79705-05,"א' - 4.00
 ב' - 4.00",א',1600 - 2000,חדר מחלקה,מחלקה
מחלקה תעודת הוראה,798001-01,"א' - 2.00
 ב' - 2.00",ב',"0800 - 1000
0800 - 1000",חדר מחלקה,מחלקה
מחלקה תעודת הוראה,798002-02,"א' - 2.00
 ב' - 2.00",ב',"1200 - 1400
1200 - 1400",חדר מחלקה,מחלקה
מחלקה תעודת הוראה,798006-01,א' - 2.00,ב',1600 - 1800,חברה-905,417
מחלקה תעודת הוראה,798007-01,ב' - 2.00,ד',1000 - 1200,מ.ישראל-605,102
מחלקה תעודת הוראה,798009-01,א' - 2.00,ג',1400 - 1600,מ.ישראל-605,65
מחלקה תעודת הוראה,798013-01,א' - 2.00,ד',1000 - 1200,מ.ישראל-605,102
מחלקה תעודת הוראה,798024-01,א' - 2.00,ב',1800 - 2000,מ.ישראל-505,106
מחלקה תעודת הוראה,79815-01,א' - 2.00,ב',1800 - 2000,חברה-905,317
מחלקה תעודת הוראה,79823-01,א' - 2.00,ב',1400 - 1600,חברה-902,104
מחלקה תעודת הוראה,79823-02,א' - 2.00,ב',1600 - 1800,חברה-902,104
מחלקה תעודת הוראה,798411-01,ב' - 2.00,ד',1400 - 1600,חברה-905,118
"מחלקה הפקולטה למדעי החיים ע""ש מינה ואבררד גודמן",80055-01,א' - 3.00,ד',"1200 - 1400
1400 - 1500","מ.ישראל-507
חדר מחלקה",מחלקה
"מחלקה הפקולטה למדעי החיים ע""ש מינה ואבררד גודמן",80056-01,ב' - 3.00,ד',"1400 - 1500
1200 - 1400","חדר מחלקה
מ.ישראל-507",מחלקה
"מחלקה הפקולטה למדעי החיים ע""ש מינה ואבררד גודמן",80057-01,א' - 1.00,ה',1200 - 1300,מעבדה,999
"מחלקה הפקולטה למדעי החיים ע""ש מינה ואבררד גודמן",80058-01,ב' - 1.00,ה',1200 - 1300,מעבדה,999
"פרטי קורס : שעות מחלקה
קוד קורס 80100-01
שם קורס באנגלית Departmental Hours
מחלקה הפקולטה למדעי החיים ע""ש מינה ואבררד גודמן
פקולטה מדעי החיים
סוג מפגש ש.מחלקה
מרצה מחלקה מרצי
שעות סמסטר א' - 2.00
סמסטר ב' - 2.00
נ""ז 0.00
הערה
שמור לשעות מחלקה, ימי א' ב18:00
יום א'
שעה 18:00 - 20:00
18:00 - 20:00
בניין
חדר מחלקה
חדר
999
אפיונים מודל - אתר מלווה קורס
תאריכי בחינות",80100-01,"א' - 2.00
 ב' - 2.00",א',"1800 - 2000
1800 - 2000",חדר מחלקה,מחלקה
"מחלקה הפקולטה למדעי החיים ע""ש מינה ואבררד גודמן",80101-01,א' - 4.00,"א',ב'","1400 - 1600
0800 - 1000",משפטים-304,"1
2"
"מחלקה הפקולטה למדעי החיים ע""ש מינה ואבררד גודמן",80101-40,א' - 4.00,"א',ד'","1200 - 1400
1600 - 1800","מ.ישראל-604
מ.ישראל-502","63
30"
"מחלקה הפקולטה למדעי החיים ע""ש מינה ואבררד גודמן",80101-60,ב' - 4.00,ד',1600 - 2000,סטודנטים-105,103
"מחלקה הפקולטה למדעי החיים ע""ש מינה ואבררד גודמן",80102-01,ב' - 3.00,א',0900 - 1200,משפטים-305,10
"מחלקה הפקולטה למדעי החיים ע""ש מינה ואבררד גודמן",80102-40,ב' - 3.00,ה',1200 - 1500,מ.ישראל-505,5
"מחלקה הפקולטה למדעי החיים ע""ש מינה ואבררד גודמן",80103-01,ב' - 2.00,ב',1000 - 1200,טבע 211-2,25
"מחלקה הפקולטה למדעי החיים ע""ש מינה ואבררד גודמן",80103-10,ב' - 2.00,ד',0800 - 1000,משפטים-304,1
"מחלקה הפקולטה למדעי החיים ע""ש מינה ואבררד גודמן",80103-30,ב' - 2.00,ד',0800 - 1000,משפטים-304,1
"מחלקה הפקולטה למדעי החיים ע""ש מינה ואבררד גודמן",80103-40,ב' - 2.00,א',1200 - 1400,מ.ישראל-605,14
"מחלקה הפקולטה למדעי החיים ע""ש מינה ואבררד גודמן",80105-01,ב' - 2.00,ה',1200 - 1400,מעבדה,999
"מחלקה הפקולטה למדעי החיים ע""ש מינה ואבררד גודמן",80105-13,ב' - 2.00,ג',1000 - 1200,טבע-212,214
"מחלקה הפקולטה למדעי החיים ע""ש מינה ואבררד גודמן",80105-14,ב' - 2.00,א',1000 - 1200,טבע-212,214
"מחלקה הפקולטה למדעי החיים ע""ש מינה ואבררד גודמן",80105-16,ב' - 2.00,ג',1500 - 1700,טבע-212,214
"מחלקה הפקולטה למדעי החיים ע""ש מינה ואבררד גודמן",80106-01,ב' - 1.00,ד',1400 - 1500,מ.ישראל-505,105
"מחלקה הפקולטה למדעי החיים ע""ש מינה ואבררד גודמן",80107-01,א' - 2.00,ד',0800 - 1000,טבע 211-2,25
"מחלקה הפקולטה למדעי החיים ע""ש מינה ואבררד גודמן",80107-02,א' - 2.00,ג',1600 - 1800,טבע 211-2,21
"מחלקה הפקולטה למדעי החיים ע""ש מינה ואבררד גודמן",80107-03,א' - 2.00,ד',1400 - 1600,טבע 211-2,21
"מחלקה הפקולטה למדעי החיים ע""ש מינה ואבררד גודמן",80107-04,א' - 2.00,ג',1600 - 1800,טבע 211-2,17
"מחלקה הפקולטה למדעי החיים ע""ש מינה ואבררד גודמן",80107-05,א' - 2.00,ד',1600 - 1800,טבע 211-2,21
"מחלקה הפקולטה למדעי החיים ע""ש מינה ואבררד גודמן",80107-06,א' - 2.00,א',1600 - 1800,טבע 211-2,21
"מחלקה הפקולטה למדעי החיים ע""ש מינה ואבררד גודמן",80108-01,ב' - 2.00,ד',1400 - 1600,סטודנטים-105,1
"מחלקה הפקולטה למדעי החיים ע""ש מינה ואבררד גודמן",80108-02,ב' - 1.00,ה',1300 - 1400,מ.ישראל-604,64
"מחלקה הפקולטה למדעי החיים ע""ש מינה ואבררד גודמן",80109-60,א' - 4.00,ד',1600 - 2000,מ.ישראל-605,61
"מחלקה הפקולטה למדעי החיים ע""ש מינה ואבררד גודמן",80111-01,א' - 3.00,"א',ג'","1200 - 1400
1400 - 1500",משפטים-304,1
"מחלקה הפקולטה למדעי החיים ע""ש מינה ואבררד גודמן",80111-02,א' - 1.00,א',1700 - 1800,משפטים-304,3
"מחלקה הפקולטה למדעי החיים ע""ש מינה ואבררד גודמן",80111-03,א' - 1.00,א',1700 - 1800,משפטים-304,3
"מחלקה הפקולטה למדעי החיים ע""ש מינה ואבררד גודמן",80111-04,א' - 1.00,ב',1400 - 1500,מ.ישראל-507,204
"מחלקה הפקולטה למדעי החיים ע""ש מינה ואבררד גודמן",80111-06,א' - 1.00,ג',1500 - 1600,מ.ישראל-507,205
"מחלקה הפקולטה למדעי החיים ע""ש מינה ואבררד גודמן",80111-07,א' - 1.00,ב',1400 - 1500,מ.ישראל-507,204
"מחלקה הפקולטה למדעי החיים ע""ש מינה ואבררד גודמן",80111-08,א' - 1.00,ג',1000 - 1100,חדר מחלקה,מחלקה
"מחלקה הפקולטה למדעי החיים ע""ש מינה ואבררד גודמן",80111-09,א' - 1.00,ג',1000 - 1100,חדר מחלקה,מחלקה
"מחלקה הפקולטה למדעי החיים ע""ש מינה ואבררד גודמן",80111-10,א' - 3.00,"א',ג'","1200 - 1400
1400 - 1500",משפטים-304,1
"מחלקה הפקולטה למדעי החיים ע""ש מינה ואבררד גודמן",80111-12,א' - 1.00,ג',1500 - 1600,מ.ישראל-505,101
"מחלקה הפקולטה למדעי החיים ע""ש מינה ואבררד גודמן",80111-13,א' - 1.00,ג',1500 - 1600,מ.ישראל-505,101
"מחלקה הפקולטה למדעי החיים ע""ש מינה ואבררד גודמן",80111-14,א' - 1.00,ג',0900 - 1000,חדר מחלקה,מחלקה
"מחלקה הפקולטה למדעי החיים ע""ש מינה ואבררד גודמן",80111-15,א' - 1.00,א',0900 - 1000,יהדות-403,67
"מחלקה הפקולטה למדעי החיים ע""ש מינה ואבררד גודמן",80111-16,א' - 1.00,א',0900 - 1000,יהדות-403,67
"מחלקה הפקולטה למדעי החיים ע""ש מינה ואבררד גודמן",80111-18,א' - 1.00,ב',1400 - 1500,חדר מחלקה,מחלקה
"מחלקה הפקולטה למדעי החיים ע""ש מינה ואבררד גודמן",80111-40,א' - 3.00,ד',1200 - 1500,מ.ישראל-502,25
"מחלקה הפקולטה למדעי החיים ע""ש מינה ואבררד גודמן",80111-41,א' - 1.00,ד',1500 - 1600,מ.ישראל-507,1
"מחלקה הפקולטה למדעי החיים ע""ש מינה ואבררד גודמן",80113-01,ב' - 3.00,"א',ה'","1400 - 1600
1200 - 1300",משפטים-304,1
"מחלקה הפקולטה למדעי החיים ע""ש מינה ואבררד גודמן",80113-02,ב' - 1.00,ב',1200 - 1300,סטודנטים-105,61
"מחלקה הפקולטה למדעי החיים ע""ש מינה ואבררד גודמן",80113-04,ב' - 1.00,ב',1200 - 1300,סטודנטים-105,61
"מחלקה הפקולטה למדעי החיים ע""ש מינה ואבררד גודמן",80113-05,ב' - 1.00,ג',1000 - 1100,סטודנטים-105,106
"מחלקה הפקולטה למדעי החיים ע""ש מינה ואבררד גודמן",80113-06,ב' - 1.00,ג',1600 - 1700,סטודנטים-105,105
"מחלקה הפקולטה למדעי החיים ע""ש מינה ואבררד גודמן",80113-10,ב' - 3.00,"א',ה'","1400 - 1600
1200 - 1300",משפטים-304,1
"מחלקה הפקולטה למדעי החיים ע""ש מינה ואבררד גודמן",80113-12,ב' - 1.00,ג',1500 - 1600,חדר מחלקה,מחלקה
"מחלקה הפקולטה למדעי החיים ע""ש מינה ואבררד גודמן",80113-13,ב' - 1.00,ג',1500 - 1600,חדר מחלקה,מחלקה
"מחלקה הפקולטה למדעי החיים ע""ש מינה ואבררד גודמן",80113-14,ב' - 1.00,ד',1300 - 1400,מ.ישראל-507,106
"מחלקה הפקולטה למדעי החיים ע""ש מינה ואבררד גודמן",80113-16,ב' - 1.00,ד',1300 - 1400,מ.ישראל-505,4
"מחלקה הפקולטה למדעי החיים ע""ש מינה ואבררד גודמן",80113-17,ב' - 1.00,א',1600 - 1700,סטודנטים-105,1
"מחלקה הפקולטה למדעי החיים ע""ש מינה ואבררד גודמן",80113-18,ב' - 1.00,א',1600 - 1700,חדר מחלקה,מחלקה
"מחלקה הפקולטה למדעי החיים ע""ש מינה ואבררד גודמן",80113-40,ב' - 3.00,ג',1200 - 1500,יהדות-404,114
"מחלקה הפקולטה למדעי החיים ע""ש מינה ואבררד גודמן",80113-41,ב' - 1.00,ג',1500 - 1600,יהדות-404,68
"מחלקה הפקולטה למדעי החיים ע""ש מינה ואבררד גודמן",80113-99,ב' - 1.00,ג',1800 - 1900,חדר מחלקה,מחלקה
"מחלקה הפקולטה למדעי החיים ע""ש מינה ואבררד גודמן",801211-01,א' - 4.00,"א',ג'","1000 - 1200
0800 - 1000",משפטים-304,1
"מחלקה הפקולטה למדעי החיים ע""ש מינה ואבררד גודמן",801211-02,א' - 2.00,א',1600 - 1800,סטודנטים-105,1
"מחלקה הפקולטה למדעי החיים ע""ש מינה ואבררד גודמן",801211-03,א' - 2.00,ב',1200 - 1400,סטודנטים-105,102
"מחלקה הפקולטה למדעי החיים ע""ש מינה ואבררד גודמן",801211-04,א' - 2.00,ג',1600 - 1800,חדר מחלקה,מחלקה
"מחלקה הפקולטה למדעי החיים ע""ש מינה ואבררד גודמן",801211-05,א' - 2.00,ג',1200 - 1400,מ.ישראל-507,201
"מחלקה הפקולטה למדעי החיים ע""ש מינה ואבררד גודמן",801211-07,א' - 2.00,א',1600 - 1800,סטודנטים-105,1
"מחלקה הפקולטה למדעי החיים ע""ש מינה ואבררד גודמן",801211-10,א' - 4.00,"א',ג'","1000 - 1200
0800 - 1000",משפטים-304,1
"מחלקה הפקולטה למדעי החיים ע""ש מינה ואבררד גודמן",801211-12,א' - 2.00,א',1400 - 1600,מ.ישראל-505,105
"מחלקה הפקולטה למדעי החיים ע""ש מינה ואבררד גודמן",801211-13,א' - 2.00,ד',1600 - 1800,חדר מחלקה,מחלקה
"מחלקה הפקולטה למדעי החיים ע""ש מינה ואבררד גודמן",801211-14,א' - 2.00,ד',1600 - 1800,מ.ישראל-505,62
"מחלקה הפקולטה למדעי החיים ע""ש מינה ואבררד גודמן",801211-15,א' - 2.00,ג',1200 - 1400,סטודנטים-105,103
"מחלקה הפקולטה למדעי החיים ע""ש מינה ואבררד גודמן",801211-16,א' - 2.00,א',1400 - 1600,מ.ישראל-507,206
"מחלקה הפקולטה למדעי החיים ע""ש מינה ואבררד גודמן",801211-40,א' - 4.00,"א',ג'","1400 - 1600
1200 - 1400","מ.ישראל-508
מ.ישראל-505","7
104"
"מחלקה הפקולטה למדעי החיים ע""ש מינה ואבררד גודמן",801211-41,א' - 2.00,א',1600 - 1800,מ.ישראל-508,7
"מחלקה הפקולטה למדעי החיים ע""ש מינה ואבררד גודמן",801231-01,ב' - 2.00,א',1200 - 1400,טבע-213,4
"מחלקה הפקולטה למדעי החיים ע""ש מינה ואבררד גודמן",801231-02,ב' - 1.00,ג',1400 - 1500,מ.ישראל-507,6
"מחלקה הפקולטה למדעי החיים ע""ש מינה ואבררד גודמן",801231-03,ב' - 1.00,ה',1000 - 1100,סטודנטים-105,103
"מחלקה הפקולטה למדעי החיים ע""ש מינה ואבררד גודמן",801231-06,ב' - 1.00,ב',0900 - 1000,סטודנטים-105,1
"מחלקה הפקולטה למדעי החיים ע""ש מינה ואבררד גודמן",801231-07,ב' - 1.00,ב',0900 - 1000,חדר מחלקה,מחלקה
"מחלקה הפקולטה למדעי החיים ע""ש מינה ואבררד גודמן",801231-10,ב' - 2.00,א',1200 - 1400,טבע-213,4
"מחלקה הפקולטה למדעי החיים ע""ש מינה ואבררד גודמן",801231-12,ב' - 1.00,א',1600 - 1700,סטודנטים-105,3
"מחלקה הפקולטה למדעי החיים ע""ש מינה ואבררד גודמן",801231-13,ב' - 1.00,ד',1200 - 1300,מ.ישראל-505,65
"מחלקה הפקולטה למדעי החיים ע""ש מינה ואבררד גודמן",801231-14,ב' - 1.00,ה',1000 - 1100,סטודנטים-105,106
"מחלקה הפקולטה למדעי החיים ע""ש מינה ואבררד גודמן",801231-16,ב' - 1.00,ד',1200 - 1300,מ.ישראל-505,65
"מחלקה הפקולטה למדעי החיים ע""ש מינה ואבררד גודמן",801231-40,ב' - 2.00,ד',1400 - 1600,מ.ישראל-505,62
"מחלקה הפקולטה למדעי החיים ע""ש מינה ואבררד גודמן",801231-41,ב' - 1.00,ד',1300 - 1400,מ.ישראל-505,65
"מחלקה הפקולטה למדעי החיים ע""ש מינה ואבררד גודמן",80126-05,א' - 3.00,ג',1500 - 1800,המפגש יתקיים בטבע 212 קומה 0 חדר 001,המפגש יתקיים בבנייןטבע 212 קומה 0  001
"מחלקה הפקולטה למדעי החיים ע""ש מינה ואבררד גודמן",80127-02,ב' - 3.00,ב',1400 - 1700,טבע-212,1
"מחלקה הפקולטה למדעי החיים ע""ש מינה ואבררד גודמן",80127-05,ב' - 3.00,ג',1500 - 1800,טבע-212,1
"מחלקה הפקולטה למדעי החיים ע""ש מינה ואבררד גודמן",80127-40,ב' - 3.00,ב',1400 - 1700,טבע-212,1
"מחלקה הפקולטה למדעי החיים ע""ש מינה ואבררד גודמן",80130-01,א' - 2.00,ג',1000 - 1200,טבע-213,4
"מחלקה הפקולטה למדעי החיים ע""ש מינה ואבררד גודמן",80130-02,א' - 1.00,ב',1100 - 1200,מ.ישראל-604,64
"מחלקה הפקולטה למדעי החיים ע""ש מינה ואבררד גודמן",80130-04,א' - 1.00,א',0900 - 1000,מ.ישראל-605,64
"מחלקה הפקולטה למדעי החיים ע""ש מינה ואבררד גודמן",80130-05,א' - 1.00,א',0900 - 1000,מ.ישראל-605,13
"מחלקה הפקולטה למדעי החיים ע""ש מינה ואבררד גודמן",80130-06,א' - 1.00,א',1600 - 1700,מ.ישראל-604,105
"מחלקה הפקולטה למדעי החיים ע""ש מינה ואבררד גודמן",80130-10,א' - 2.00,ג',1000 - 1200,טבע-213,4
"מחלקה הפקולטה למדעי החיים ע""ש מינה ואבררד גודמן",80130-12,א' - 1.00,ג',1200 - 1300,יהדות-404,114
"מחלקה הפקולטה למדעי החיים ע""ש מינה ואבררד גודמן",80130-13,א' - 1.00,ג',1200 - 1300,יהדות-404,114
"מחלקה הפקולטה למדעי החיים ע""ש מינה ואבררד גודמן",80130-15,א' - 1.00,ג',1500 - 1600,מ.ישראל-505,106
"מחלקה הפקולטה למדעי החיים ע""ש מינה ואבררד גודמן",80130-17,א' - 1.00,א',1400 - 1500,מ.ישראל-605,14
"מחלקה הפקולטה למדעי החיים ע""ש מינה ואבררד גודמן",80130-18,א' - 1.00,א',1400 - 1500,חדר מחלקה,מחלקה
"מחלקה הפקולטה למדעי החיים ע""ש מינה ואבררד גודמן",80130-40,א' - 2.00,ג',1400 - 1600,מ.ישראל-507,1
"מחלקה הפקולטה למדעי החיים ע""ש מינה ואבררד גודמן",80130-41,א' - 1.00,ג',1600 - 1700,יהדות-403,218
"מחלקה הפקולטה למדעי החיים ע""ש מינה ואבררד גודמן",80130-99,א' - 1.00,ד',1800 - 1900,חדר מחלקה,מחלקה
"מחלקה הפקולטה למדעי החיים ע""ש מינה ואבררד גודמן",80131-01,ב' - 2.00,ה',0800 - 1000,משפטים-304,1
"מחלקה הפקולטה למדעי החיים ע""ש מינה ואבררד גודמן",80131-02,ב' - 1.00,ג',1500 - 1600,מ.ישראל-505,105
"מחלקה הפקולטה למדעי החיים ע""ש מינה ואבררד גודמן",80131-03,ב' - 1.00,ג',0900 - 1000,מ.ישראל-604,105
"מחלקה הפקולטה למדעי החיים ע""ש מינה ואבררד גודמן",80131-04,ב' - 1.00,ה',1100 - 1200,סטודנטים-105,103
"מחלקה הפקולטה למדעי החיים ע""ש מינה ואבררד גודמן",80131-05,ב' - 1.00,ג',1400 - 1500,סטודנטים-105,103
"מחלקה הפקולטה למדעי החיים ע""ש מינה ואבררד גודמן",80131-07,ב' - 1.00,א',1600 - 1700,סטודנטים-105,103
"מחלקה הפקולטה למדעי החיים ע""ש מינה ואבררד גודמן",80131-10,ב' - 2.00,ה',0800 - 1000,משפטים-304,1
"מחלקה הפקולטה למדעי החיים ע""ש מינה ואבררד גודמן",80131-12,ב' - 1.00,א',0900 - 1000,סטודנטים-105,103
"מחלקה הפקולטה למדעי החיים ע""ש מינה ואבררד גודמן",80131-14,ב' - 1.00,ג',0900 - 1000,סטודנטים-105,103
"מחלקה הפקולטה למדעי החיים ע""ש מינה ואבררד גודמן",80131-16,ב' - 1.00,ד',1400 - 1500,סטודנטים-105,102
"מחלקה הפקולטה למדעי החיים ע""ש מינה ואבררד גודמן",80131-17,ב' - 1.00,ג',1400 - 1500,סטודנטים-105,105
"מחלקה הפקולטה למדעי החיים ע""ש מינה ואבררד גודמן",80131-18,ב' - 1.00,ג',0900 - 1000,חדר מחלקה,מחלקה
"מחלקה הפקולטה למדעי החיים ע""ש מינה ואבררד גודמן",80131-40,ב' - 2.00,א',1400 - 1600,מ.ישראל-502,8
"מחלקה הפקולטה למדעי החיים ע""ש מינה ואבררד גודמן",80131-41,ב' - 1.00,ד',1200 - 1300,מ.ישראל-507,1
"מחלקה הפקולטה למדעי החיים ע""ש מינה ואבררד גודמן",80131-99,ב' - 1.00,ד',1800 - 1900,חדר מחלקה,מחלקה
"מחלקה הפקולטה למדעי החיים ע""ש מינה ואבררד גודמן",801351-01,ב' - 5.00,"ג',ה'","1200 - 1400
1300 - 1600","טבע-213
משפטים-304","4
1"
"מחלקה הפקולטה למדעי החיים ע""ש מינה ואבררד גודמן",801351-02,ב' - 2.00,ב',1200 - 1400,סטודנטים-105,2
"מחלקה הפקולטה למדעי החיים ע""ש מינה ואבררד גודמן",801351-03,ב' - 2.00,ג',1000 - 1200,סטודנטים-105,102
"מחלקה הפקולטה למדעי החיים ע""ש מינה ואבררד גודמן",801351-04,ב' - 2.00,ה',1000 - 1200,מ.ישראל-604,102
"מחלקה הפקולטה למדעי החיים ע""ש מינה ואבררד גודמן",801351-08,ב' - 2.00,ה',1000 - 1200,חדר מחלקה,מחלקה
"מחלקה הפקולטה למדעי החיים ע""ש מינה ואבררד גודמן",801351-10,ב' - 5.00,"ג',ה'","1200 - 1400
1300 - 1600","טבע-213
משפטים-304","4
1"
"מחלקה הפקולטה למדעי החיים ע""ש מינה ואבררד גודמן",801351-12,ב' - 2.00,ג',1000 - 1200,סטודנטים-105,1
"מחלקה הפקולטה למדעי החיים ע""ש מינה ואבררד גודמן",801351-13,ב' - 2.00,ג',1600 - 1800,סטודנטים-105,1
"מחלקה הפקולטה למדעי החיים ע""ש מינה ואבררד גודמן",801351-14,ב' - 2.00,ה',1000 - 1200,מ.ישראל-604,102
"מחלקה הפקולטה למדעי החיים ע""ש מינה ואבררד גודמן",801351-40,ב' - 5.00,"א',ג'","1600 - 1800
1600 - 1900","מ.ישראל-504
יהדות-403","3
66"
"מחלקה הפקולטה למדעי החיים ע""ש מינה ואבררד גודמן",801351-41,ב' - 2.00,ב',1200 - 1400,מ.ישראל-505,5
"מחלקה הפקולטה למדעי החיים ע""ש מינה ואבררד גודמן",80145-30,ב' - 3.00,ג',1300 - 1600,מ.ישראל-605,12
"מחלקה הפקולטה למדעי החיים ע""ש מינה ואבררד גודמן",80145-31,ב' - 1.00,ד',1000 - 1100,מ.ישראל-507,101
"מחלקה הפקולטה למדעי החיים ע""ש מינה ואבררד גודמן",80150-01,א' - 3.00,ה',1200 - 1500,טבע-213,4
"מחלקה הפקולטה למדעי החיים ע""ש מינה ואבררד גודמן",80150-02,א' - 1.00,ג',0900 - 1000,טבע-207,1
"מחלקה הפקולטה למדעי החיים ע""ש מינה ואבררד גודמן",80150-03,א' - 1.00,ג',0900 - 1000,מ.ישראל-505,5
"מחלקה הפקולטה למדעי החיים ע""ש מינה ואבררד גודמן",80150-04,א' - 1.00,ה',0900 - 1000,מ.ישראל-505,104
"מחלקה הפקולטה למדעי החיים ע""ש מינה ואבררד גודמן",80150-05,א' - 1.00,ב',1300 - 1400,מ.ישראל-604,104
"מחלקה הפקולטה למדעי החיים ע""ש מינה ואבררד גודמן",80150-10,א' - 3.00,ה',1200 - 1500,טבע-213,4
"מחלקה הפקולטה למדעי החיים ע""ש מינה ואבררד גודמן",80150-11,א' - 1.00,ב',1400 - 1500,מ.ישראל-507,203
"מחלקה הפקולטה למדעי החיים ע""ש מינה ואבררד גודמן",80150-12,א' - 1.00,ב',1400 - 1500,מ.ישראל-507,203
"מחלקה הפקולטה למדעי החיים ע""ש מינה ואבררד גודמן",80150-13,א' - 1.00,ה',0900 - 1000,מ.ישראל-604,105
"מחלקה הפקולטה למדעי החיים ע""ש מינה ואבררד גודמן",80150-14,א' - 1.00,ב',1300 - 1400,מ.ישראל-504,3
"מחלקה הפקולטה למדעי החיים ע""ש מינה ואבררד גודמן",80150-30,א' - 3.00,ה',1200 - 1500,טבע-213,4
"מחלקה הפקולטה למדעי החיים ע""ש מינה ואבררד גודמן",80150-31,א' - 1.00,ה',1100 - 1200,יהדות-403,67
"פרטי קורס : שעות מחלקה
קוד קורס 80200-01
שם קורס באנגלית Departmental Hours
מחלקה הפקולטה למדעי החיים ע""ש מינה ואבררד גודמן
פקולטה מדעי החיים
סוג מפגש ש.מחלקה
מרצה מחלקה מרצי
שעות סמסטר א' - 2.00
סמסטר ב' - 2.00
נ""ז 0.00
הערה
שמור לשעות מחלקה, ימי א' ב18:00
יום א'
שעה 18:00 - 20:00
18:00 - 20:00
בניין
חדר מחלקה
חדר
999
אפיונים מודל - אתר מלווה קורס
תאריכי בחינות",80200-01,"א' - 2.00
 ב' - 2.00",א',"1800 - 2000
1800 - 2000",חדר מחלקה,מחלקה
"מחלקה הפקולטה למדעי החיים ע""ש מינה ואבררד גודמן",80201-01,א' - 4.00,"א',ג'","1400 - 1600
1200 - 1400",מינץ-403,69
"מחלקה הפקולטה למדעי החיים ע""ש מינה ואבררד גודמן",80201-02,א' - 1.00,א',1100 - 1200,מ.ישראל-604,13
"מחלקה הפקולטה למדעי החיים ע""ש מינה ואבררד גודמן",80201-03,א' - 1.00,א',1600 - 1700,מ.ישראל-507,104
"מחלקה הפקולטה למדעי החיים ע""ש מינה ואבררד גודמן",80201-04,א' - 1.00,ג',1000 - 1100,סטודנטים-105,3
"מחלקה הפקולטה למדעי החיים ע""ש מינה ואבררד גודמן",80201-05,א' - 1.00,א',1600 - 1700,יהדות-403,218
"מחלקה הפקולטה למדעי החיים ע""ש מינה ואבררד גודמן",80201-06,א' - 1.00,א',1000 - 1100,חדר מחלקה,מחלקה
"מחלקה הפקולטה למדעי החיים ע""ש מינה ואבררד גודמן",80201-07,א' - 1.00,ד',0800 - 0900,טרם שובץ,טרם שובץ
"מחלקה הפקולטה למדעי החיים ע""ש מינה ואבררד גודמן",80201-08,א' - 1.00,ג',1100 - 1200,סטודנטים-105,103
"מחלקה הפקולטה למדעי החיים ע""ש מינה ואבררד גודמן",80201-09,א' - 1.00,ד',0800 - 0900,מ.ישראל-505,104
"מחלקה הפקולטה למדעי החיים ע""ש מינה ואבררד גודמן",80201-10,א' - 4.00,"א',ג'","1400 - 1600
1200 - 1400",מינץ-403,69
"מחלקה הפקולטה למדעי החיים ע""ש מינה ואבררד גודמן",80201-12,א' - 1.00,ג',1000 - 1100,מ.ישראל-505,4
"מחלקה הפקולטה למדעי החיים ע""ש מינה ואבררד גודמן",80201-13,א' - 1.00,א',1600 - 1700,מ.ישראל-605,63
"מחלקה הפקולטה למדעי החיים ע""ש מינה ואבררד גודמן",80201-14,א' - 1.00,א',0900 - 1000,סטודנטים-105,103
"מחלקה הפקולטה למדעי החיים ע""ש מינה ואבררד גודמן",80201-15,א' - 1.00,ג',1000 - 1100,חדר מחלקה,מחלקה
"מחלקה הפקולטה למדעי החיים ע""ש מינה ואבררד גודמן",80201-16,א' - 1.00,א',1600 - 1700,יהדות-404,101
"מחלקה הפקולטה למדעי החיים ע""ש מינה ואבררד גודמן",80201-17,א' - 1.00,א',1000 - 1100,חדר מחלקה,מחלקה
"מחלקה הפקולטה למדעי החיים ע""ש מינה ואבררד גודמן",80202-01,ב' - 4.00,"א',ג'","1200 - 1400
1200 - 1400",משפטים-304,1
"מחלקה הפקולטה למדעי החיים ע""ש מינה ואבררד גודמן",80202-10,ב' - 4.00,"א',ג'","1200 - 1400
1200 - 1400",משפטים-304,1
"מחלקה הפקולטה למדעי החיים ע""ש מינה ואבררד גודמן",80203-01,ב' - 2.00,ג',1000 - 1200,משפטים-304,1
"מחלקה הפקולטה למדעי החיים ע""ש מינה ואבררד גודמן",80203-10,ב' - 2.00,ג',1000 - 1200,משפטים-304,1
"מחלקה הפקולטה למדעי החיים ע""ש מינה ואבררד גודמן",80203-30,ב' - 2.00,ג',1000 - 1200,משפטים-304,1
"מחלקה הפקולטה למדעי החיים ע""ש מינה ואבררד גודמן",80206-01,א' - 2.00,ג',1400 - 1600,משפטים-304,2
"מחלקה הפקולטה למדעי החיים ע""ש מינה ואבררד גודמן",80206-02,א' - 1.00,א',1100 - 1200,סטודנטים-105,3
"מחלקה הפקולטה למדעי החיים ע""ש מינה ואבררד גודמן",80206-03,א' - 1.00,א',1200 - 1300,טרם שובץ,טרם שובץ
"מחלקה הפקולטה למדעי החיים ע""ש מינה ואבררד גודמן",80206-04,א' - 1.00,ה',0900 - 1000,מ.ישראל-604,103
"מחלקה הפקולטה למדעי החיים ע""ש מינה ואבררד גודמן",80206-05,א' - 1.00,ה',0900 - 1000,מ.ישראל-604,103
"מחלקה הפקולטה למדעי החיים ע""ש מינה ואבררד גודמן",80206-06,א' - 1.00,א',1600 - 1700,טרם שובץ,טרם שובץ
"מחלקה הפקולטה למדעי החיים ע""ש מינה ואבררד גודמן",80206-07,א' - 1.00,א',1600 - 1700,טרם שובץ,טרם שובץ
"מחלקה הפקולטה למדעי החיים ע""ש מינה ואבררד גודמן",80206-08,א' - 1.00,א',1100 - 1200,חדר מחלקה,מחלקה
"מחלקה הפקולטה למדעי החיים ע""ש מינה ואבררד גודמן",80206-10,א' - 2.00,ג',1600 - 1800,טבע 211-2,25
"מחלקה הפקולטה למדעי החיים ע""ש מינה ואבררד גודמן",80206-12,א' - 1.00,א',0900 - 1000,מ.ישראל-604,105
"מחלקה הפקולטה למדעי החיים ע""ש מינה ואבררד גודמן",80206-13,א' - 1.00,ג',0900 - 1000,מ.ישראל-604,13
"מחלקה הפקולטה למדעי החיים ע""ש מינה ואבררד גודמן",80206-14,א' - 1.00,ג',1000 - 1100,מ.ישראל-504,3
"מחלקה הפקולטה למדעי החיים ע""ש מינה ואבררד גודמן",80206-15,א' - 1.00,א',1000 - 1100,מ.ישראל-605,13
"מחלקה הפקולטה למדעי החיים ע""ש מינה ואבררד גודמן",80206-16,א' - 1.00,ה',1000 - 1100,חדר מחלקה,מחלקה
"מחלקה הפקולטה למדעי החיים ע""ש מינה ואבררד גודמן",80206-17,א' - 1.00,ג',1000 - 1100,יהדות-403,217
"מחלקה הפקולטה למדעי החיים ע""ש מינה ואבררד גודמן",80206-30,א' - 2.00,ג',1400 - 1600,משפטים-304,2
"מחלקה הפקולטה למדעי החיים ע""ש מינה ואבררד גודמן",80206-31,א' - 1.00,ב',1300 - 1400,יהדות-403,67
"מחלקה הפקולטה למדעי החיים ע""ש מינה ואבררד גודמן",80206-60,א' - 2.00,ג',1600 - 1800,טבע 211-2,25
"מחלקה הפקולטה למדעי החיים ע""ש מינה ואבררד גודמן",80206-61,א' - 1.00,א',1600 - 1700,מ.ישראל-507,1
"מחלקה הפקולטה למדעי החיים ע""ש מינה ואבררד גודמן",80207-01,א' - 2.00,ה',1000 - 1200,טבע-213,4
"מחלקה הפקולטה למדעי החיים ע""ש מינה ואבררד גודמן",80207-02,א' - 1.00,ב',1500 - 1600,מ.ישראל-507,203
"מחלקה הפקולטה למדעי החיים ע""ש מינה ואבררד גודמן",80207-03,א' - 1.00,א',1200 - 1300,מ.ישראל-604,11
"מחלקה הפקולטה למדעי החיים ע""ש מינה ואבררד גודמן",80207-04,א' - 1.00,ה',0900 - 1000,מ.ישראל-504,7
"מחלקה הפקולטה למדעי החיים ע""ש מינה ואבררד גודמן",80207-10,א' - 2.00,ה',1000 - 1200,טבע-213,4
"מחלקה הפקולטה למדעי החיים ע""ש מינה ואבררד גודמן",80207-12,א' - 1.00,ב',1400 - 1500,יהדות-403,67
"מחלקה הפקולטה למדעי החיים ע""ש מינה ואבררד גודמן",80207-13,א' - 1.00,א',1100 - 1200,מ.ישראל-507,101
"מחלקה הפקולטה למדעי החיים ע""ש מינה ואבררד גודמן",80208-01,א' - 3.00,ב',1000 - 1300,מינץ-403,69
"מחלקה הפקולטה למדעי החיים ע""ש מינה ואבררד גודמן",80208-02,א' - 1.00,א',1300 - 1400,מ.ישראל-507,206
"מחלקה הפקולטה למדעי החיים ע""ש מינה ואבררד גודמן",80208-03,א' - 1.00,ג',1100 - 1200,מ.ישראל-507,203
"מחלקה הפקולטה למדעי החיים ע""ש מינה ואבררד גודמן",80208-04,א' - 1.00,ב',1400 - 1500,מ.ישראל-604,63
"מחלקה הפקולטה למדעי החיים ע""ש מינה ואבררד גודמן",80208-05,א' - 1.00,ג',1100 - 1200,מ.ישראל-505,5
"מחלקה הפקולטה למדעי החיים ע""ש מינה ואבררד גודמן",80208-06,א' - 1.00,ה',1000 - 1100,טרם שובץ,טרם שובץ
"מחלקה הפקולטה למדעי החיים ע""ש מינה ואבררד גודמן",80208-07,א' - 1.00,א',1300 - 1400,סטודנטים-105,103
"מחלקה הפקולטה למדעי החיים ע""ש מינה ואבררד גודמן",80208-08,א' - 1.00,ב',1400 - 1500,מ.ישראל-504,6
"מחלקה הפקולטה למדעי החיים ע""ש מינה ואבררד גודמן",80208-09,א' - 1.00,ד',1300 - 1400,מ.ישראל-505,106
"מחלקה הפקולטה למדעי החיים ע""ש מינה ואבררד גודמן",80208-10,א' - 3.00,ב',1000 - 1300,מינץ-403,69
"מחלקה הפקולטה למדעי החיים ע""ש מינה ואבררד גודמן",80208-12,א' - 1.00,א',1000 - 1100,מ.ישראל-604,64
"מחלקה הפקולטה למדעי החיים ע""ש מינה ואבררד גודמן",80208-13,א' - 1.00,ג',1000 - 1100,מ.ישראל-507,105
"מחלקה הפקולטה למדעי החיים ע""ש מינה ואבררד גודמן",80208-14,א' - 1.00,א',1000 - 1100,מ.ישראל-604,14
"מחלקה הפקולטה למדעי החיים ע""ש מינה ואבררד גודמן",80208-15,א' - 1.00,ג',1000 - 1100,מ.ישראל-507,105
"מחלקה הפקולטה למדעי החיים ע""ש מינה ואבררד גודמן",80208-16,א' - 1.00,א',0900 - 1000,מ.ישראל-604,14
"מחלקה הפקולטה למדעי החיים ע""ש מינה ואבררד גודמן",80208-18,א' - 1.00,ג',1000 - 1100,מ.ישראל-507,105
"מחלקה הפקולטה למדעי החיים ע""ש מינה ואבררד גודמן",80208-30,א' - 3.00,ב',1000 - 1300,מינץ-403,69
"מחלקה הפקולטה למדעי החיים ע""ש מינה ואבררד גודמן",80208-31,א' - 1.00,ג',1200 - 1300,טבע 211-2,21
"מחלקה הפקולטה למדעי החיים ע""ש מינה ואבררד גודמן",80208-99,א' - 1.00,ג',1100 - 1200,טבע 211-2,21
"מחלקה הפקולטה למדעי החיים ע""ש מינה ואבררד גודמן",80210-01,ב' - 2.00,א',1000 - 1200,משפטים-304,1
"מחלקה הפקולטה למדעי החיים ע""ש מינה ואבררד גודמן",80210-10,ב' - 2.00,א',1000 - 1200,משפטים-304,1
"מחלקה הפקולטה למדעי החיים ע""ש מינה ואבררד גודמן",80214-01,ב' - 2.00,ד',1400 - 1600,טבע-213,4
"מחלקה הפקולטה למדעי החיים ע""ש מינה ואבררד גודמן",80214-10,ב' - 2.00,ב',1400 - 1600,טבע-213,4
"מחלקה הפקולטה למדעי החיים ע""ש מינה ואבררד גודמן",80214-30,ב' - 2.00,ד',1400 - 1600,טבע-213,4
"מחלקה הפקולטה למדעי החיים ע""ש מינה ואבררד גודמן",80218-30,א' - 2.00,ג',0900 - 1100,מ.ישראל-507,202
"מחלקה הפקולטה למדעי החיים ע""ש מינה ואבררד גודמן",80223-01,ב' - 3.00,"א',ה'","1400 - 1500
1200 - 1400","טבע 211-2
חברה-905","25
62"
"מחלקה הפקולטה למדעי החיים ע""ש מינה ואבררד גודמן",80224-01,א' - 2.00,ג',1400 - 1600,טבע 211-2,25
"מחלקה הפקולטה למדעי החיים ע""ש מינה ואבררד גודמן",80228-02,ב' - 1.00,ד',1600 - 1800,טבע-212,310
"מחלקה הפקולטה למדעי החיים ע""ש מינה ואבררד גודמן",80228-03,ב' - 1.00,ה',1400 - 1600,טבע-212,310
"מחלקה הפקולטה למדעי החיים ע""ש מינה ואבררד גודמן",80228-12,ב' - 1.00,א',1600 - 1800,טבע-212,310
"מחלקה הפקולטה למדעי החיים ע""ש מינה ואבררד גודמן",80231-01,ב' - 3.00,ה',0900 - 1200,"תואר ראשון שנה ב' חובה חד חוגי ודו חוגי  מדעי המוח וכבחירה לדו חוגי. יש חובת נוכחות בכל המפגשים. המעבדה תתקיים ב 212, בחדרים, 01/03/310","תואר ראשון שנה ב' חובה חד חוגי ודו חוגי  מדעי המוח וכבחירה לדו חוגי. יש חובת נוכחות בכל המפגשים. המעבדה תתקיים בבניין 212, בים, 01/03/310"
"מחלקה הפקולטה למדעי החיים ע""ש מינה ואבררד גודמן",80231-02,ב' - 3.00,ד',0900 - 1200,טבע-212,310
"מחלקה הפקולטה למדעי החיים ע""ש מינה ואבררד גודמן",80231-03,ב' - 3.00,ג',1400 - 1700,טבע-212,310
"מחלקה הפקולטה למדעי החיים ע""ש מינה ואבררד גודמן",80231-08,ב' - 3.00,ד',1300 - 1600,טבע-212,310
"מחלקה הפקולטה למדעי החיים ע""ש מינה ואבררד גודמן",80231-09,ב' - 3.00,ד',1200 - 1500,מעבדה,999
"מחלקה הפקולטה למדעי החיים ע""ש מינה ואבררד גודמן",80232-01,א' - 3.00,ג',0900 - 1200,טבע-212,310
"מחלקה הפקולטה למדעי החיים ע""ש מינה ואבררד גודמן",80232-02,א' - 3.00,ג',1600 - 1900,טבע-212,310
"מחלקה הפקולטה למדעי החיים ע""ש מינה ואבררד גודמן",80232-03,א' - 3.00,א',1000 - 1300,טבע-212,310
"מחלקה הפקולטה למדעי החיים ע""ש מינה ואבררד גודמן",80232-09,א' - 3.00,ד',0900 - 1200,טבע-212,310
"מחלקה הפקולטה למדעי החיים ע""ש מינה ואבררד גודמן",80232-12,א' - 3.00,ב',1500 - 1800,טבע-212,310
"מחלקה הפקולטה למדעי החיים ע""ש מינה ואבררד גודמן",80232-13,א' - 3.00,ד',1200 - 1500,מעבדה,999
"מחלקה הפקולטה למדעי החיים ע""ש מינה ואבררד גודמן",80233-01,א' - 1.00,ב',1500 - 1700,טבע-212,1
"מחלקה הפקולטה למדעי החיים ע""ש מינה ואבררד גודמן",80233-04,א' - 1.00,ב',1300 - 1500,טבע-212,1
"מחלקה הפקולטה למדעי החיים ע""ש מינה ואבררד גודמן",80234-01,ב' - 1.00,ד',1300 - 1400,טבע 211-2,25
"מחלקה הפקולטה למדעי החיים ע""ש מינה ואבררד גודמן",80234-10,ב' - 1.00,ב',1300 - 1400,טבע 211-2,25
"מחלקה הפקולטה למדעי החיים ע""ש מינה ואבררד גודמן",80242-01,ב' - 2.00,א',1500 - 1700,טבע-213,4
"מחלקה הפקולטה למדעי החיים ע""ש מינה ואבררד גודמן",80242-02,ב' - 2.00,ה',1000 - 1200,מ.ישראל-505,104
"מחלקה הפקולטה למדעי החיים ע""ש מינה ואבררד גודמן",80242-03,ב' - 2.00,ה',1000 - 1200,מ.ישראל-505,63
"מחלקה הפקולטה למדעי החיים ע""ש מינה ואבררד גודמן",80242-04,ב' - 2.00,ג',1400 - 1600,סטודנטים-102,4
"מחלקה הפקולטה למדעי החיים ע""ש מינה ואבררד גודמן",80242-05,ב' - 2.00,ג',1400 - 1600,מ.ישראל-502,30
"מחלקה הפקולטה למדעי החיים ע""ש מינה ואבררד גודמן",80242-06,ב' - 2.00,ד',1000 - 1200,מ.ישראל-508,7
"מחלקה הפקולטה למדעי החיים ע""ש מינה ואבררד גודמן",80242-07,ב' - 2.00,א',1600 - 1800,סטודנטים-105,61
"מחלקה הפקולטה למדעי החיים ע""ש מינה ואבררד גודמן",80242-08,ב' - 2.00,ג',1400 - 1600,חדר מחלקה,מחלקה
"מחלקה הפקולטה למדעי החיים ע""ש מינה ואבררד גודמן",80242-09,ב' - 2.00,א',1600 - 1800,מ.ישראל-502,25
"מחלקה הפקולטה למדעי החיים ע""ש מינה ואבררד גודמן",80242-10,ב' - 2.00,ג',1400 - 1600,משפטים-304,1
"מחלקה הפקולטה למדעי החיים ע""ש מינה ואבררד גודמן",80242-12,ב' - 2.00,ג',1600 - 1800,מ.ישראל-504,2
"מחלקה הפקולטה למדעי החיים ע""ש מינה ואבררד גודמן",80242-13,ב' - 2.00,ג',1600 - 1800,מ.ישראל-502,26
"מחלקה הפקולטה למדעי החיים ע""ש מינה ואבררד גודמן",80242-14,ב' - 2.00,א',1400 - 1600,מ.ישראל-604,13
"מחלקה הפקולטה למדעי החיים ע""ש מינה ואבררד גודמן",80242-15,ב' - 2.00,ג',1600 - 1800,מ.ישראל-504,2
"מחלקה הפקולטה למדעי החיים ע""ש מינה ואבררד גודמן",80242-16,ב' - 2.00,א',1400 - 1600,מ.ישראל-604,13
"מחלקה הפקולטה למדעי החיים ע""ש מינה ואבררד גודמן",80242-17,ב' - 2.00,א',1400 - 1600,מ.ישראל-505,106
"מחלקה הפקולטה למדעי החיים ע""ש מינה ואבררד גודמן",80242-18,ב' - 2.00,א',1600 - 1800,חדר מחלקה,מחלקה
"מחלקה הפקולטה למדעי החיים ע""ש מינה ואבררד גודמן",80242-30,ב' - 2.00,ג',1600 - 1800,מ.ישראל-507,101
"מחלקה הפקולטה למדעי החיים ע""ש מינה ואבררד גודמן",80242-31,ב' - 2.00,ד',1200 - 1400,מ.ישראל-507,105
"מחלקה הפקולטה למדעי החיים ע""ש מינה ואבררד גודמן",80242-50,ב' - 2.00,ג',1400 - 1600,משפטים-304,1
"מחלקה הפקולטה למדעי החיים ע""ש מינה ואבררד גודמן",80244-01,ב' - 2.00,ד',0900 - 1300,"מיועד לתואר ראשון שנה ב' במדעי חיים חד חוגי בלבד.  חובת בחירה. 2 מתוך 3 מעבדות.לא ניתן לבטל את הרישום. חובת נוכחות בכל המפגשים. 
המפגש יתקיים ב טבע 212 חדרים 001+002","מיועד לתואר ראשון שנה ב' במדעי חיים חד חוגי בלבד.  חובת בחירה. 2 מתוך 3 מעבדות.לא ניתן לבטל את הרישום. חובת נוכחות בכל המפגשים. 
המפגש יתקיים בבניין טבע 212 ים 001+002"
"מחלקה הפקולטה למדעי החיים ע""ש מינה ואבררד גודמן",80244-12,ב' - 2.00,ב',0900 - 1300,טבע-212,1
"מחלקה הפקולטה למדעי החיים ע""ש מינה ואבררד גודמן",80244-13,ב' - 2.00,ה',0900 - 1300,טבע-212,1
"מחלקה הפקולטה למדעי החיים ע""ש מינה ואבררד גודמן",80251-01,א' - 2.00,ג',1500 - 1700,מ.ישראל-505,4
"פרטי קורס : שעות מחלקה
קוד קורס 80300-01
שם קורס באנגלית Departmental Hours
מחלקה הפקולטה למדעי החיים ע""ש מינה ואבררד גודמן
פקולטה מדעי החיים
סוג מפגש ש.מחלקה
מרצה מחלקה מרצי
שעות סמסטר א' - 2.00
סמסטר ב' - 2.00
נ""ז 0.00
הערה
שמור לשעות מחלקה ימי א' ב18:00
יום א'
שעה 18:00 - 20:00
18:00 - 20:00
בניין
חדר מחלקה
חדר
999
אפיונים מודל - אתר מלווה קורס
תאריכי בחינות",80300-01,"א' - 2.00
 ב' - 2.00",א',"1800 - 2000
1800 - 2000",חדר מחלקה,מחלקה
"מחלקה הפקולטה למדעי החיים ע""ש מינה ואבררד גודמן",80301-01,ב' - 2.00,"פרטי קורס  אינטראקציות בין המיקרוב והמאכסן בבריאות ובחול
קוד קורס 80301-01
שם קורס באנגלית host-microbiome interaction in health and disease
מחלקה הפקולטה למדעי החיים ע""ש מינה ואבררד גודמן
פקולטה מדעי החיים
סוג מפגש הרצאה
מרצה פרופ' ניסן יששכר
שעות סמסטר ב' - 2.00
נ""ז 2.00
הערה
קורס בחירה שנה ג' ותארים מתקדמים
 ה'
שעה 0800 - 1000
בניין
טבע 211-2
חדר
25
אפיונים מודל - אתר מלווה קורס
תאריכי בחינות
מועד א' 31/07/2026 0900
מועד ב' 30/08/2026 0900
סילבוס צפייה בסילבוס",0800 - 1000,טבע 211-2,25
"מחלקה הפקולטה למדעי החיים ע""ש מינה ואבררד גודמן",80302-01,ב' - 2.00,ג',1200 - 1400,מ.ישראל-508,7
"מחלקה הפקולטה למדעי החיים ע""ש מינה ואבררד גודמן",80306-01,א' - 2.00,א',1600 - 1800,חברה-902,102
"מחלקה הפקולטה למדעי החיים ע""ש מינה ואבררד גודמן",80308-01,ב' - 2.00,א',1000 - 1200,טבע-213,4
"מחלקה הפקולטה למדעי החיים ע""ש מינה ואבררד גודמן",80309-01,ב' - 2.00,ד',1400 - 1600,יהדות-404,114
"מחלקה הפקולטה למדעי החיים ע""ש מינה ואבררד גודמן",80312-01,א' - 2.00,ב',1000 - 1200,יהדות-402,63
"מחלקה הפקולטה למדעי החיים ע""ש מינה ואבררד גודמן",80318-01,א' - 2.00,ב',1000 - 1200,טבע-213,4
"מחלקה הפקולטה למדעי החיים ע""ש מינה ואבררד גודמן",803204-01,א' - 2.00,ב',0800 - 1000,מינץ-403,69
"מחלקה הפקולטה למדעי החיים ע""ש מינה ואבררד גודמן",803204-30,א' - 2.00,ב',0800 - 1000,מינץ-403,69
"מחלקה הפקולטה למדעי החיים ע""ש מינה ואבררד גודמן",80323-01,"א' - 4.00
 ב' - 2.00",א',1000 - 1200,מ.ישראל-604,104
"מחלקה הפקולטה למדעי החיים ע""ש מינה ואבררד גודמן",803331-01,א' - 2.00,א',1400 - 1600,מ.ישראל-604,11
"מחלקה הפקולטה למדעי החיים ע""ש מינה ואבררד גודמן",803335-01,א' - 2.00,א',1000 - 1200,משפטים-305,134
"מחלקה הפקולטה למדעי החיים ע""ש מינה ואבררד גודמן",803336-01,ב' - 2.00,ג',1600 - 1800,חברה-905,119
"מחלקה הפקולטה למדעי החיים ע""ש מינה ואבררד גודמן",80334-01,ב' - 2.00,א',1400 - 1600,מ.ישראל-507,201
"מחלקה הפקולטה למדעי החיים ע""ש מינה ואבררד גודמן",80338-01,א' - 4.00,"א',ה'","1000 - 1200
1000 - 1200",טבע 211-2,25
"מחלקה הפקולטה למדעי החיים ע""ש מינה ואבררד גודמן",80339-01,"א' - 4.00
 ב' - 3.00",ו',0800 - 1200,מ.ישראל-505,105
"מחלקה הפקולטה למדעי החיים ע""ש מינה ואבררד גודמן",80340-01,ב' - 1.00,א',1200 - 1300,סטודנטים-105,2
"מחלקה הפקולטה למדעי החיים ע""ש מינה ואבררד גודמן",80345-01,א' - 2.00,א',1200 - 1400,טבע-213,4
"מחלקה הפקולטה למדעי החיים ע""ש מינה ואבררד גודמן",80349-01,א' - 2.00,א',1400 - 1600,יהדות-403,2
"מחלקה הפקולטה למדעי החיים ע""ש מינה ואבררד גודמן",80352-01,א' - 4.00,"לא ניתן לבטל את הרישום לקורס.קורס בחירה שנה ג' ותארים מתקדמים. יש חובת נוכחות בכל המפגשים. בימי ב' המרצה היא פרופ' שולה מיכאלי ובימי ה', פרופ' אהוד בנין. 
נלמד ב ב'  עם 80-710-50 בניין חדר  ב ה' נלמד בבנין  כיתה","1000 - 1200
1200 - 1400","לא ניתן לבטל את הרישום לקורס.קורס בחירה שנה ג' ותארים מתקדמים. יש חובת נוכחות בכל המפגשים. בימי ב' המרצה היא פרופ' שולה מיכאלי ובימי ה', פרופ' אהוד בנין. 
נלמד ביום ב'  עם 80-710-50  חדר  ביום ה' נלמד בבנין  כיתה","לא ניתן לבטל את הרישום לקורס.קורס בחירה שנה ג' ותארים מתקדמים. יש חובת נוכחות בכל המפגשים. בימי ב' המרצה היא פרופ' שולה מיכאלי ובימי ה', פרופ' אהוד בנין. 
נלמד ביום ב'  עם 80-710-50 בניין   ביום ה' נלמד בבנין  כיתה"
"מחלקה הפקולטה למדעי החיים ע""ש מינה ואבררד גודמן",80352-02,א' - 4.00,ד',1000 - 1400,טבע-212,1
"מחלקה הפקולטה למדעי החיים ע""ש מינה ואבררד גודמן",80360-01,א' - 2.00,ה',1000 - 1200,טבע-207,1
"מחלקה הפקולטה למדעי החיים ע""ש מינה ואבררד גודמן",80366-01,א' - 2.00,ה',1400 - 1600,טבע-212,"קורס בחירה שנה ג' ותארים מתקדמים. יש חובת נוכחות בכל המפגשים. המעבדה תתקיים בקומה 3 ,  310."
"מחלקה הפקולטה למדעי החיים ע""ש מינה ואבררד גודמן",80367-01,ב' - 2.00,ה',1200 - 1400,יהדות-404,114
"מחלקה הפקולטה למדעי החיים ע""ש מינה ואבררד גודמן",80370-01,ב' - 2.00,ב',1400 - 1600,מ.ישראל-604,102
"מחלקה הפקולטה למדעי החיים ע""ש מינה ואבררד גודמן",80373-01,א' - 2.00,ג',1000 - 1200,סטודנטים-105,104
"מחלקה הפקולטה למדעי החיים ע""ש מינה ואבררד גודמן",80376-01,א' - 2.00,ד',1200 - 1400,יהדות-403,113
"מחלקה הפקולטה למדעי החיים ע""ש מינה ואבררד גודמן",80376-02,א' - 2.00,ה',1000 - 1200,טבע 211-2,17
"מחלקה הפקולטה למדעי החיים ע""ש מינה ואבררד גודמן",80376-03,א' - 2.00,ב',1200 - 1400,טבע 211-2,17
"מחלקה הפקולטה למדעי החיים ע""ש מינה ואבררד גודמן",80376-04,א' - 2.00,ה',1200 - 1400,טבע 211-2,17
"מחלקה הפקולטה למדעי החיים ע""ש מינה ואבררד גודמן",80376-05,א' - 2.00,ד',1000 - 1200,טבע 211-2,17
"מחלקה הפקולטה למדעי החיים ע""ש מינה ואבררד גודמן",80377-01,א' - 2.00,ג',1400 - 1600,טבע-213,4
"מחלקה הפקולטה למדעי החיים ע""ש מינה ואבררד גודמן",80377-10,א' - 2.00,ב',1400 - 1600,טבע-213,4
"מחלקה הפקולטה למדעי החיים ע""ש מינה ואבררד גודמן",80377-30,א' - 2.00,ב',1400 - 1600,טבע-213,4
"מחלקה הפקולטה למדעי החיים ע""ש מינה ואבררד גודמן",80380-01,ב' - 2.00,ד',0800 - 1000,מ.ישראל-505,104
"מחלקה הפקולטה למדעי החיים ע""ש מינה ואבררד גודמן",80385-01,ב' - 2.00,ה',1200 - 1400,טבע-207,1
"מחלקה הפקולטה למדעי החיים ע""ש מינה ואבררד גודמן",80387-01,ב' - 2.00,א',1200 - 1400,יהדות-404,101
"מחלקה הפקולטה למדעי החיים ע""ש מינה ואבררד גודמן",80388-01,ב' - 2.00,א',1400 - 1600,משפטים-304,2
"מחלקה הפקולטה למדעי החיים ע""ש מינה ואבררד גודמן",80392-01,א' - 3.00,א',0900 - 1200,מ.ישראל-507,207
"מחלקה הפקולטה למדעי החיים ע""ש מינה ואבררד גודמן",80392-02,א' - 1.00,א',1400 - 1500,טבע 211-2,17
"מחלקה הפקולטה למדעי החיים ע""ש מינה ואבררד גודמן",80392-03,א' - 1.00,ג',0900 - 1000,נלמד בזום,999
"מחלקה הפקולטה למדעי החיים ע""ש מינה ואבררד גודמן",80399-01,ב' - 2.00,ג',1400 - 1600,מ.ישראל-502,25
"מחלקה הפקולטה למדעי החיים ע""ש מינה ואבררד גודמן",80402-01,ב' - 2.00,ב',1000 - 1200,טבע-213,4
"מחלקה הפקולטה למדעי החיים ע""ש מינה ואבררד גודמן",80403-01,ב' - 2.00,ב',1200 - 1400,מ.ישראל-502,25
"מחלקה הפקולטה למדעי החיים ע""ש מינה ואבררד גודמן",80406-01,ב' - 2.00,ד',0800 - 1000,טבע 211-2,25
"מחלקה הפקולטה למדעי החיים ע""ש מינה ואבררד גודמן",80408-01,א' - 2.00,א',1000 - 1200,מ.ישראל-502,37
"מחלקה הפקולטה למדעי החיים ע""ש מינה ואבררד גודמן",80417-01,ב' - 2.00,א',1400 - 1600,מ.ישראל-502,24
"מחלקה הפקולטה למדעי החיים ע""ש מינה ואבררד גודמן",80426-01,ב' - 2.00,ה',1200 - 1400,מ.ישראל-604,101
"מחלקה הפקולטה למדעי החיים ע""ש מינה ואבררד גודמן",80450-01,ב' - 2.00,ב',1000 - 1200,סטודנטים-105,104
"מחלקה הפקולטה למדעי החיים ע""ש מינה ואבררד גודמן",80452-01,א' - 2.00,ו',0800 - 1000,חברה-902,101
"מחלקה הפקולטה למדעי החיים ע""ש מינה ואבררד גודמן",80470-01,ב' - 2.00,ה',1200 - 1400,חברה-902,210
"מחלקה הפקולטה למדעי החיים ע""ש מינה ואבררד גודמן",80482-01,ב' - 2.00,ב',1200 - 1400,מ.ישראל-504,2
"מחלקה הפקולטה למדעי החיים ע""ש מינה ואבררד גודמן",80490-01,א' - 2.00,ה',1400 - 1600,חברה-902,103
"מחלקה הפקולטה למדעי החיים ע""ש מינה ואבררד גודמן",80492-01,ב' - 2.00,ב',1000 - 1200,מ.ישראל-505,64
"מחלקה הפקולטה למדעי החיים ע""ש מינה ואבררד גודמן",80493-01,ב' - 2.00,ו',0800 - 1000,"ב גונדה  204, חדר סמינריונים קומה 2","בבניין גונדה  204,  סמינריונים קומה 2"
"מחלקה הפקולטה למדעי החיים ע""ש מינה ואבררד גודמן",80496-01,ב' - 2.00,ה',1000 - 1200,חברה-902,104
"מחלקה הפקולטה למדעי החיים ע""ש מינה ואבררד גודמן",805011-01,ב' - 2.00,ג',0800 - 1000,טבע-213,4
"מחלקה הפקולטה למדעי החיים ע""ש מינה ואבררד גודמן",805011-02,ב' - 2.00,ג',1000 - 1200,טבע-213,4
"מחלקה הפקולטה למדעי החיים ע""ש מינה ואבררד גודמן",80501-22,ב' - 2.00,א',1200 - 1400,חדר מחלקה,מחלקה
"מחלקה הפקולטה למדעי החיים ע""ש מינה ואבררד גודמן",80501-23,ב' - 2.00,א',1400 - 1600,חדר מחלקה,מחלקה
"מחלקה הפקולטה למדעי החיים ע""ש מינה ואבררד גודמן",80501-60,ב' - 2.00,א',1200 - 1400,מ.ישראל-507,101
"מחלקה הפקולטה למדעי החיים ע""ש מינה ואבררד גודמן",80501-61,ב' - 2.00,א',1400 - 1600,מ.ישראל-507,3
"מחלקה הפקולטה למדעי החיים ע""ש מינה ואבררד גודמן",80502-01,א' - 3.00,א',1200 - 1500,"חובה לשנה ג' ביוטכנולוגיה. יש חובת נוכחות בכל המפגשים. 
ייתקיים ב 212 קומה 0",1
"מחלקה הפקולטה למדעי החיים ע""ש מינה ואבררד גודמן",80502-02,א' - 3.00,ג',0900 - 1200,"חובת נוכחות בכל המפגשים. 
ייתקיים ב 212 קומה 0",1
"מחלקה הפקולטה למדעי החיים ע""ש מינה ואבררד גודמן",80502-03,א' - 3.00,ג',1200 - 1500,"חובת נוכחות בכל המפגשים. 
ייתקיים ב 212 קומה 0",1
"מחלקה הפקולטה למדעי החיים ע""ש מינה ואבררד גודמן",80503-01,ב' - 2.00,ד',1400 - 1600,סטודנטים-102,2
"מחלקה הפקולטה למדעי החיים ע""ש מינה ואבררד גודמן",80505-01,ב' - 2.00,ג',1200 - 1400,טבע 211-2,25
"מחלקה הפקולטה למדעי החיים ע""ש מינה ואבררד גודמן",80505-02,ב' - 1.00,ג',1400 - 1500,טבע 211-2,25
"מחלקה הפקולטה למדעי החיים ע""ש מינה ואבררד גודמן",805071-01,א' - 2.00,א',1200 - 1400,טבע 211-2,25
"מחלקה הפקולטה למדעי החיים ע""ש מינה ואבררד גודמן",80508-01,ב' - 2.00,א',1600 - 1800,טבע 211-2,25
"מחלקה הפקולטה למדעי החיים ע""ש מינה ואבררד גודמן",80510-01,ב' - 2.00,ה',1600 - 1800,טבע 211-2,25
"מחלקה הפקולטה למדעי החיים ע""ש מינה ואבררד גודמן",80512-01,ב' - 2.00,ה',1200 - 1400,משפטים-305,10
"מחלקה הפקולטה למדעי החיים ע""ש מינה ואבררד גודמן",80512-02,ב' - 2.00,ה',1600 - 1800,סטודנטים-102,2
"מחלקה הפקולטה למדעי החיים ע""ש מינה ואבררד גודמן",80513-01,ב' - 2.00,ד',1000 - 1200,משפטים-304,1
"מחלקה הפקולטה למדעי החיים ע""ש מינה ואבררד גודמן",80513-04,ב' - 2.00,ה',1200 - 1400,טבע 211-2,21
"מחלקה הפקולטה למדעי החיים ע""ש מינה ואבררד גודמן",80513-09,ב' - 2.00,ד',0800 - 1000,טבע 211-2,21
"מחלקה הפקולטה למדעי החיים ע""ש מינה ואבררד גודמן",80513-10,ב' - 2.00,ד',1000 - 1200,משפטים-304,1
"מחלקה הפקולטה למדעי החיים ע""ש מינה ואבררד גודמן",80513-13,ב' - 2.00,ד',0800 - 1000,טבע 211-2,17
"מחלקה הפקולטה למדעי החיים ע""ש מינה ואבררד גודמן",80514-01,א' - 2.00,ה',1200 - 1400,טבע 211-2,25
"מחלקה הפקולטה למדעי החיים ע""ש מינה ואבררד גודמן",80515-01,א' - 3.00,ה',0900 - 1200,סטודנטים-105,1
"מחלקה הפקולטה למדעי החיים ע""ש מינה ואבררד גודמן",80515-09,א' - 2.00,ב',1000 - 1200,"יילמד  בקומת קרקע  212, כמ""ט 21",21
"מחלקה הפקולטה למדעי החיים ע""ש מינה ואבררד גודמן",80515-11,א' - 2.00,ב',0800 - 1000,"יילמד  בקומת קרקע  212, כמ""ט 21",21
"מחלקה הפקולטה למדעי החיים ע""ש מינה ואבררד גודמן",80515-99,א' - 1.00,ג',1300 - 1400,חדר מחלקה,מחלקה
"מחלקה הפקולטה למדעי החיים ע""ש מינה ואבררד גודמן",80519-01,א' - 2.00,ד',1000 - 1200,טבע-213,4
"מחלקה הפקולטה למדעי החיים ע""ש מינה ואבררד גודמן",80521-01,ב' - 2.00,ג',1600 - 1800,טבע-213,4
"מחלקה הפקולטה למדעי החיים ע""ש מינה ואבררד גודמן",80524-01,ב' - 2.00,ה',1000 - 1200,משפטים-304,1
"מחלקה הפקולטה למדעי החיים ע""ש מינה ואבררד גודמן",805321-01,א' - 2.00,ב',1200 - 1400,מ.ישראל-507,4
"מחלקה הפקולטה למדעי החיים ע""ש מינה ואבררד גודמן",80534-01,ב' - 2.00,ג',1200 - 1400,טבע-207,1
"מחלקה הפקולטה למדעי החיים ע""ש מינה ואבררד גודמן",80534-02,ב' - 1.00,ג',1400 - 1500,טבע 211-2,21
"מחלקה הפקולטה למדעי החיים ע""ש מינה ואבררד גודמן",80534-03,ב' - 1.00,ה',1000 - 1100,טבע 211-2,17
"מחלקה הפקולטה למדעי החיים ע""ש מינה ואבררד גודמן",80534-05,ב' - 1.00,ה',0900 - 1000,טבע 211-2,21
"מחלקה הפקולטה למדעי החיים ע""ש מינה ואבררד גודמן",80540-01,א' - 2.00,ד',1000 - 1200,מ.ישראל-502,7
"מחלקה הפקולטה למדעי החיים ע""ש מינה ואבררד גודמן",80541-01,ב' - 2.00,ד',1000 - 1200,מ.ישראל-604,62
"מחלקה הפקולטה למדעי החיים ע""ש מינה ואבררד גודמן",80548-01,א' - 3.00,ב',1600 - 1900,מינץ-403,69
"מחלקה הפקולטה למדעי החיים ע""ש מינה ואבררד גודמן",80548-10,א' - 3.00,ב',1600 - 1900,מינץ-403,69
"מחלקה הפקולטה למדעי החיים ע""ש מינה ואבררד גודמן",80548-30,א' - 3.00,ב',1600 - 1900,מינץ-403,69
"מחלקה הפקולטה למדעי החיים ע""ש מינה ואבררד גודמן",80554-01,א' - 2.00,א',1200 - 1400,מ.ישראל-507,101
"מחלקה הפקולטה למדעי החיים ע""ש מינה ואבררד גודמן",80558-01,ב' - 2.00,ב',1400 - 1600,יהדות-403,67
"מחלקה הפקולטה למדעי החיים ע""ש מינה ואבררד גודמן",80559-01,ב' - 2.00,ה',1200 - 1400,מ.ישראל-507,206
"מחלקה הפקולטה למדעי החיים ע""ש מינה ואבררד גודמן",80560-01,ב' - 2.00,ה',1400 - 1600,טבע-213,4
"מחלקה הפקולטה למדעי החיים ע""ש מינה ואבררד גודמן",80561-01,ב' - 2.00,ד',1200 - 1400,סטודנטים-105,61
"מחלקה הפקולטה למדעי החיים ע""ש מינה ואבררד גודמן",80561-02,ב' - 1.00,ד',1600 - 1700,מ.ישראל-502,30
"מחלקה הפקולטה למדעי החיים ע""ש מינה ואבררד גודמן",80562-01,א' - 2.00,ד',1200 - 1400,מ.ישראל-605,102
"מחלקה הפקולטה למדעי החיים ע""ש מינה ואבררד גודמן",80563-01,ב' - 2.00,ב',1000 - 1200,מ.ישראל-605,101
"מחלקה הפקולטה למדעי החיים ע""ש מינה ואבררד גודמן",80586-01,ב' - 2.00,ה',1400 - 1600,סטודנטים-105,3
"מחלקה הפקולטה למדעי החיים ע""ש מינה ואבררד גודמן",80586-02,ב' - 1.00,ד',0900 - 1000,מ.ישראל-507,206
"מחלקה הפקולטה למדעי החיים ע""ש מינה ואבררד גודמן",80701-01,א' - 2.00,ד',1000 - 1200,טבע 211-2,25
"מחלקה הפקולטה למדעי החיים ע""ש מינה ואבררד גודמן",80702-01,ב' - 2.00,ד',1000 - 1200,טבע-213,4
"מחלקה הפקולטה למדעי החיים ע""ש מינה ואבררד גודמן",80710-51,א' - 2.00,ב',1200 - 1400,מ.ישראל-604,103
"מחלקה הפקולטה למדעי החיים ע""ש מינה ואבררד גודמן",807161-01,א' - 1.00,ג',1800 - 1900,משפטים-304,1
"מחלקה הפקולטה למדעי החיים ע""ש מינה ואבררד גודמן",807161-11,א' - 1.00,ג',1800 - 1900,משפטים-304,1
"מחלקה הפקולטה למדעי החיים ע""ש מינה ואבררד גודמן",807162-01,ב' - 1.00,ג',1800 - 1900,טבע-213,4
"מחלקה הפקולטה למדעי החיים ע""ש מינה ואבררד גודמן",807162-12,ב' - 1.00,ג',1800 - 1900,טבע-213,4
"מחלקה הפקולטה למדעי החיים ע""ש מינה ואבררד גודמן",80717-01,א' - 2.00,ד',1200 - 1400,טבע 211-2,25
"מחלקה הפקולטה למדעי החיים ע""ש מינה ואבררד גודמן",80721-01,א' - 2.00,ד',1400 - 1600,מינץ-403,69
"מחלקה הפקולטה למדעי החיים ע""ש מינה ואבררד גודמן",80723-01,ב' - 2.00,ד',1400 - 1600,מ.ישראל-505,4
"מחלקה הפקולטה למדעי החיים ע""ש מינה ואבררד גודמן",80726-01,ב' - 2.00,ב',1200 - 1400,סטודנטים-105,4
"מחלקה הפקולטה למדעי החיים ע""ש מינה ואבררד גודמן",80727-01,ב' - 2.00,ג',1000 - 1200,מ.ישראל-604,205
"מחלקה הפקולטה למדעי החיים ע""ש מינה ואבררד גודמן",80727-02,ב' - 1.00,ג',1200 - 1300,מ.ישראל-604,205
"מחלקה הפקולטה למדעי החיים ע""ש מינה ואבררד גודמן",80728-01,ב' - 2.00,ה',1200 - 1400,מ.ישראל-604,13
"מחלקה הפקולטה למדעי החיים ע""ש מינה ואבררד גודמן",80770-01,א' - 2.00,ה',1400 - 1600,מ.ישראל-504,6
"מחלקה הפקולטה למדעי החיים ע""ש מינה ואבררד גודמן",80771-01,ב' - 2.00,ד',1400 - 1600,סטודנטים-105,101
"מחלקה הפקולטה למדעי החיים ע""ש מינה ואבררד גודמן",80780-01,ב' - 2.00,ב',1600 - 1800,יהדות-403,113
"מחלקה הפקולטה למדעי החיים ע""ש מינה ואבררד גודמן",80781-01,ב' - 2.00,ו',1000 - 1200,מ.ישראל-505,5
"מחלקה הפקולטה למדעי החיים ע""ש מינה ואבררד גודמן",80782-01,א' - 2.00,ב',1700 - 1900,מ.ישראל-604,63
"מחלקה הפקולטה למדעי החיים ע""ש מינה ואבררד גודמן",80783-01,א' - 2.00,ה',1000 - 1200,מ.ישראל-604,14
"מחלקה הפקולטה למדעי החיים ע""ש מינה ואבררד גודמן",80784-01,ב' - 2.00,ו',0800 - 1000,מ.ישראל-505,64
"מחלקה הפקולטה למדעי החיים ע""ש מינה ואבררד גודמן",80785-01,א' - 2.00,ו',1000 - 1200,מ.ישראל-505,103
"מחלקה הפקולטה למדעי החיים ע""ש מינה ואבררד גודמן",80801-01,א' - 1.00,ב',0900 - 1000,משפטים-305,10
"מחלקה הפקולטה למדעי החיים ע""ש מינה ואבררד גודמן",80843-01,א' - 4.00,ג',0900 - 1300,מ.ישראל-502,26
"מחלקה הפקולטה למדעי החיים ע""ש מינה ואבררד גודמן",808721-01,ב' - 2.00,ב',1400 - 1600,מ.ישראל-505,5
"מחלקה הפקולטה למדעי החיים ע""ש מינה ואבררד גודמן",80873-01,ב' - 4.00,ב',0900 - 1300,טבע-203,226
"מחלקה הפקולטה למדעי החיים ע""ש מינה ואבררד גודמן",809000-01,"א' - 1.00
 ב' - 1.00","פרטי קורס  קולוקו
קוד קורס 809000-01
שם קורס באנגלית Colloquium
מחלקה הפקולטה למדעי החיים ע""ש מינה ואבררד גודמן
פקולטה מדעי החיים
סוג מפגש קולוקו רשות
מרצה מר אהרון כהן
ד""ר עינת זלצקבר
שעות סמסטר א' - 1.00
סמסטר ב' - 1.00
נ""ז 0.00
הערה
סמינר פקולטה חובה להרשם כל שנה
 ד'
שעה 1200 - 1300
1200 - 1300
בניין
טבע-213
חדר
4
אפיונים מודל - אתר מלווה קורס
תאריכי בחינות","1200 - 1300
1200 - 1300",טבע-213,4
"מחלקה הפקולטה למדעי החיים ע""ש מינה ואבררד גודמן",80904-01,א' - 1.00,ה',1000 - 1100,חברה-902,102
"מחלקה הפקולטה למדעי החיים ע""ש מינה ואבררד גודמן",80905-01,א' - 1.00,א',1000 - 1100,מ.ישראל-505,62
"מחלקה הפקולטה למדעי החיים ע""ש מינה ואבררד גודמן",80906-01,א' - 1.00,ג',1100 - 1200,מ.ישראל-505,62
"מחלקה הפקולטה למדעי החיים ע""ש מינה ואבררד גודמן",80912-01,א' - 1.00,ו',1000 - 1100,טרם שובץ,טרם שובץ
"מחלקה הפקולטה למדעי החיים ע""ש מינה ואבררד גודמן",80915-01,ב' - 1.00,ה',1600 - 1700,חברה-902,101
"מחלקה הפקולטה למדעי החיים ע""ש מינה ואבררד גודמן",80916-01,ב' - 2.00,ב',1100 - 1200,חברה-902,210
"מחלקה הפקולטה למדעי החיים ע""ש מינה ואבררד גודמן",80919-01,א' - 1.00,ג',1100 - 1200,סטודנטים-105,102
"מחלקה הפקולטה למדעי החיים ע""ש מינה ואבררד גודמן",80922-01,א' - 1.00,ה',1200 - 1300,מ.ישראל-502,25
"מחלקה הפקולטה למדעי החיים ע""ש מינה ואבררד גודמן",80925-01,א' - 1.00,ה',1600 - 1700,חברה-902,104
"מחלקה הפקולטה למדעי החיים ע""ש מינה ואבררד גודמן",80927-01,א' - 1.00,א',1400 - 1500,טרם שובץ,טרם שובץ
"מחלקה הפקולטה למדעי החיים ע""ש מינה ואבררד גודמן",80928-01,א' - 1.00,"סמינריון לתארים מתקדמים. נושא הסמינריון אינטראקציות בין המיקרוב למאחסן, בבריאות ובחולי.",1100 - 1200,חברה-902,101
"מחלקה הפקולטה למדעי החיים ע""ש מינה ואבררד גודמן",80930-01,א' - 1.00,ו',1000 - 1100,"סמנריון לתארים מתקדמים
הסימנריון יתקיים ב גונדה  204, חדר סמינריונים קומה 2","סמנריון לתארים מתקדמים
הסימנריון יתקיים בבניין גונדה  204,  סמינריונים קומה 2"
"מחלקה הפקולטה למדעי החיים ע""ש מינה ואבררד גודמן",80931-01,א' - 1.00,ו',1000 - 1100,חברה-902,102
"מחלקה הפקולטה למדעי החיים ע""ש מינה ואבררד גודמן",80933-01,ב' - 1.00,ה',0900 - 1000,חברה-905,116
"מחלקה הפקולטה למדעי החיים ע""ש מינה ואבררד גודמן",80936-01,א' - 1.00,ו',1000 - 1100,חברה-902,101
"מחלקה הפקולטה למדעי החיים ע""ש מינה ואבררד גודמן",80940-01,א' - 1.00,ו',1000 - 1100,חברה-902,103
"מחלקה הפקולטה למדעי החיים ע""ש מינה ואבררד גודמן",80942-01,א' - 1.00,ב',1100 - 1200,חברה-902,104
"מחלקה הפקולטה למדעי החיים ע""ש מינה ואבררד גודמן",80947-01,א' - 1.00,ו',1000 - 1100,חברה-902,104
"מחלקה הפקולטה למדעי החיים ע""ש מינה ואבררד גודמן",80948-01,ב' - 1.00,ה',1400 - 1500,חברה-902,102
"מחלקה הפקולטה למדעי החיים ע""ש מינה ואבררד גודמן",80952-01,א' - 1.00,ב',1600 - 1700,חברה-902,210
"מחלקה הפקולטה למדעי החיים ע""ש מינה ואבררד גודמן",80953-01,ב' - 2.00,ג',1400 - 1600,טבע-203,"מיועד למסלול תואר שני ללא תיזה. הסמינריון יתקיים ב סמינרים בנין 212-2, קומה 2  212"
"מחלקה הפקולטה למדעי החיים ע""ש מינה ואבררד גודמן",80957-01,א' - 1.00,ד',1400 - 1500,מ.ישראל-502,24
"מחלקה הפקולטה למדעי החיים ע""ש מינה ואבררד גודמן",80958-01,א' - 1.00,ד',1600 - 1700,מ.ישראל-605,105
"מחלקה הפקולטה למדעי החיים ע""ש מינה ואבררד גודמן",80959-01,א' - 1.00,א',1100 - 1200,חדר מחלקה,מחלקה
"מחלקה הפקולטה למדעי החיים ע""ש מינה ואבררד גודמן",80961-01,א' - 2.00,ב',1200 - 1400,מ.ישראל-504,2
"מחלקה הפקולטה למדעי החיים ע""ש מינה ואבררד גודמן",80962-01,ב' - 2.00,א',1600 - 1800,חברה-902,210
"מחלקה הפקולטה למדעי החיים ע""ש מינה ואבררד גודמן",80962-02,א' - 2.00,ב',1600 - 1800,מ.ישראל-507,2
"מחלקה הפקולטה למדעי החיים ע""ש מינה ואבררד גודמן",80962-04,ב' - 2.00,א',1600 - 1800,חברה-902,101
"מחלקה הפקולטה למדעי החיים ע""ש מינה ואבררד גודמן",80963-01,א' - 2.00,א',1600 - 1800,מ.ישראל-502,24
"מחלקה הפקולטה למדעי החיים ע""ש מינה ואבררד גודמן",80965-01,ב' - 3.00,ה',0900 - 1200,מ.ישראל-505,3
"מחלקה הפקולטה למדעי החיים ע""ש מינה ואבררד גודמן",80965-02,ב' - 2.00,א',1000 - 1200,מ.ישראל-505,5
"מחלקה הפקולטה למדעי החיים ע""ש מינה ואבררד גודמן",80969-01,ב' - 2.00,ב',1500 - 1700,מ.ישראל-507,101
"מחלקה הפקולטה למדעי החיים ע""ש מינה ואבררד גודמן",80972-01,א' - 2.00,ה',1400 - 1600,מ.ישראל-604,63
"מחלקה הפקולטה למדעי החיים ע""ש מינה ואבררד גודמן",80976-01,ב' - 2.00,ד',1000 - 1200,מ.ישראל-505,104
"מחלקה הפקולטה למדעי החיים ע""ש מינה ואבררד גודמן",80977-01,ב' - 2.00,ה',1400 - 1600,מ.ישראל-604,103
"מחלקה הפקולטה למדעי החיים ע""ש מינה ואבררד גודמן",80978-01,ב' - 2.00,ה',1400 - 1600,מ.ישראל-505,106
"מחלקה הפקולטה למדעי החיים ע""ש מינה ואבררד גודמן",80979-01,ב' - 2.00,ה',1000 - 1200,מ.ישראל-505,106
"מחלקה הפקולטה למדעי החיים ע""ש מינה ואבררד גודמן",80980-01,א' - 2.00,ה',1400 - 1600,מ.ישראל-507,101
"מחלקה הפקולטה למדעי החיים ע""ש מינה ואבררד גודמן",80981-01,א' - 2.00,ה',1600 - 1800,מ.ישראל-505,105
"מחלקה הפקולטה למדעי החיים ע""ש מינה ואבררד גודמן",80983-01,ב' - 2.00,ה',1200 - 1400,מ.ישראל-505,106
"מחלקה הפקולטה למדעי החיים ע""ש מינה ואבררד גודמן",80985-01,ב' - 2.00,ה',1600 - 1800,נלמד בזום,999
"מחלקה הפקולטה למדעי החיים ע""ש מינה ואבררד גודמן",80988-01,"א' - 2.00
 ב' - 2.00",ה',"0800 - 1000
0800 - 1000",מ.ישראל-505,106
"מחלקה הפקולטה למדעי החיים ע""ש מינה ואבררד גודמן",80989-01,"א' - 2.00
 ב' - 2.00",ה',"1600 - 1800
1600 - 1800","מ.ישראל-505
מ.ישראל-504","106
1"
"מחלקה הפקולטה למדעי החיים ע""ש מינה ואבררד גודמן",80989-02,"א' - 2.00
 ב' - 2.00",ה',1600 - 1800,מ.ישראל-504,2
"מחלקה הפקולטה למדעי החיים ע""ש מינה ואבררד גודמן",80990-01,"א' - 2.00
 ב' - 2.00",ה',"0800 - 1000
0800 - 1000",מ.ישראל-505,"64
63"
"מחלקה הפקולטה למדעי החיים ע""ש מינה ואבררד גודמן",80991-01,א' - 2.00,ה',1800 - 2000,נלמד בזום,999
"מחלקה הפקולטה למדעי החיים ע""ש מינה ואבררד גודמן",80992-01,א' - 2.00,ה',1200 - 1400,מ.ישראל-507,2
"מחלקה הפקולטה למדעי החיים ע""ש מינה ואבררד גודמן",809922-01,פרטי קורס : מודלים מתקדמים בסטטיסטיקה- ב',ה',1200 - 1400,מ.ישראל-507,2
"מחלקה הפקולטה למדעי החיים ע""ש מינה ואבררד גודמן",80994-01,א' - 1.00,ה',1200 - 1300,מ.ישראל-502,26
"מחלקה הפקולטה למדעי החיים ע""ש מינה ואבררד גודמן",80995-01,ב' - 2.00,א',1600 - 1800,חברה-902,102
"פרטי קורס : שעות מחלקה - שנה א'
קוד קורס 82001-01
שם קורס באנגלית *
מחלקה ביה""ס לאופטומטריה ומדעי הראייה
פקולטה מדעי החיים
סוג מפגש ש.מחלקה
מרצה
שעות סמסטר א' - 2.00
סמסטר ב' - 2.00
נ""ז 0.00
הערה
יום ה',ג'
שעה 08:00 - 10:00
16:00 - 18:00
בניין
חדר מחלקה
חדר
999
אפיונים
תאריכי בחינות",82001-01,"א' - 2.00
 ב' - 2.00","ה',ג'","0800 - 1000
1600 - 1800",חדר מחלקה,מחלקה
"פרטי קורס : שעות מחלקה - שנה ב'
קוד קורס 82002-01
שם קורס באנגלית *
מחלקה ביה""ס לאופטומטריה ומדעי הראייה
פקולטה מדעי החיים
סוג מפגש ש.מחלקה
מרצה
שעות סמסטר א' - 2.00
סמסטר ב' - 2.00
נ""ז 0.00
הערה
יום ב'
שעה 14:00 - 16:00
בניין
חדר מחלקה
חדר
999
אפיונים מודל - אתר מלווה קורס
תאריכי בחינות",82002-01,"א' - 2.00
 ב' - 2.00",ב',1400 - 1600,חדר מחלקה,מחלקה
"פרטי קורס : שעות מחלקה - שנה ג'
קוד קורס 82003-01
שם קורס באנגלית *
מחלקה ביה""ס לאופטומטריה ומדעי הראייה
פקולטה מדעי החיים
סוג מפגש ש.מחלקה
מרצה
שעות סמסטר א' - 2.00
סמסטר ב' - 2.00
נ""ז 0.00
הערה
יום א'
שעה 14:00 - 16:00
10:00 - 12:00
בניין
חדר מחלקה
חדר
999
אפיונים מודל - אתר מלווה קורס
תאריכי בחינות",82003-01,"א' - 2.00
 ב' - 2.00",א',"1400 - 1600
1000 - 1200",חדר מחלקה,מחלקה
"פרטי קורס : שעות מחלקה - שנה ד'
קוד קורס 82004-01
שם קורס באנגלית *
מחלקה ביה""ס לאופטומטריה ומדעי הראייה
פקולטה מדעי החיים
סוג מפגש ש.מחלקה
מרצה
שעות סמסטר א' - 2.00
סמסטר ב' - 2.00
נ""ז 0.00
הערה
יום א'
שעה 13:00 - 15:00
12:00 - 14:00
בניין
חדר מחלקה
חדר
999
אפיונים מודל - אתר מלווה קורס
תאריכי בחינות",82004-01,"א' - 2.00
 ב' - 2.00",א',"1300 - 1500
1200 - 1400",חדר מחלקה,מחלקה
"מחלקה ביה""ס לאופטומטריה ומדעי הראייה",82101-01,א' - 2.00,ד',0800 - 1000,משפטים-305,134
"מחלקה ביה""ס לאופטומטריה ומדעי הראייה",82104-01,א' - 3.00,א',1000 - 1300,סטודנטים-105,103
"מחלקה ביה""ס לאופטומטריה ומדעי הראייה",82104-02,א' - 2.00,ה',1000 - 1200,סטודנטים-105,104
"מחלקה ביה""ס לאופטומטריה ומדעי הראייה",82105-01,ב' - 3.00,"א',ג'","1000 - 1100
1000 - 1200",סטודנטים-105,"101
105"
"מחלקה ביה""ס לאופטומטריה ומדעי הראייה",82105-02,ב' - 2.00,א',1100 - 1300,סטודנטים-105,101
"מחלקה ביה""ס לאופטומטריה ומדעי הראייה",82106-01,ב' - 2.00,א',0800 - 1000,מעבדה,999
"מחלקה ביה""ס לאופטומטריה ומדעי הראייה",82106-02,ב' - 2.00,א',0800 - 1000,מעבדה,999
"מחלקה ביה""ס לאופטומטריה ומדעי הראייה",82106-03,ב' - 2.00,א',1600 - 1800,מעבדה,999
"מחלקה ביה""ס לאופטומטריה ומדעי הראייה",82107-01,א' - 2.00,א',1300 - 1500,סטודנטים-105,101
"מחלקה ביה""ס לאופטומטריה ומדעי הראייה",82107-02,א' - 2.00,א',0800 - 1000,סטודנטים-105,102
"מחלקה ביה""ס לאופטומטריה ומדעי הראייה",82113-01,ב' - 4.00,ג',1200 - 1600,סטודנטים-105,101
"מחלקה ביה""ס לאופטומטריה ומדעי הראייה",82115-01,א' - 2.00,א',1500 - 1700,סטודנטים-105,101
"מחלקה ביה""ס לאופטומטריה ומדעי הראייה",82116-01,א' - 4.00,ד',1300 - 1700,סטודנטים-105,1
"מחלקה ביה""ס לאופטומטריה ומדעי הראייה",82116-02,א' - 1.00,ד',1700 - 1800,סטודנטים-105,1
"מחלקה ביה""ס לאופטומטריה ומדעי הראייה",82117-01,ב' - 4.00,ה',0800 - 1200,סטודנטים-105,101
"מחלקה ביה""ס לאופטומטריה ומדעי הראייה",82118-01,"א' - 2.00
 ב' - 2.00","ד',ה'","1000 - 1200
1500 - 1700",סטודנטים-105,101
"מחלקה ביה""ס לאופטומטריה ומדעי הראייה",82118-02,"א' - 1.00
 ב' - 1.00","ד',א'","1200 - 1300
1300 - 1400",סטודנטים-105,101
"מחלקה ביה""ס לאופטומטריה ומדעי הראייה",82118-03,ב' - 2.00,א',1400 - 1600,מעבדה,999
"מחלקה ביה""ס לאופטומטריה ומדעי הראייה",82118-04,ב' - 2.00,ג',0800 - 1000,מעבדה,999
"מחלקה ביה""ס לאופטומטריה ומדעי הראייה",82125-01,א' - 2.00,ה',1200 - 1400,משפטים-304,3
"מחלקה ביה""ס לאופטומטריה ומדעי הראייה",82126-01,ב' - 3.00,ה',1200 - 1500,משפטים-304,3
"מחלקה ביה""ס לאופטומטריה ומדעי הראייה",82204-01,א' - 3.00,ג',1600 - 1900,משפטים-305,6
"מחלקה ביה""ס לאופטומטריה ומדעי הראייה",82205-01,ב' - 3.00,ג',0800 - 1100,סטודנטים-105,61
"מחלקה ביה""ס לאופטומטריה ומדעי הראייה",82206-01,ב' - 2.00,ד',0900 - 1100,סטודנטים-105,101
"מחלקה ביה""ס לאופטומטריה ומדעי הראייה",82211-01,א' - 3.00,ה',1200 - 1500,סטודנטים-105,101
"מחלקה ביה""ס לאופטומטריה ומדעי הראייה",82212-01,"א' - 3.00
 ב' - 3.00",ג',"0900 - 1200
1100 - 1400","סטודנטים-105
משפטים-304","2
3"
"מחלקה ביה""ס לאופטומטריה ומדעי הראייה",82213-01,ב' - 3.00,ה',1200 - 1500,סטודנטים-105,101
"מחלקה ביה""ס לאופטומטריה ומדעי הראייה",82214-01,א' - 2.00,ד',1200 - 1400,סטודנטים-105,102
"מחלקה ביה""ס לאופטומטריה ומדעי הראייה",82214-02,א' - 3.00,א',1100 - 1400,מעבדה,999
"מחלקה ביה""ס לאופטומטריה ומדעי הראייה",82214-03,א' - 3.00,א',1400 - 1700,מעבדה,999
"מחלקה ביה""ס לאופטומטריה ומדעי הראייה",82214-04,א' - 3.00,א',1700 - 2000,מעבדה,999
"מחלקה ביה""ס לאופטומטריה ומדעי הראייה",82214-05,א' - 3.00,ד',1400 - 1700,מעבדה,999
"מחלקה ביה""ס לאופטומטריה ומדעי הראייה",82214-06,א' - 3.00,ד',1700 - 2000,מעבדה,999
"מחלקה ביה""ס לאופטומטריה ומדעי הראייה",82215-02,ב' - 3.00,א',1100 - 1400,מעבדה,999
"מחלקה ביה""ס לאופטומטריה ומדעי הראייה",82215-03,ב' - 3.00,א',1400 - 1700,מעבדה,999
"מחלקה ביה""ס לאופטומטריה ומדעי הראייה",82215-04,ב' - 3.00,א',1700 - 2000,מעבדה,999
"מחלקה ביה""ס לאופטומטריה ומדעי הראייה",82215-05,ב' - 3.00,ד',1300 - 1600,מעבדה,999
"מחלקה ביה""ס לאופטומטריה ומדעי הראייה",82215-06,ב' - 3.00,ד',1600 - 1900,מעבדה,999
"מחלקה ביה""ס לאופטומטריה ומדעי הראייה",82216-01,א' - 2.00,ד',1000 - 1200,סטודנטים-105,61
"מחלקה ביה""ס לאופטומטריה ומדעי הראייה",82217-01,ב' - 2.00,ה',1000 - 1200,משפטים-304,3
"מחלקה ביה""ס לאופטומטריה ומדעי הראייה",82219-01,ב' - 2.00,ד',1100 - 1300,סטודנטים-105,101
"מחלקה ביה""ס לאופטומטריה ומדעי הראייה",82223-01,ב' - 2.00,ה',1500 - 1700,סטודנטים-105,102
"מחלקה ביה""ס לאופטומטריה ומדעי הראייה",82225-01,ב' - 2.00,ה',0800 - 1000,משפטים-304,3
"מחלקה ביה""ס לאופטומטריה ומדעי הראייה",82227-01,א' - 4.00,ג',1200 - 1600,סטודנטים-105,101
"מחלקה ביה""ס לאופטומטריה ומדעי הראייה",82230-01,א' - 4.00,ה',0800 - 1200,משפטים-304,3
"מחלקה ביה""ס לאופטומטריה ומדעי הראייה",82231-01,ב' - 4.00,ג',1400 - 1800,סטודנטים-105,102
"מחלקה ביה""ס לאופטומטריה ומדעי הראייה",82232-01,א' - 3.00,א',0800 - 1100,מרפאה אופטומטריה,999
"מחלקה ביה""ס לאופטומטריה ומדעי הראייה",82232-02,א' - 3.00,א',1100 - 1400,מרפאה אופטומטריה,999
"מחלקה ביה""ס לאופטומטריה ומדעי הראייה",82232-03,א' - 3.00,א',1100 - 1400,מרפאה אופטומטריה,999
"מחלקה ביה""ס לאופטומטריה ומדעי הראייה",82232-04,א' - 3.00,א',1400 - 1700,מרפאה אופטומטריה,999
"מחלקה ביה""ס לאופטומטריה ומדעי הראייה",82232-05,א' - 3.00,ב',0800 - 1100,מרפאה אופטומטריה,999
"מחלקה ביה""ס לאופטומטריה ומדעי הראייה",82232-06,א' - 3.00,ב',1100 - 1400,מרפאה אופטומטריה,999
"מחלקה ביה""ס לאופטומטריה ומדעי הראייה",82233-01,ב' - 3.00,א',0800 - 1100,מרפאה אופטומטריה,999
"מחלקה ביה""ס לאופטומטריה ומדעי הראייה",82233-02,ב' - 3.00,א',1100 - 1400,מרפאה אופטומטריה,999
"מחלקה ביה""ס לאופטומטריה ומדעי הראייה",82233-03,ב' - 3.00,א',1100 - 1400,מרפאה אופטומטריה,999
"מחלקה ביה""ס לאופטומטריה ומדעי הראייה",82233-04,ב' - 3.00,א',1400 - 1700,מרפאה אופטומטריה,999
"מחלקה ביה""ס לאופטומטריה ומדעי הראייה",82233-05,ב' - 3.00,ב',0800 - 1100,מרפאה אופטומטריה,999
"מחלקה ביה""ס לאופטומטריה ומדעי הראייה",82233-06,ב' - 3.00,ב',1100 - 1400,מרפאה אופטומטריה,999
"מחלקה ביה""ס לאופטומטריה ומדעי הראייה",82304-01,"א' - 2.00
 ב' - 2.00",ב',"0800 - 1000
1200 - 1400","משפטים-304
סטודנטים-105","3
102"
"מחלקה ביה""ס לאופטומטריה ומדעי הראייה",82304-02,א' - 2.00,ד',1200 - 1400,מרפאה אופטומטריה,999
"מחלקה ביה""ס לאופטומטריה ומדעי הראייה",82304-03,א' - 2.00,ד',1200 - 1400,מרפאה אופטומטריה,999
"מחלקה ביה""ס לאופטומטריה ומדעי הראייה",82304-04,א' - 2.00,ד',1200 - 1400,מרפאה אופטומטריה,999
"מחלקה ביה""ס לאופטומטריה ומדעי הראייה",82304-05,א' - 2.00,ד',1200 - 1400,מרפאה אופטומטריה,999
"מחלקה ביה""ס לאופטומטריה ומדעי הראייה",82304-06,א' - 2.00,ה',1400 - 1600,מרפאה אופטומטריה,999
"מחלקה ביה""ס לאופטומטריה ומדעי הראייה",82304-07,א' - 2.00,ה',1400 - 1600,מרפאה אופטומטריה,999
"מחלקה ביה""ס לאופטומטריה ומדעי הראייה",82304-08,א' - 2.00,ה',1400 - 1600,מרפאה אופטומטריה,999
"מחלקה ביה""ס לאופטומטריה ומדעי הראייה",82304-09,א' - 2.00,ה',1400 - 1600,מרפאה אופטומטריה,999
"מחלקה ביה""ס לאופטומטריה ומדעי הראייה",82305-01,ב' - 2.00,א',1200 - 1400,משפטים-304,3
"מחלקה ביה""ס לאופטומטריה ומדעי הראייה",82305-02,ב' - 2.00,ד',1200 - 1400,מרפאה אופטומטריה,999
"מחלקה ביה""ס לאופטומטריה ומדעי הראייה",82305-03,ב' - 2.00,ד',1200 - 1400,מרפאה אופטומטריה,999
"מחלקה ביה""ס לאופטומטריה ומדעי הראייה",82305-04,ב' - 2.00,ד',1200 - 1400,מרפאה אופטומטריה,999
"מחלקה ביה""ס לאופטומטריה ומדעי הראייה",82305-05,ב' - 2.00,ד',1200 - 1400,מרפאה אופטומטריה,999
"מחלקה ביה""ס לאופטומטריה ומדעי הראייה",82305-06,ב' - 2.00,ה',1400 - 1600,מרפאה אופטומטריה,999
"מחלקה ביה""ס לאופטומטריה ומדעי הראייה",82305-07,ב' - 2.00,ה',1400 - 1600,מרפאה אופטומטריה,999
"מחלקה ביה""ס לאופטומטריה ומדעי הראייה",82305-08,ב' - 2.00,ה',1400 - 1600,מרפאה אופטומטריה,999
"מחלקה ביה""ס לאופטומטריה ומדעי הראייה",82305-09,ב' - 2.00,ה',1400 - 1600,מרפאה אופטומטריה,999
"מחלקה ביה""ס לאופטומטריה ומדעי הראייה",82306-01,ב' - 2.00,ב',1400 - 1600,משפטים-304,3
"מחלקה ביה""ס לאופטומטריה ומדעי הראייה",82311-01,א' - 2.00,ב',1200 - 1400,משפטים-304,3
"מחלקה ביה""ס לאופטומטריה ומדעי הראייה",82312-01,א' - 2.00,ב',1000 - 1200,משפטים-304,3
"מחלקה ביה""ס לאופטומטריה ומדעי הראייה",82318-01,"א' - 2.00
 ב' - 2.00",ב',"1600 - 1800
0800 - 1000",משפטים-304,3
"מחלקה ביה""ס לאופטומטריה ומדעי הראייה",82320-01,א' - 2.00,א',1200 - 1400,משפטים-304,3
"מחלקה ביה""ס לאופטומטריה ומדעי הראייה",82330-01,א' - 2.00,א',1000 - 1200,משפטים-304,3
"מחלקה ביה""ס לאופטומטריה ומדעי הראייה",82331-01,ב' - 2.00,ב',1600 - 1800,משפטים-304,3
"מחלקה ביה""ס לאופטומטריה ומדעי הראייה",82332-01,א' - 2.00,א',0800 - 1000,משפטים-304,3
"מחלקה ביה""ס לאופטומטריה ומדעי הראייה",82338-01,ב' - 2.00,א',1400 - 1600,מעבדה,999
"מחלקה ביה""ס לאופטומטריה ומדעי הראייה",82343-01,ב' - 2.00,א',1600 - 1800,מעבדה,999
"מחלקה ביה""ס לאופטומטריה ומדעי הראייה",82343-02,ב' - 2.00,ג',1400 - 1600,מעבדה,999
"מחלקה ביה""ס לאופטומטריה ומדעי הראייה",82343-03,ב' - 2.00,א',1800 - 2000,מעבדה,999
"מחלקה ביה""ס לאופטומטריה ומדעי הראייה",82350-01,א' - 2.00,ב',1400 - 1600,משפטים-304,3
"מחלקה ביה""ס לאופטומטריה ומדעי הראייה",82351-01,ב' - 2.00,ב',1000 - 1200,משפטים-304,3
"מחלקה ביה""ס לאופטומטריה ומדעי הראייה",82352-01,א' - 6.00,ג',0800 - 1400,מרפאה אופטומטריה,999
"מחלקה ביה""ס לאופטומטריה ומדעי הראייה",82352-02,א' - 6.00,ג',0800 - 1400,מרפאה אופטומטריה,999
"מחלקה ביה""ס לאופטומטריה ומדעי הראייה",82352-03,א' - 6.00,ג',1300 - 1900,מרפאה אופטומטריה,999
"מחלקה ביה""ס לאופטומטריה ומדעי הראייה",82352-04,א' - 6.00,ד',0800 - 1400,מרפאה אופטומטריה,999
"מחלקה ביה""ס לאופטומטריה ומדעי הראייה",82352-05,א' - 6.00,ד',0800 - 1400,מרפאה אופטומטריה,999
"מחלקה ביה""ס לאופטומטריה ומדעי הראייה",82352-06,א' - 6.00,ד',1300 - 1900,מרפאה אופטומטריה,999
"מחלקה ביה""ס לאופטומטריה ומדעי הראייה",82352-07,א' - 6.00,ה',0800 - 1400,מרפאה אופטומטריה,999
"מחלקה ביה""ס לאופטומטריה ומדעי הראייה",82352-08,א' - 6.00,ה',1000 - 1600,מרפאה אופטומטריה,999
"מחלקה ביה""ס לאופטומטריה ומדעי הראייה",82353-01,ב' - 6.00,ג',0800 - 1400,מרפאה אופטומטריה,999
"מחלקה ביה""ס לאופטומטריה ומדעי הראייה",82353-02,ב' - 6.00,ג',0800 - 1400,מרפאה אופטומטריה,999
"מחלקה ביה""ס לאופטומטריה ומדעי הראייה",82353-03,ב' - 6.00,ג',1300 - 1900,מרפאה אופטומטריה,999
"מחלקה ביה""ס לאופטומטריה ומדעי הראייה",82353-04,ב' - 6.00,ד',0800 - 1400,מרפאה אופטומטריה,999
"מחלקה ביה""ס לאופטומטריה ומדעי הראייה",82353-05,ב' - 6.00,ד',0800 - 1400,מרפאה אופטומטריה,999
"מחלקה ביה""ס לאופטומטריה ומדעי הראייה",82353-06,ב' - 6.00,ד',1300 - 1900,מרפאה אופטומטריה,999
"מחלקה ביה""ס לאופטומטריה ומדעי הראייה",82353-07,ב' - 6.00,ה',0800 - 1400,מרפאה אופטומטריה,999
"מחלקה ביה""ס לאופטומטריה ומדעי הראייה",82353-08,ב' - 6.00,ה',1000 - 1600,מרפאה אופטומטריה,999
"מחלקה ביה""ס לאופטומטריה ומדעי הראייה",82403-01,"א' - 2.00
 ב' - 2.00",א',"1500 - 1700
1400 - 1600",משפטים-304,3
"מחלקה ביה""ס לאופטומטריה ומדעי הראייה",82403-02,"א' - 3.00
 ב' - 3.00",ד',"1400 - 1700
1400 - 1700",מרפאה אופטומטריה,999
"מחלקה ביה""ס לאופטומטריה ומדעי הראייה",82403-03,"א' - 3.00
 ב' - 3.00",ד',"1700 - 2000
1700 - 2000",מרפאה אופטומטריה,999
"מחלקה ביה""ס לאופטומטריה ומדעי הראייה",82403-04,"א' - 3.00
 ב' - 3.00",ה',"0800 - 1100
0800 - 1100",מרפאה אופטומטריה,999
"מחלקה ביה""ס לאופטומטריה ומדעי הראייה",82403-05,"א' - 3.00
 ב' - 3.00",ה',"1100 - 1400
1100 - 1400",מרפאה אופטומטריה,999
"מחלקה ביה""ס לאופטומטריה ומדעי הראייה",82408-01,ב' - 2.00,ד',1000 - 1200,משפטים-304,3
"מחלקה ביה""ס לאופטומטריה ומדעי הראייה",82413-01,ב' - 2.00,ד',0800 - 1000,משפטים-304,3
"מחלקה ביה""ס לאופטומטריה ומדעי הראייה",82420-01,א' - 4.00,ד',0800 - 1200,משפטים-304,3
"מחלקה ביה""ס לאופטומטריה ומדעי הראייה",82423-01,א' - 2.00,א',1100 - 1300,סטודנטים-105,101
"מחלקה ביה""ס לאופטומטריה ומדעי הראייה",82424-01,א' - 2.00,ד',1200 - 1400,משפטים-304,3
"מחלקה ביה""ס לאופטומטריה ומדעי הראייה",82425-01,ב' - 2.00,ד',1200 - 1400,משפטים-304,3
"מחלקה ביה""ס לאופטומטריה ומדעי הראייה",82430-01,א' - 2.00,ב',1400 - 1600,מעבדה,999
"מחלקה ביה""ס לאופטומטריה ומדעי הראייה",82430-02,א' - 2.00,ב',1600 - 1800,מעבדה,999
"מחלקה ביה""ס לאופטומטריה ומדעי הראייה",82430-03,א' - 2.00,ד',1400 - 1600,מעבדה,999
"מחלקה ביה""ס לאופטומטריה ומדעי הראייה",82430-04,א' - 2.00,ה',1600 - 1800,מעבדה,999
"מחלקה ביה""ס לאופטומטריה ומדעי הראייה",82430-05,א' - 2.00,ה',1400 - 1600,מעבדה,999
"מחלקה ביה""ס לאופטומטריה ומדעי הראייה",82432-01,ב' - 2.00,ב',1400 - 1600,מעבדה,999
"מחלקה ביה""ס לאופטומטריה ומדעי הראייה",82432-02,ב' - 2.00,ב',1600 - 1800,מעבדה,999
"מחלקה ביה""ס לאופטומטריה ומדעי הראייה",82432-03,ב' - 2.00,ד',1400 - 1600,מעבדה,999
"מחלקה ביה""ס לאופטומטריה ומדעי הראייה",82432-04,ב' - 2.00,ה',1600 - 1800,מעבדה,999
"מחלקה ביה""ס לאופטומטריה ומדעי הראייה",82432-05,ב' - 2.00,ה',1400 - 1600,מעבדה,999
"מחלקה ביה""ס לאופטומטריה ומדעי הראייה",82433-01,ב' - 1.00,א',0800 - 0900,סטודנטים-105,101
"מחלקה ביה""ס לאופטומטריה ומדעי הראייה",82440-01,א' - 6.00,ב',0800 - 1400,מרפאה אופטומטריה,999
"מחלקה ביה""ס לאופטומטריה ומדעי הראייה",82440-02,א' - 6.00,ב',0800 - 1400,מרפאה אופטומטריה,999
"מחלקה ביה""ס לאופטומטריה ומדעי הראייה",82440-03,א' - 6.00,ב',1400 - 2000,מרפאה אופטומטריה,999
"מחלקה ביה""ס לאופטומטריה ומדעי הראייה",82440-04,א' - 6.00,ב',1400 - 2000,מרפאה אופטומטריה,999
"מחלקה ביה""ס לאופטומטריה ומדעי הראייה",82440-05,א' - 6.00,ד',1400 - 2000,מרפאה אופטומטריה,999
"מחלקה ביה""ס לאופטומטריה ומדעי הראייה",82440-06,א' - 6.00,ד',1400 - 2000,מרפאה אופטומטריה,999
"מחלקה ביה""ס לאופטומטריה ומדעי הראייה",82440-07,א' - 6.00,ה',0800 - 1400,מרפאה אופטומטריה,999
"מחלקה ביה""ס לאופטומטריה ומדעי הראייה",82440-08,א' - 6.00,ב',0800 - 1400,מרפאה אופטומטריה,999
"מחלקה ביה""ס לאופטומטריה ומדעי הראייה",82440-09,א' - 6.00,ה',0800 - 1400,מרפאה אופטומטריה,999
"מחלקה ביה""ס לאופטומטריה ומדעי הראייה",82441-01,ב' - 6.00,ב',0800 - 1400,מרפאה אופטומטריה,999
"מחלקה ביה""ס לאופטומטריה ומדעי הראייה",82441-02,ב' - 6.00,ב',0800 - 1400,מרפאה אופטומטריה,999
"מחלקה ביה""ס לאופטומטריה ומדעי הראייה",82441-03,ב' - 6.00,ב',1400 - 2000,מרפאה אופטומטריה,999
"מחלקה ביה""ס לאופטומטריה ומדעי הראייה",82441-04,ב' - 6.00,ב',1400 - 2000,מרפאה אופטומטריה,999
"מחלקה ביה""ס לאופטומטריה ומדעי הראייה",82441-05,ב' - 6.00,ד',1400 - 2000,מרפאה אופטומטריה,999
"מחלקה ביה""ס לאופטומטריה ומדעי הראייה",82441-06,ב' - 6.00,ד',1400 - 2000,מרפאה אופטומטריה,999
"מחלקה ביה""ס לאופטומטריה ומדעי הראייה",82441-07,ב' - 6.00,ה',0800 - 1400,מרפאה אופטומטריה,999
"מחלקה ביה""ס לאופטומטריה ומדעי הראייה",82441-08,ב' - 6.00,ב',0800 - 1400,מרפאה אופטומטריה,999
"מחלקה ביה""ס לאופטומטריה ומדעי הראייה",82441-09,ב' - 6.00,ה',0800 - 1400,מרפאה אופטומטריה,999
"מחלקה ביה""ס לאופטומטריה ומדעי הראייה",82443-01,"א' - 2.00
 ב' - 2.00",א',"0900 - 1100
0900 - 1100",סטודנטים-105,"101
102"
"מחלקה ביה""ס לאופטומטריה ומדעי הראייה",82448-01,"א' - 2.00
 ב' - 2.00","פרטי קורס  קולקוו-סמינר מחלקתי
קוד קורס 82448-01
שם קורס באנגלית Colloquium - Departmental Seminar
מחלקה ביה""ס לאופטומטריה ומדעי הראייה
פקולטה מדעי החיים
סוג מפגש קולוקו רשות
מרצה פרופ' שרון גילאי-דותן
שעות סמסטר א' - 2.00
סמסטר ב' - 2.00
נ""ז 0.00
הערה
 ג'
שעה 1500 - 1600
בניין
מרפאה אופטומטריה
חדר
999
אפיונים מודל - אתר מלווה קורס
תאריכי בחינות",1500 - 1600,מרפאה אופטומטריה,999
"מחלקה ביה""ס לאופטומטריה ומדעי הראייה",82500-01,א' - 2.00,ב',1000 - 1200,מרפאה אופטומטריה,999
"מחלקה ביה""ס לאופטומטריה ומדעי הראייה",82501-01,"א' - 2.00
 ב' - 2.00",ג',"1200 - 1400
1700 - 1900",מרפאה אופטומטריה,999
"מחלקה ביה""ס לאופטומטריה ומדעי הראייה",82501-02,"א' - 1.00
 ב' - 1.00",ג',"1400 - 1500
1900 - 2000",מרפאה אופטומטריה,999
"מחלקה ביה""ס לאופטומטריה ומדעי הראייה",82503-01,ב' - 2.00,ב',1600 - 1800,מרפאה אופטומטריה,999
"מחלקה ביה""ס לאופטומטריה ומדעי הראייה",82504-01,א' - 2.00,ג',1000 - 1200,טרם שובץ,טרם שובץ
"מחלקה ביה""ס לאופטומטריה ומדעי הראייה",82505-01,א' - 2.00,ב',1200 - 1400,מרפאה אופטומטריה,999
"מחלקה ביה""ס לאופטומטריה ומדעי הראייה",82506-01,א' - 2.00,ב',1400 - 1600,מרפאה אופטומטריה,999
"מחלקה ביה""ס לאופטומטריה ומדעי הראייה",82602-01,ב' - 2.00,ב',1400 - 1600,מרפאה אופטומטריה,999
"מחלקה ביה""ס לאופטומטריה ומדעי הראייה",82609-01,א' - 2.00,ב',1200 - 1400,חדר מחלקה,מחלקה
"מחלקה ביה""ס לאופטומטריה ומדעי הראייה",82613-01,ב' - 2.00,ג',1000 - 1200,מרפאה אופטומטריה,999
"מחלקה ביה""ס לאופטומטריה ומדעי הראייה",826131-01,ב' - 2.00,ג',1000 - 1200,מרפאה אופטומטריה,999
"מחלקה ביה""ס לאופטומטריה ומדעי הראייה",82614-01,ב' - 2.00,ב',1200 - 1400,מרפאה אופטומטריה,999
"מחלקה ביה""ס לאופטומטריה ומדעי הראייה",82703-01,א' - 2.00,ג',1200 - 1400,משפטים-304,3
"מחלקה ביה""ס לאופטומטריה ומדעי הראייה",82704-01,ב' - 2.00,ג',1300 - 1500,סטודנטים-105,104
"מחלקה ביה""ס לאופטומטריה ומדעי הראייה",82705-01,א' - 2.00,ג',1200 - 1400,סטודנטים-105,2
"מחלקה ביה""ס לאופטומטריה ומדעי הראייה",82707-01,א' - 2.00,ג',1000 - 1200,משפטים-304,3
"מחלקה ביה""ס לאופטומטריה ומדעי הראייה",82709-01,ב' - 2.00,ג',1700 - 1900,משפטים-304,3
"מחלקה ביה""ס לאופטומטריה ומדעי הראייה",82710-01,ב' - 2.00,ג',1500 - 1700,משפטים-304,3
"מחלקה ביה""ס לאופטומטריה ומדעי הראייה",82711-01,א' - 2.00,ג',0800 - 1000,משפטים-304,3
"מחלקה ביה""ס לאופטומטריה ומדעי הראייה",82712-01,ב' - 2.00,ג',0900 - 1100,משפטים-304,3
"מחלקה ביה""ס לאופטומטריה ומדעי הראייה",82714-01,א' - 2.00,ג',1000 - 1200,סטודנטים-105,101
"מחלקה ביה""ס לאופטומטריה ומדעי הראייה",82714-02,א' - 2.00,ג',1000 - 1200,טרם שובץ,טרם שובץ
"מחלקה ביה""ס לאופטומטריה ומדעי הראייה",82721-01,א' - 4.00,ג',1400 - 1800,מרפאה אופטומטריה,999
"מחלקה ביה""ס לאופטומטריה ומדעי הראייה",82722-01,ב' - 4.00,ג',0900 - 1300,מרפאה אופטומטריה,999
"מחלקה ביה""ס לאופטומטריה ומדעי הראייה",82723-01,א' - 4.00,ג',1400 - 1800,מרפאה אופטומטריה,999
"מחלקה ביה""ס לאופטומטריה ומדעי הראייה",82724-01,ב' - 4.00,ג',1100 - 1500,מרפאה אופטומטריה,999
"מחלקה הפקולטה להנדסה ע""ש אלכסנדר קופקין",83002-01,א' - 2.00,סוג מפגש קולוקו רשות,1600 - 1800,הנדסה-1102,2
"מחלקה הפקולטה להנדסה ע""ש אלכסנדר קופקין",83002-02,ב' - 2.00,סוג מפגש קולוקו רשות,1500 - 1700,וואהל 1401,4
"מחלקה הפקולטה להנדסה ע""ש אלכסנדר קופקין",83003-01,ב' - 3.00,ד',1700 - 2000,הנדסה-1105,368
"מחלקה הפקולטה להנדסה ע""ש אלכסנדר קופקין",83011-01,ב' - 2.00,א',1100 - 1300,הנדסה-1102,2
"מחלקה הפקולטה להנדסה ע""ש אלכסנדר קופקין",83011-02,ב' - 2.00,ג',1100 - 1300,הנדסה-1102,2
"מחלקה הפקולטה להנדסה ע""ש אלכסנדר קופקין",83011-03,ב' - 1.00,א',1000 - 1100,הנדסה-1104,244
"מחלקה הפקולטה להנדסה ע""ש אלכסנדר קופקין",83011-04,ב' - 1.00,א',1000 - 1100,הנדסה-1104,249
"מחלקה הפקולטה להנדסה ע""ש אלכסנדר קופקין",83011-05,ב' - 1.00,א',1800 - 1900,הנדסה-1104,243
"מחלקה הפקולטה להנדסה ע""ש אלכסנדר קופקין",83011-06,ב' - 1.00,א',1800 - 1900,הנדסה-1104,244
"מחלקה הפקולטה להנדסה ע""ש אלכסנדר קופקין",83011-07,ב' - 1.00,ג',1000 - 1100,הנדסה-1104,244
"מחלקה הפקולטה להנדסה ע""ש אלכסנדר קופקין",83011-08,ב' - 1.00,ג',1000 - 1100,הנדסה-1104,249
"מחלקה הפקולטה להנדסה ע""ש אלכסנדר קופקין",83011-09,ב' - 1.00,ג',1800 - 1900,הנדסה-1104,244
"מחלקה הפקולטה להנדסה ע""ש אלכסנדר קופקין",83011-10,ב' - 1.00,ג',1800 - 1900,הנדסה-1104,249
"מחלקה הפקולטה להנדסה ע""ש אלכסנדר קופקין",83011-11,ב' - 1.00,ד',1800 - 1900,הנדסה-1104,244
"מחלקה הפקולטה להנדסה ע""ש אלכסנדר קופקין",83011-12,ב' - 1.00,ד',1800 - 1900,הנדסה-1104,243
"מחלקה הפקולטה להנדסה ע""ש אלכסנדר קופקין",83011-13,ב' - 1.00,ה',1600 - 1700,הנדסה-1105,53
"מחלקה הפקולטה להנדסה ע""ש אלכסנדר קופקין",83011-14,ב' - 1.00,ה',1600 - 1700,הנדסה-1105,271
"מחלקה הפקולטה להנדסה ע""ש אלכסנדר קופקין",83011-15,ב' - 2.00,ה',1700 - 1900,הנדסה-1103,22
"מחלקה הפקולטה להנדסה ע""ש אלכסנדר קופקין",83011-16,א' - 2.00,ד',0800 - 1000,חדר מחלקה,מחלקה
"מחלקה הפקולטה להנדסה ע""ש אלכסנדר קופקין",83011-17,א' - 1.00,ד',1000 - 1100,חדר מחלקה,מחלקה
"מחלקה הפקולטה להנדסה ע""ש אלכסנדר קופקין",83013-01,ב' - 4.00,"ב',ד'","0900 - 1100
0900 - 1100",הנדסה-1103,22
"מחלקה הפקולטה להנדסה ע""ש אלכסנדר קופקין",83013-02,ב' - 2.00,ד',1400 - 1600,הנדסה-1105,53
"מחלקה הפקולטה להנדסה ע""ש אלכסנדר קופקין",83013-03,ב' - 2.00,ג',0900 - 1100,הנדסה-1105,271
"מחלקה הפקולטה להנדסה ע""ש אלכסנדר קופקין",83013-04,ב' - 2.00,ה',1200 - 1400,הנדסה-1104,42
"מחלקה הפקולטה להנדסה ע""ש אלכסנדר קופקין",83014-01,א' - 4.00,"א',ב'","1200 - 1400
1000 - 1200","הנדסה-1104
הנדסה-1103","42
22"
"מחלקה הפקולטה להנדסה ע""ש אלכסנדר קופקין",83014-02,א' - 2.00,ב',1600 - 1800,הנדסה-1104,243
"מחלקה הפקולטה להנדסה ע""ש אלכסנדר קופקין",83014-03,א' - 2.00,ג',1000 - 1200,הנדסה-1104,243
"מחלקה הפקולטה להנדסה ע""ש אלכסנדר קופקין",83014-04,א' - 2.00,ד',1000 - 1200,מ.ישראל-605,64
"מחלקה הפקולטה להנדסה ע""ש אלכסנדר קופקין",83020-01,א' - 2.00,סוג מפגש קולוקו רשות,1400 - 1600,הנדסה-1105,53
"פרטי קורס : שעות מחלקה
קוד קורס 83100-01
שם קורס באנגלית Departmental Hours
מחלקה הפקולטה להנדסה ע""ש אלכסנדר קופקין
פקולטה הנדסה
סוג מפגש ש.מחלקה
מרצה מחלקה מרצי
שעות סמסטר א' - 4.00
נ""ז 0.00
הערה
יום ב',ד'
שעה 08:00 - 10:00
14:00 - 16:00
בניין
הנדסה-1102
חדר
2
אפיונים מודל - אתר מלווה קורס
פרונטלי
תאריכי בחינות",83100-01,א' - 4.00,"ב',ד'","0800 - 1000
1400 - 1600",הנדסה-1102,2
"מחלקה הפקולטה להנדסה ע""ש אלכסנדר קופקין",83102-01,א' - 4.00,"א',ב'","1000 - 1200
1200 - 1400",וואהל 1401,4
"מחלקה הפקולטה להנדסה ע""ש אלכסנדר קופקין",83102-02,א' - 4.00,"א',ב'","1200 - 1400
1000 - 1200",חדר מחלקה,מחלקה
"מחלקה הפקולטה להנדסה ע""ש אלכסנדר קופקין",83102-03,א' - 2.00,א',1600 - 1800,הנדסה-1104,243
"מחלקה הפקולטה להנדסה ע""ש אלכסנדר קופקין",83102-04,א' - 2.00,א',1600 - 1800,הנדסה-1104,244
"מחלקה הפקולטה להנדסה ע""ש אלכסנדר קופקין",83102-05,א' - 2.00,ב',1600 - 1800,הנדסה-1104,244
"מחלקה הפקולטה להנדסה ע""ש אלכסנדר קופקין",83102-06,א' - 2.00,ב',1600 - 1800,הנדסה-1105,53
"מחלקה הפקולטה להנדסה ע""ש אלכסנדר קופקין",83102-07,א' - 2.00,ג',1000 - 1200,הנדסה-1104,42
"מחלקה הפקולטה להנדסה ע""ש אלכסנדר קופקין",83102-08,א' - 2.00,ג',1000 - 1200,הנדסה-1105,271
"מחלקה הפקולטה להנדסה ע""ש אלכסנדר קופקין",83102-09,א' - 2.00,ד',1000 - 1200,רוח-1002,305
"מחלקה הפקולטה להנדסה ע""ש אלכסנדר קופקין",83102-10,א' - 2.00,ד',1000 - 1200,מ.ישראל-604,13
"מחלקה הפקולטה להנדסה ע""ש אלכסנדר קופקין",83102-11,א' - 2.00,ד',1600 - 1800,רוח-1002,61
"מחלקה הפקולטה להנדסה ע""ש אלכסנדר קופקין",83102-12,א' - 2.00,ד',1600 - 1800,חדר מחלקה,מחלקה
"מחלקה הפקולטה להנדסה ע""ש אלכסנדר קופקין",83102-13,א' - 2.00,ה',1000 - 1200,הנדסה-1104,244
"מחלקה הפקולטה להנדסה ע""ש אלכסנדר קופקין",83102-14,א' - 2.00,ה',1000 - 1200,הנדסה-1104,249
"מחלקה הפקולטה להנדסה ע""ש אלכסנדר קופקין",83102-15,א' - 2.00,א',1800 - 2000,הנדסה-1102,2
"מחלקה הפקולטה להנדסה ע""ש אלכסנדר קופקין",83102-20,ב' - 4.00,"ב',ד'","1300 - 1500
0900 - 1100",הנדסה-1104,243
"מחלקה הפקולטה להנדסה ע""ש אלכסנדר קופקין",83102-21,ב' - 2.00,ב',1500 - 1700,הנדסה-1104,243
"מחלקה הפקולטה להנדסה ע""ש אלכסנדר קופקין",83103-01,ב' - 4.00,"א',ה'","1400 - 1600
1400 - 1600","וואהל 1401
הנדסה-1105","3
53"
"מחלקה הפקולטה להנדסה ע""ש אלכסנדר קופקין",83103-02,ב' - 4.00,"ב',ד'","1300 - 1500
0900 - 1100","וואהל 1401
הנדסה-1102","4
2"
"מחלקה הפקולטה להנדסה ע""ש אלכסנדר קופקין",83103-03,ב' - 2.00,א',1600 - 1800,הנדסה-1104,42
"מחלקה הפקולטה להנדסה ע""ש אלכסנדר קופקין",83103-04,ב' - 2.00,א',1600 - 1800,מעונות-A1300,2
"מחלקה הפקולטה להנדסה ע""ש אלכסנדר קופקין",83103-05,ב' - 2.00,ב',0900 - 1100,הנדסה-1105,53
"מחלקה הפקולטה להנדסה ע""ש אלכסנדר קופקין",83103-06,ב' - 2.00,ב',0900 - 1100,הנדסה-1104,243
"מחלקה הפקולטה להנדסה ע""ש אלכסנדר קופקין",83103-07,ב' - 2.00,ג',1300 - 1500,רוח-1002,305
"מחלקה הפקולטה להנדסה ע""ש אלכסנדר קופקין",83103-08,ב' - 2.00,ג',1300 - 1500,מעונות-A1300,1
"מחלקה הפקולטה להנדסה ע""ש אלכסנדר קופקין",83103-09,ב' - 2.00,ד',1400 - 1600,מעונות-A1300,2
"מחלקה הפקולטה להנדסה ע""ש אלכסנדר קופקין",83103-10,ב' - 2.00,ד',1400 - 1600,מעונות-A1300,1
"מחלקה הפקולטה להנדסה ע""ש אלכסנדר קופקין",83103-11,ב' - 2.00,ד',1600 - 1800,מעונות-A1300,2
"מחלקה הפקולטה להנדסה ע""ש אלכסנדר קופקין",83103-12,ב' - 2.00,ד',1600 - 1800,הנדסה-1104,243
"מחלקה הפקולטה להנדסה ע""ש אלכסנדר קופקין",83103-13,ב' - 2.00,ה',1200 - 1400,רוח-1002,305
"מחלקה הפקולטה להנדסה ע""ש אלכסנדר קופקין",83103-14,ב' - 2.00,ה',1200 - 1400,רוח-1002,1
"מחלקה הפקולטה להנדסה ע""ש אלכסנדר קופקין",83108-01,א' - 2.00,ג',1200 - 1400,הנדסה-1102,2
"מחלקה הפקולטה להנדסה ע""ש אלכסנדר קופקין",83108-02,א' - 2.00,ג',1400 - 1600,הנדסה-1102,2
"מחלקה הפקולטה להנדסה ע""ש אלכסנדר קופקין",83108-03,א' - 1.00,ג',0900 - 1000,הנדסה-1104,243
"מחלקה הפקולטה להנדסה ע""ש אלכסנדר קופקין",83108-04,א' - 1.00,ג',0900 - 1000,הנדסה-1104,244
"מחלקה הפקולטה להנדסה ע""ש אלכסנדר קופקין",83108-05,א' - 1.00,ד',0900 - 1000,הנדסה-1104,244
"מחלקה הפקולטה להנדסה ע""ש אלכסנדר קופקין",83108-06,א' - 1.00,ד',0900 - 1000,הנדסה-1104,249
"מחלקה הפקולטה להנדסה ע""ש אלכסנדר קופקין",83108-07,א' - 1.00,ד',1200 - 1300,הנדסה-1104,243
"מחלקה הפקולטה להנדסה ע""ש אלכסנדר קופקין",83108-08,א' - 1.00,ד',1600 - 1700,הנדסה-1105,53
"מחלקה הפקולטה להנדסה ע""ש אלכסנדר קופקין",83108-09,א' - 1.00,ה',0900 - 1000,הנדסה-1104,243
"מחלקה הפקולטה להנדסה ע""ש אלכסנדר קופקין",83108-10,א' - 1.00,ה',0900 - 1000,מעונות-A1300,2
"מחלקה הפקולטה להנדסה ע""ש אלכסנדר קופקין",83108-11,א' - 1.00,ה',1000 - 1100,מעונות-A1300,2
"מחלקה הפקולטה להנדסה ע""ש אלכסנדר קופקין",83108-12,א' - 1.00,ד',1100 - 1200,מ.ישראל-605,65
"מחלקה הפקולטה להנדסה ע""ש אלכסנדר קופקין",83108-13,א' - 1.00,ה',1600 - 1700,הנדסה-1104,244
"מחלקה הפקולטה להנדסה ע""ש אלכסנדר קופקין",83108-14,א' - 1.00,ה',1600 - 1700,הנדסה-1104,249
"מחלקה הפקולטה להנדסה ע""ש אלכסנדר קופקין",83108-15,א' - 2.00,ה',1200 - 1400,הנדסה-1105,53
"מחלקה הפקולטה להנדסה ע""ש אלכסנדר קופקין",83108-20,ב' - 2.00,ד',1400 - 1600,רוח-1002,61
"מחלקה הפקולטה להנדסה ע""ש אלכסנדר קופקין",83108-21,ב' - 1.00,ג',1200 - 1300,הנדסה-1104,244
"מחלקה הפקולטה להנדסה ע""ש אלכסנדר קופקין",83109-01,ב' - 2.00,ג',1300 - 1500,הנדסה-1102,2
"מחלקה הפקולטה להנדסה ע""ש אלכסנדר קופקין",83109-02,ב' - 1.00,א',0900 - 1000,מעונות-A1300,2
"מחלקה הפקולטה להנדסה ע""ש אלכסנדר קופקין",83109-03,ב' - 1.00,א',1000 - 1100,מעונות-A1300,2
"מחלקה הפקולטה להנדסה ע""ש אלכסנדר קופקין",83109-04,ב' - 1.00,א',1300 - 1400,הנדסה-1104,243
"מחלקה הפקולטה להנדסה ע""ש אלכסנדר קופקין",83109-05,ב' - 1.00,ב',1600 - 1700,הנדסה-1105,271
"מחלקה הפקולטה להנדסה ע""ש אלכסנדר קופקין",83109-06,ב' - 1.00,א',1300 - 1400,מעונות-A1300,2
"מחלקה הפקולטה להנדסה ע""ש אלכסנדר קופקין",83109-07,א' - 2.00,ה',1100 - 1300,הנדסה-1105,271
"מחלקה הפקולטה להנדסה ע""ש אלכסנדר קופקין",83109-08,א' - 1.00,ה',1300 - 1400,הנדסה-1105,271
"מחלקה הפקולטה להנדסה ע""ש אלכסנדר קופקין",83110-01,א' - 4.00,"א',ב'","1200 - 1400
1000 - 1200",וואהל 1401,4
"מחלקה הפקולטה להנדסה ע""ש אלכסנדר קופקין",83110-02,א' - 4.00,"א',ב'","1000 - 1200
1200 - 1400",חדר מחלקה,מחלקה
"מחלקה הפקולטה להנדסה ע""ש אלכסנדר קופקין",83110-03,א' - 2.00,א',1600 - 1800,הנדסה-1103,22
"מחלקה הפקולטה להנדסה ע""ש אלכסנדר קופקין",83110-04,א' - 2.00,א',1600 - 1800,רוח-1002,201
"מחלקה הפקולטה להנדסה ע""ש אלכסנדר קופקין",83110-05,א' - 2.00,ב',1600 - 1800,רוח-1002,201
"מחלקה הפקולטה להנדסה ע""ש אלכסנדר קופקין",83110-06,א' - 2.00,ב',1600 - 1800,מ.ישראל-604,13
"מחלקה הפקולטה להנדסה ע""ש אלכסנדר קופקין",83110-07,א' - 2.00,ג',1000 - 1200,מעונות-A1300,2
"מחלקה הפקולטה להנדסה ע""ש אלכסנדר קופקין",83110-08,א' - 2.00,ג',1000 - 1200,מעונות-A1300,1
"מחלקה הפקולטה להנדסה ע""ש אלכסנדר קופקין",83110-09,א' - 2.00,ד',1000 - 1200,הנדסה-1104,243
"מחלקה הפקולטה להנדסה ע""ש אלכסנדר קופקין",83110-10,א' - 2.00,ד',1000 - 1200,מ.ישראל-605,63
"מחלקה הפקולטה להנדסה ע""ש אלכסנדר קופקין",83110-11,א' - 2.00,ד',1200 - 1400,מעונות-A1300,1
"מחלקה הפקולטה להנדסה ע""ש אלכסנדר קופקין",83110-12,א' - 2.00,ד',1200 - 1400,רוח-1002,201
"מחלקה הפקולטה להנדסה ע""ש אלכסנדר קופקין",83110-13,א' - 2.00,ד',1600 - 1800,חדר מחלקה,מחלקה
"מחלקה הפקולטה להנדסה ע""ש אלכסנדר קופקין",83110-14,א' - 2.00,ד',1600 - 1800,מ.ישראל-505,106
"מחלקה הפקולטה להנדסה ע""ש אלכסנדר קופקין",83110-20,ב' - 4.00,"ב',ה'","1100 - 1300
1200 - 1400",הנדסה-1105,53
"מחלקה הפקולטה להנדסה ע""ש אלכסנדר קופקין",83110-21,ב' - 2.00,ה',1700 - 1900,הנדסה-1104,243
"מחלקה הפקולטה להנדסה ע""ש אלכסנדר קופקין",83112-01,א' - 4.00,"א',ב'","1400 - 1600
1400 - 1600",וואהל 1401,4
"מחלקה הפקולטה להנדסה ע""ש אלכסנדר קופקין",83112-02,א' - 4.00,"א',ב'","1400 - 1600
1400 - 1600",חדר מחלקה,מחלקה
"מחלקה הפקולטה להנדסה ע""ש אלכסנדר קופקין",83112-03,א' - 2.00,א',1600 - 1800,מעונות-A1300,1
"מחלקה הפקולטה להנדסה ע""ש אלכסנדר קופקין",83112-04,א' - 2.00,א',1600 - 1800,מ.ישראל-505,106
"מחלקה הפקולטה להנדסה ע""ש אלכסנדר קופקין",83112-05,א' - 2.00,ב',1600 - 1800,רוח-1002,61
"מחלקה הפקולטה להנדסה ע""ש אלכסנדר קופקין",83112-06,א' - 2.00,ב',1600 - 1800,יהדות-403,101
"מחלקה הפקולטה להנדסה ע""ש אלכסנדר קופקין",83112-07,א' - 2.00,ג',1000 - 1200,רוח-1002,201
"מחלקה הפקולטה להנדסה ע""ש אלכסנדר קופקין",83112-08,א' - 2.00,ג',1000 - 1200,מ.ישראל-605,14
"מחלקה הפקולטה להנדסה ע""ש אלכסנדר קופקין",83112-09,א' - 2.00,ד',1000 - 1200,הנדסה-1105,271
"מחלקה הפקולטה להנדסה ע""ש אלכסנדר קופקין",83112-10,א' - 2.00,ד',1000 - 1200,הנדסה-1105,53
"מחלקה הפקולטה להנדסה ע""ש אלכסנדר קופקין",83112-11,א' - 2.00,ד',1200 - 1400,הנדסה-1104,249
"מחלקה הפקולטה להנדסה ע""ש אלכסנדר קופקין",83112-12,א' - 2.00,ד',1200 - 1400,מעונות-A1300,2
"מחלקה הפקולטה להנדסה ע""ש אלכסנדר קופקין",83112-13,א' - 2.00,ד',1600 - 1800,הנדסה-1104,244
"מחלקה הפקולטה להנדסה ע""ש אלכסנדר קופקין",83112-14,א' - 2.00,ד',1600 - 1800,מעונות-A1300,1
"מחלקה הפקולטה להנדסה ע""ש אלכסנדר קופקין",83112-15,א' - 2.00,ב',1800 - 2000,וואהל 1401,4
"מחלקה הפקולטה להנדסה ע""ש אלכסנדר קופקין",83112-20,ב' - 4.00,"א',ה'","1400 - 1600
1400 - 1600",הנדסה-1104,"243
249"
"מחלקה הפקולטה להנדסה ע""ש אלכסנדר קופקין",83112-21,ב' - 2.00,א',1600 - 1800,הנדסה-1104,243
"מחלקה הפקולטה להנדסה ע""ש אלכסנדר קופקין",83114-01,ב' - 4.00,"א',ה'","1400 - 1600
1400 - 1600","וואהל 1401
חברה-901","4
61"
"מחלקה הפקולטה להנדסה ע""ש אלכסנדר קופקין",83114-02,ב' - 4.00,"א',ה'","1400 - 1600
1400 - 1600",הנדסה-1104,42
"מחלקה הפקולטה להנדסה ע""ש אלכסנדר קופקין",83114-03,ב' - 2.00,א',1600 - 1800,רוח-1002,201
"מחלקה הפקולטה להנדסה ע""ש אלכסנדר קופקין",83114-04,ב' - 2.00,א',1600 - 1800,רוח-1002,305
"מחלקה הפקולטה להנדסה ע""ש אלכסנדר קופקין",83114-05,ב' - 2.00,ב',0900 - 1100,מעונות-A1300,1
"מחלקה הפקולטה להנדסה ע""ש אלכסנדר קופקין",83114-06,ב' - 2.00,ב',0900 - 1100,רוח-1002,305
"מחלקה הפקולטה להנדסה ע""ש אלכסנדר קופקין",83114-07,ב' - 2.00,ג',1300 - 1500,הנדסה-1105,271
"מחלקה הפקולטה להנדסה ע""ש אלכסנדר קופקין",83114-08,ב' - 2.00,ג',1300 - 1500,מעונות-A1300,2
"מחלקה הפקולטה להנדסה ע""ש אלכסנדר קופקין",83114-09,ב' - 2.00,ד',1400 - 1600,רוח-1002,201
"מחלקה הפקולטה להנדסה ע""ש אלכסנדר קופקין",83114-10,ב' - 2.00,ד',1400 - 1600,הנדסה-1104,243
"מחלקה הפקולטה להנדסה ע""ש אלכסנדר קופקין",83114-11,ב' - 2.00,ד',1600 - 1800,רוח-1002,201
"מחלקה הפקולטה להנדסה ע""ש אלכסנדר קופקין",83114-12,ב' - 2.00,ד',1600 - 1800,רוח-1002,305
"מחלקה הפקולטה להנדסה ע""ש אלכסנדר קופקין",83114-13,ב' - 2.00,ה',1200 - 1400,מעונות-A1300,2
"מחלקה הפקולטה להנדסה ע""ש אלכסנדר קופקין",83114-14,ב' - 2.00,ה',1200 - 1400,מעונות-A1300,1
"מחלקה הפקולטה להנדסה ע""ש אלכסנדר קופקין",83115-01,ב' - 2.00,ב',1100 - 1300,וואהל 1401,4
"מחלקה הפקולטה להנדסה ע""ש אלכסנדר קופקין",83115-02,ב' - 2.00,ב',1100 - 1300,הנדסה-1103,22
"מחלקה הפקולטה להנדסה ע""ש אלכסנדר קופקין",83115-03,ב' - 1.00,א',0900 - 1000,הנדסה-1104,244
"מחלקה הפקולטה להנדסה ע""ש אלכסנדר קופקין",83115-04,ב' - 1.00,א',0900 - 1000,הנדסה-1103,22
"מחלקה הפקולטה להנדסה ע""ש אלכסנדר קופקין",83115-05,ב' - 1.00,א',1000 - 1100,רוח-1002,305
"מחלקה הפקולטה להנדסה ע""ש אלכסנדר קופקין",83115-06,ב' - 1.00,א',1000 - 1100,הנדסה-1103,22
"מחלקה הפקולטה להנדסה ע""ש אלכסנדר קופקין",83115-07,ב' - 1.00,א',1300 - 1400,רוח-1002,201
"מחלקה הפקולטה להנדסה ע""ש אלכסנדר קופקין",83115-08,ב' - 1.00,א',1300 - 1400,הנדסה-1102,2
"מחלקה הפקולטה להנדסה ע""ש אלכסנדר קופקין",83115-09,ב' - 1.00,ג',0900 - 1000,הנדסה-1104,243
"מחלקה הפקולטה להנדסה ע""ש אלכסנדר קופקין",83115-10,ב' - 1.00,ג',0900 - 1000,הנדסה-1104,244
"מחלקה הפקולטה להנדסה ע""ש אלכסנדר קופקין",83115-11,ב' - 1.00,ד',1700 - 1800,הנדסה-1104,244
"מחלקה הפקולטה להנדסה ע""ש אלכסנדר קופקין",83115-12,ב' - 1.00,ד',1700 - 1800,הנדסה-1105,271
"מחלקה הפקולטה להנדסה ע""ש אלכסנדר קופקין",83115-13,ב' - 1.00,ה',1100 - 1200,הנדסה-1104,42
"מחלקה הפקולטה להנדסה ע""ש אלכסנדר קופקין",83115-14,ב' - 1.00,ה',1100 - 1200,מעונות-A1300,1
"מחלקה הפקולטה להנדסה ע""ש אלכסנדר קופקין",83119-01,ב' - 3.00,ג',1500 - 1800,וואהל 1401,4
"מחלקה הפקולטה להנדסה ע""ש אלכסנדר קופקין",83119-02,ב' - 3.00,ג',1500 - 1800,חברה-901,61
"מחלקה הפקולטה להנדסה ע""ש אלכסנדר קופקין",83119-03,ב' - 1.00,א',1300 - 1400,מ.ישראל-505,105
"מחלקה הפקולטה להנדסה ע""ש אלכסנדר קופקין",83119-04,ב' - 1.00,א',1300 - 1400,מ.ישראל-505,106
"מחלקה הפקולטה להנדסה ע""ש אלכסנדר קופקין",83119-05,ב' - 1.00,ג',0900 - 1000,הנדסה-1105,53
"מחלקה הפקולטה להנדסה ע""ש אלכסנדר קופקין",83119-06,ב' - 1.00,ג',0900 - 1000,הנדסה-1104,42
"מחלקה הפקולטה להנדסה ע""ש אלכסנדר קופקין",83119-07,ב' - 1.00,ג',1000 - 1100,הנדסה-1105,53
"מחלקה הפקולטה להנדסה ע""ש אלכסנדר קופקין",83119-08,ב' - 1.00,ג',1000 - 1100,הנדסה-1104,42
"מחלקה הפקולטה להנדסה ע""ש אלכסנדר קופקין",83119-09,ב' - 1.00,ג',1800 - 1900,הנדסה-1104,42
"מחלקה הפקולטה להנדסה ע""ש אלכסנדר קופקין",83119-10,ב' - 1.00,ג',1800 - 1900,הנדסה-1105,271
"מחלקה הפקולטה להנדסה ע""ש אלכסנדר קופקין",83119-11,ב' - 1.00,ד',1800 - 1900,הנדסה-1104,249
"מחלקה הפקולטה להנדסה ע""ש אלכסנדר קופקין",83119-12,ב' - 1.00,ד',1700 - 1800,הנדסה-1104,249
"מחלקה הפקולטה להנדסה ע""ש אלכסנדר קופקין",83119-13,ב' - 1.00,ה',1100 - 1200,הנדסה-1104,244
"מחלקה הפקולטה להנדסה ע""ש אלכסנדר קופקין",83119-14,ב' - 1.00,ה',1100 - 1200,הנדסה-1104,243
"מחלקה הפקולטה להנדסה ע""ש אלכסנדר קופקין",83119-15,א' - 3.00,ה',1300 - 1600,הנדסה-1104,243
"מחלקה הפקולטה להנדסה ע""ש אלכסנדר קופקין",83119-16,א' - 1.00,ה',1600 - 1700,הנדסה-1104,243
"מחלקה הפקולטה להנדסה ע""ש אלכסנדר קופקין",83120-01,א' - 2.00,ג',1200 - 1400,חברה-901,61
"מחלקה הפקולטה להנדסה ע""ש אלכסנדר קופקין",83120-02,א' - 2.00,ג',1400 - 1600,חברה-901,61
"מחלקה הפקולטה להנדסה ע""ש אלכסנדר קופקין",83120-03,א' - 2.00,א',1600 - 1800,הנדסה-1105,271
"מחלקה הפקולטה להנדסה ע""ש אלכסנדר קופקין",83120-04,א' - 2.00,א',1600 - 1800,רוח-1002,202
"מחלקה הפקולטה להנדסה ע""ש אלכסנדר קופקין",83120-05,א' - 2.00,ב',1600 - 1800,מ.ישראל-604,14
"מחלקה הפקולטה להנדסה ע""ש אלכסנדר קופקין",83120-06,א' - 2.00,ב',1600 - 1800,רוח-1002,203
"מחלקה הפקולטה להנדסה ע""ש אלכסנדר קופקין",83120-07,א' - 2.00,ג',1000 - 1200,מ.ישראל-507,209
"מחלקה הפקולטה להנדסה ע""ש אלכסנדר קופקין",83120-08,א' - 2.00,ג',1000 - 1200,מ.ישראל-507,206
"מחלקה הפקולטה להנדסה ע""ש אלכסנדר קופקין",83120-09,א' - 2.00,ד',1000 - 1200,מעונות-A1300,1
"מחלקה הפקולטה להנדסה ע""ש אלכסנדר קופקין",83120-10,א' - 2.00,ד',1000 - 1200,רוח-1002,1
"מחלקה הפקולטה להנדסה ע""ש אלכסנדר קופקין",83120-11,א' - 2.00,ד',1600 - 1800,מ.ישראל-507,209
"מחלקה הפקולטה להנדסה ע""ש אלכסנדר קופקין",83120-12,א' - 2.00,ד',1600 - 1800,מ.ישראל-505,105
"מחלקה הפקולטה להנדסה ע""ש אלכסנדר קופקין",83120-13,א' - 2.00,ה',1000 - 1200,הנדסה-1104,42
"מחלקה הפקולטה להנדסה ע""ש אלכסנדר קופקין",83120-14,א' - 2.00,ה',1000 - 1200,הנדסה-1105,53
"מחלקה הפקולטה להנדסה ע""ש אלכסנדר קופקין",83120-20,ב' - 2.00,ג',1500 - 1700,רוח-1002,61
"מחלקה הפקולטה להנדסה ע""ש אלכסנדר קופקין",83120-21,ב' - 2.00,ג',1700 - 1900,רוח-1002,61
"מחלקה הפקולטה להנדסה ע""ש אלכסנדר קופקין",83121-01,ב' - 2.00,ב',1300 - 1500,הנדסה-1105,271
"מחלקה הפקולטה להנדסה ע""ש אלכסנדר קופקין",83121-02,ב' - 1.00,ב',1500 - 1600,הנדסה-1105,271
"מחלקה הפקולטה להנדסה ע""ש אלכסנדר קופקין",83140-01,ב' - 3.00,ג',1000 - 1300,וואהל 1401,4
"מחלקה הפקולטה להנדסה ע""ש אלכסנדר קופקין",83140-02,ב' - 3.00,ד',1100 - 1400,הנדסה-1102,2
"מחלקה הפקולטה להנדסה ע""ש אלכסנדר קופקין",83140-03,ב' - 1.00,א',0900 - 1000,הנדסה-1104,42
"מחלקה הפקולטה להנדסה ע""ש אלכסנדר קופקין",83140-04,ב' - 1.00,א',0900 - 1000,מעונות-A1300,1
"מחלקה הפקולטה להנדסה ע""ש אלכסנדר קופקין",83140-05,ב' - 1.00,א',1000 - 1100,הנדסה-1104,42
"מחלקה הפקולטה להנדסה ע""ש אלכסנדר קופקין",83140-06,ב' - 1.00,א',1000 - 1100,מעונות-A1300,1
"מחלקה הפקולטה להנדסה ע""ש אלכסנדר קופקין",83140-07,ב' - 1.00,א',1800 - 1900,הנדסה-1104,42
"מחלקה הפקולטה להנדסה ע""ש אלכסנדר קופקין",83140-08,ב' - 1.00,א',1800 - 1900,מעונות-A1300,2
"מחלקה הפקולטה להנדסה ע""ש אלכסנדר קופקין",83140-09,ב' - 1.00,ג',0900 - 1000,הנדסה-1104,249
"מחלקה הפקולטה להנדסה ע""ש אלכסנדר קופקין",83140-10,ב' - 1.00,ג',0900 - 1000,מעונות-A1300,1
"מחלקה הפקולטה להנדסה ע""ש אלכסנדר קופקין",83140-11,ב' - 1.00,ה',1600 - 1700,הנדסה-1104,42
"מחלקה הפקולטה להנדסה ע""ש אלכסנדר קופקין",83140-12,ב' - 1.00,ד',1600 - 1700,הנדסה-1103,22
"מחלקה הפקולטה להנדסה ע""ש אלכסנדר קופקין",83140-13,ב' - 1.00,ה',1100 - 1200,רוח-1002,305
"מחלקה הפקולטה להנדסה ע""ש אלכסנדר קופקין",83140-14,ב' - 1.00,ג',1000 - 1100,מעונות-A1300,1
"מחלקה הפקולטה להנדסה ע""ש אלכסנדר קופקין",83140-15,א' - 3.00,ג',1000 - 1300,רוח-1002,61
"מחלקה הפקולטה להנדסה ע""ש אלכסנדר קופקין",83140-16,א' - 1.00,ג',1300 - 1400,הנדסה-1105,53
"מחלקה הפקולטה להנדסה ע""ש אלכסנדר קופקין",83171-01,ב' - 2.00,א',1100 - 1300,מעונות-A1300,2
"מחלקה הפקולטה להנדסה ע""ש אלכסנדר קופקין",83180-01,ב' - 2.00,ד',1400 - 1600,מ.ישראל-505,5
"פרטי קורס : שעות מחלקה
קוד קורס 83199-01
שם קורס באנגלית Departmental Hours
מחלקה הפקולטה להנדסה ע""ש אלכסנדר קופקין
פקולטה הנדסה
סוג מפגש ש.מחלקה
מרצה מחלקה מרצי
שעות סמסטר ב' - 4.00
נ""ז 0.00
הערה
יום ב',ה'
שעה 17:00 - 19:00
09:00 - 11:00
בניין
הנדסה-1102
הנדסה-1104
חדר
2
42
אפיונים מודל - אתר מלווה קורס
פרונטלי
תאריכי בחינות",83199-01,ב' - 4.00,"ב',ה'","1700 - 1900
0900 - 1100","הנדסה-1102
הנדסה-1104","2
42"
"פרטי קורס : שעות מחלקה
קוד קורס 83200-01
שם קורס באנגלית Departmental Hours
מחלקה הפקולטה להנדסה ע""ש אלכסנדר קופקין
פקולטה הנדסה
סוג מפגש ש.מחלקה
מרצה מחלקה מרצי
שעות סמסטר א' - 4.00
נ""ז 0.00
הערה
יום א',ד'
שעה 10:00 - 12:00
09:00 - 11:00
בניין
הנדסה-1102
חדר
2
אפיונים מודל - אתר מלווה קורס
פרונטלי
תאריכי בחינות",83200-01,א' - 4.00,"א',ד'","1000 - 1200
0900 - 1100",הנדסה-1102,2
"מחלקה הפקולטה להנדסה ע""ש אלכסנדר קופקין",83201-01,א' - 3.00,ב',1000 - 1300,הנדסה-1104,42
"מחלקה הפקולטה להנדסה ע""ש אלכסנדר קופקין",83201-02,א' - 1.00,ב',0900 - 1000,הנדסה-1104,249
"מחלקה הפקולטה להנדסה ע""ש אלכסנדר קופקין",83201-03,א' - 1.00,ב',1300 - 1400,מעונות-A1300,1
"מחלקה הפקולטה להנדסה ע""ש אלכסנדר קופקין",83203-01,ב' - 2.00,ב',1400 - 1600,הנדסה-1102,2
"מחלקה הפקולטה להנדסה ע""ש אלכסנדר קופקין",83203-02,ב' - 1.00,ג',1200 - 1300,הנדסה-1105,271
"מחלקה הפקולטה להנדסה ע""ש אלכסנדר קופקין",83203-03,ב' - 1.00,א',1200 - 1300,רוח-1002,201
"מחלקה הפקולטה להנדסה ע""ש אלכסנדר קופקין",83203-04,ב' - 1.00,א',1600 - 1700,מ.ישראל-605,14
"מחלקה הפקולטה להנדסה ע""ש אלכסנדר קופקין",83203-05,ב' - 1.00,ב',1700 - 1800,הנדסה-1104,243
"מחלקה הפקולטה להנדסה ע""ש אלכסנדר קופקין",83203-06,ב' - 1.00,ה',1500 - 1600,רוח-1002,201
"מחלקה הפקולטה להנדסה ע""ש אלכסנדר קופקין",83203-07,ב' - 1.00,ב',1100 - 1200,הנדסה-1104,243
"מחלקה הפקולטה להנדסה ע""ש אלכסנדר קופקין",83203-08,ב' - 2.00,ג',1300 - 1500,הנדסה-1105,368
"מחלקה הפקולטה להנדסה ע""ש אלכסנדר קופקין",83203-09,ב' - 2.00,א',1300 - 1500,הנדסה-1105,368
"מחלקה הפקולטה להנדסה ע""ש אלכסנדר קופקין",83203-10,ב' - 2.00,א',1700 - 1900,הנדסה-1105,368
"מחלקה הפקולטה להנדסה ע""ש אלכסנדר קופקין",83203-11,ב' - 2.00,ב',1200 - 1400,הנדסה-1105,368
"מחלקה הפקולטה להנדסה ע""ש אלכסנדר קופקין",83203-12,ב' - 2.00,ה',1100 - 1300,הנדסה-1105,368
"מחלקה הפקולטה להנדסה ע""ש אלכסנדר קופקין",83203-13,ב' - 2.00,ה',1300 - 1500,הנדסה-1105,368
"מחלקה הפקולטה להנדסה ע""ש אלכסנדר קופקין",83203-14,ב' - 2.00,ה',1600 - 1800,הנדסה-1105,368
"מחלקה הפקולטה להנדסה ע""ש אלכסנדר קופקין",83203-15,ב' - 1.00,ב',1600 - 1700,מעונות-A1300,1
"מחלקה הפקולטה להנדסה ע""ש אלכסנדר קופקין",83203-16,ב' - 2.00,ב',1700 - 1900,הנדסה-1105,368
"מחלקה הפקולטה להנדסה ע""ש אלכסנדר קופקין",83204-01,ב' - 3.00,ד',1100 - 1400,חברה-901,61
"מחלקה הפקולטה להנדסה ע""ש אלכסנדר קופקין",83204-02,ב' - 1.00,ב',1600 - 1700,רוח-1002,201
"מחלקה הפקולטה להנדסה ע""ש אלכסנדר קופקין",83204-03,ב' - 1.00,ג',0900 - 1000,רוח-1002,305
"מחלקה הפקולטה להנדסה ע""ש אלכסנדר קופקין",83204-04,ב' - 1.00,ג',1000 - 1100,רוח-1002,61
"מחלקה הפקולטה להנדסה ע""ש אלכסנדר קופקין",83204-05,ב' - 1.00,ג',1100 - 1200,הנדסה-1104,244
"מחלקה הפקולטה להנדסה ע""ש אלכסנדר קופקין",83204-06,ב' - 1.00,ג',1500 - 1600,רוח-1002,201
"מחלקה הפקולטה להנדסה ע""ש אלכסנדר קופקין",83204-07,ב' - 1.00,ה',1400 - 1500,רוח-1002,201
"מחלקה הפקולטה להנדסה ע""ש אלכסנדר קופקין",83206-01,א' - 3.00,ב',1000 - 1300,הנדסה-1102,2
"מחלקה הפקולטה להנדסה ע""ש אלכסנדר קופקין",83206-02,א' - 3.00,ה',1300 - 1600,הנדסה-1104,42
"מחלקה הפקולטה להנדסה ע""ש אלכסנדר קופקין",83206-03,א' - 1.00,א',1800 - 1900,הנדסה-1104,243
"מחלקה הפקולטה להנדסה ע""ש אלכסנדר קופקין",83206-04,א' - 1.00,ב',0900 - 1000,הנדסה-1105,271
"מחלקה הפקולטה להנדסה ע""ש אלכסנדר קופקין",83206-05,א' - 1.00,ב',1300 - 1400,הנדסה-1104,249
"מחלקה הפקולטה להנדסה ע""ש אלכסנדר קופקין",83206-06,א' - 1.00,ב',1800 - 1900,הנדסה-1104,243
"מחלקה הפקולטה להנדסה ע""ש אלכסנדר קופקין",83206-07,א' - 1.00,ג',0900 - 1000,הנדסה-1105,271
"מחלקה הפקולטה להנדסה ע""ש אלכסנדר קופקין",83206-08,א' - 1.00,ה',1100 - 1200,מעונות-A1300,2
"מחלקה הפקולטה להנדסה ע""ש אלכסנדר קופקין",83206-09,א' - 1.00,ה',1200 - 1300,מעונות-A1300,2
"מחלקה הפקולטה להנדסה ע""ש אלכסנדר קופקין",83206-10,א' - 1.00,ה',1500 - 1600,הנדסה-1104,249
"מחלקה הפקולטה להנדסה ע""ש אלכסנדר קופקין",83206-11,א' - 1.00,ה',1800 - 1900,הנדסה-1104,243
"מחלקה הפקולטה להנדסה ע""ש אלכסנדר קופקין",83207-01,ב' - 3.00,ד',1400 - 1700,הנדסה-1102,2
"מחלקה הפקולטה להנדסה ע""ש אלכסנדר קופקין",83207-02,ב' - 1.00,ב',1600 - 1700,רוח-1002,61
"מחלקה הפקולטה להנדסה ע""ש אלכסנדר קופקין",83207-03,ב' - 1.00,ג',0900 - 1000,רוח-1002,61
"מחלקה הפקולטה להנדסה ע""ש אלכסנדר קופקין",83207-04,ב' - 1.00,ג',1000 - 1100,מ.ישראל-505,105
"מחלקה הפקולטה להנדסה ע""ש אלכסנדר קופקין",83207-05,ב' - 1.00,ג',1100 - 1200,הנדסה-1105,271
"מחלקה הפקולטה להנדסה ע""ש אלכסנדר קופקין",83207-06,ב' - 1.00,ג',1500 - 1600,הנדסה-1103,22
"מחלקה הפקולטה להנדסה ע""ש אלכסנדר קופקין",83207-07,ב' - 1.00,ה',1400 - 1500,רוח-1002,305
"מחלקה הפקולטה להנדסה ע""ש אלכסנדר קופקין",83210-01,א' - 2.00,ד',1100 - 1300,הנדסה-1102,2
"מחלקה הפקולטה להנדסה ע""ש אלכסנדר קופקין",83210-02,א' - 2.00,ד',1700 - 1900,הנדסה-1102,2
"מחלקה הפקולטה להנדסה ע""ש אלכסנדר קופקין",83210-03,א' - 1.00,ב',0900 - 1000,הנדסה-1104,243
"מחלקה הפקולטה להנדסה ע""ש אלכסנדר קופקין",83210-04,א' - 1.00,ב',1300 - 1400,הנדסה-1104,243
"מחלקה הפקולטה להנדסה ע""ש אלכסנדר קופקין",83210-05,א' - 1.00,ג',0900 - 1000,מעונות-A1300,2
"מחלקה הפקולטה להנדסה ע""ש אלכסנדר קופקין",83210-06,א' - 1.00,ג',1200 - 1300,הנדסה-1104,244
"מחלקה הפקולטה להנדסה ע""ש אלכסנדר קופקין",83210-07,א' - 1.00,ג',1700 - 1800,הנדסה-1104,243
"מחלקה הפקולטה להנדסה ע""ש אלכסנדר קופקין",83210-08,א' - 1.00,ג',1800 - 1900,הנדסה-1104,243
"מחלקה הפקולטה להנדסה ע""ש אלכסנדר קופקין",83210-09,א' - 1.00,ד',1600 - 1700,רוח-1002,1
"מחלקה הפקולטה להנדסה ע""ש אלכסנדר קופקין",83210-10,א' - 1.00,ה',1300 - 1400,הנדסה-1104,249
"מחלקה הפקולטה להנדסה ע""ש אלכסנדר קופקין",83210-11,א' - 1.00,ד',1900 - 2000,הנדסה-1104,244
"מחלקה הפקולטה להנדסה ע""ש אלכסנדר קופקין",83211-01,א' - 2.00,א',1200 - 1400,הנדסה-1102,2
"מחלקה הפקולטה להנדסה ע""ש אלכסנדר קופקין",83211-02,א' - 2.00,ג',1300 - 1500,הנדסה-1103,22
"מחלקה הפקולטה להנדסה ע""ש אלכסנדר קופקין",83211-03,א' - 1.00,ב',1100 - 1200,מעונות-A1300,2
"מחלקה הפקולטה להנדסה ע""ש אלכסנדר קופקין",83211-04,א' - 1.00,ב',1800 - 1900,הנדסה-1104,244
"מחלקה הפקולטה להנדסה ע""ש אלכסנדר קופקין",83211-05,א' - 1.00,ג',1300 - 1400,הנדסה-1104,244
"מחלקה הפקולטה להנדסה ע""ש אלכסנדר קופקין",83211-06,א' - 1.00,ג',1400 - 1500,הנדסה-1104,244
"מחלקה הפקולטה להנדסה ע""ש אלכסנדר קופקין",83211-07,א' - 1.00,ג',1500 - 1600,הנדסה-1104,244
"מחלקה הפקולטה להנדסה ע""ש אלכסנדר קופקין",83211-08,א' - 1.00,ה',0900 - 1000,הנדסה-1105,271
"מחלקה הפקולטה להנדסה ע""ש אלכסנדר קופקין",83211-09,א' - 1.00,ה',1000 - 1100,הנדסה-1105,271
"מחלקה הפקולטה להנדסה ע""ש אלכסנדר קופקין",83211-10,א' - 1.00,ה',1400 - 1500,הנדסה-1104,249
"מחלקה הפקולטה להנדסה ע""ש אלכסנדר קופקין",83211-11,א' - 1.00,ה',0900 - 1000,הנדסה-1104,249
"מחלקה הפקולטה להנדסה ע""ש אלכסנדר קופקין",83214-01,א' - 2.00,ה',1300 - 1500,הנדסה-1103,22
"מחלקה הפקולטה להנדסה ע""ש אלכסנדר קופקין",83214-02,א' - 2.00,ג',1000 - 1200,הנדסה-1104,244
"מחלקה הפקולטה להנדסה ע""ש אלכסנדר קופקין",83214-03,א' - 2.00,א',1000 - 1200,הנדסה-1104,244
"מחלקה הפקולטה להנדסה ע""ש אלכסנדר קופקין",83214-04,א' - 2.00,ה',1500 - 1700,הנדסה-1103,22
"מחלקה הפקולטה להנדסה ע""ש אלכסנדר קופקין",83215-01,א' - 2.00,ג',1500 - 1700,וואהל 1401,4
"מחלקה הפקולטה להנדסה ע""ש אלכסנדר קופקין",83215-02,א' - 1.00,א',0900 - 1000,הנדסה-1104,42
"מחלקה הפקולטה להנדסה ע""ש אלכסנדר קופקין",83215-03,א' - 1.00,א',1800 - 1900,הנדסה-1105,271
"מחלקה הפקולטה להנדסה ע""ש אלכסנדר קופקין",83215-04,א' - 1.00,ב',1700 - 1800,הנדסה-1105,271
"מחלקה הפקולטה להנדסה ע""ש אלכסנדר קופקין",83215-05,א' - 1.00,ג',1300 - 1400,הנדסה-1104,243
"מחלקה הפקולטה להנדסה ע""ש אלכסנדר קופקין",83215-06,א' - 1.00,ג',1700 - 1800,הנדסה-1104,42
"מחלקה הפקולטה להנדסה ע""ש אלכסנדר קופקין",83215-07,א' - 1.00,ד',1600 - 1700,הנדסה-1104,243
"מחלקה הפקולטה להנדסה ע""ש אלכסנדר קופקין",83215-08,א' - 1.00,ה',1000 - 1100,הנדסה-1104,243
"מחלקה הפקולטה להנדסה ע""ש אלכסנדר קופקין",83216-01,א' - 3.00,א',1400 - 1700,הנדסה-1102,2
"מחלקה הפקולטה להנדסה ע""ש אלכסנדר קופקין",83216-02,א' - 1.00,א',1700 - 1800,מ.ישראל-604,14
"מחלקה הפקולטה להנדסה ע""ש אלכסנדר קופקין",83216-03,א' - 1.00,ב',1200 - 1300,הנדסה-1104,243
"מחלקה הפקולטה להנדסה ע""ש אלכסנדר קופקין",83216-04,א' - 1.00,ג',1200 - 1300,הנדסה-1104,243
"מחלקה הפקולטה להנדסה ע""ש אלכסנדר קופקין",83216-05,א' - 1.00,ג',1400 - 1500,הנדסה-1104,243
"מחלקה הפקולטה להנדסה ע""ש אלכסנדר קופקין",83216-06,א' - 1.00,ה',1100 - 1200,הנדסה-1104,243
"מחלקה הפקולטה להנדסה ע""ש אלכסנדר קופקין",83216-07,א' - 1.00,ה',1200 - 1300,הנדסה-1104,243
"מחלקה הפקולטה להנדסה ע""ש אלכסנדר קופקין",83216-10,א' - 2.00,ה',1700 - 1800,הנדסה-1102,2
"מחלקה הפקולטה להנדסה ע""ש אלכסנדר קופקין",83218-01,ב' - 2.00,א',1700 - 1900,הנדסה-1102,2
"מחלקה הפקולטה להנדסה ע""ש אלכסנדר קופקין",83218-02,ב' - 1.00,א',1400 - 1500,הנדסה-1105,271
"מחלקה הפקולטה להנדסה ע""ש אלכסנדר קופקין",83218-03,ב' - 1.00,ה',0900 - 1000,הנדסה-1104,243
"מחלקה הפקולטה להנדסה ע""ש אלכסנדר קופקין",83218-04,ב' - 1.00,ה',1400 - 1500,מעונות-A1300,2
"מחלקה הפקולטה להנדסה ע""ש אלכסנדר קופקין",83223-01,א' - 2.00,ה',1000 - 1200,הנדסה-1103,22
"מחלקה הפקולטה להנדסה ע""ש אלכסנדר קופקין",83223-02,א' - 2.00,א',1700 - 1900,מ.ישראל-507,104
"מחלקה הפקולטה להנדסה ע""ש אלכסנדר קופקין",83223-03,א' - 2.00,ג',1500 - 1700,הנדסה-1104,243
"מחלקה הפקולטה להנדסה ע""ש אלכסנדר קופקין",83223-04,א' - 2.00,ה',1600 - 1800,מעונות-A1300,2
"מחלקה הפקולטה להנדסה ע""ש אלכסנדר קופקין",83223-05,ב' - 2.00,ב',1700 - 1900,וואהל 1401,3
"מחלקה הפקולטה להנדסה ע""ש אלכסנדר קופקין",83223-06,ב' - 2.00,ד',0900 - 1100,הנדסה-1104,249
"מחלקה הפקולטה להנדסה ע""ש אלכסנדר קופקין",83223-07,ב' - 2.00,א',0900 - 1100,הנדסה-1104,243
"מחלקה הפקולטה להנדסה ע""ש אלכסנדר קופקין",83223-08,ב' - 2.00,ה',1000 - 1200,רוח-1002,202
"מחלקה הפקולטה להנדסה ע""ש אלכסנדר קופקין",83223-09,ב' - 2.00,ד',1300 - 1500,רוח-1002,305
"מחלקה הפקולטה להנדסה ע""ש אלכסנדר קופקין",83224-01,ב' - 3.00,ד',1300 - 1600,הנדסה-1103,22
"מחלקה הפקולטה להנדסה ע""ש אלכסנדר קופקין",83224-02,ב' - 1.00,ד',1000 - 1100,רוח-1002,305
"מחלקה הפקולטה להנדסה ע""ש אלכסנדר קופקין",83224-03,ב' - 1.00,ד',1100 - 1200,הנדסה-1104,243
"מחלקה הפקולטה להנדסה ע""ש אלכסנדר קופקין",83224-04,ב' - 1.00,ה',1400 - 1500,מעונות-A1300,1
"מחלקה הפקולטה להנדסה ע""ש אלכסנדר קופקין",83237-01,א' - 3.00,ב',1400 - 1700,הנדסה-1102,2
"מחלקה הפקולטה להנדסה ע""ש אלכסנדר קופקין",83237-02,א' - 3.00,ב',1700 - 2000,הנדסה-1102,2
"מחלקה הפקולטה להנדסה ע""ש אלכסנדר קופקין",83237-03,א' - 1.00,ב',1700 - 1800,מ.ישראל-507,206
"מחלקה הפקולטה להנדסה ע""ש אלכסנדר קופקין",83237-04,א' - 1.00,ג',1700 - 1800,הנדסה-1104,244
"מחלקה הפקולטה להנדסה ע""ש אלכסנדר קופקין",83237-05,א' - 1.00,ד',1300 - 1400,הנדסה-1104,244
"מחלקה הפקולטה להנדסה ע""ש אלכסנדר קופקין",83237-06,א' - 1.00,ד',1400 - 1500,הנדסה-1105,271
"מחלקה הפקולטה להנדסה ע""ש אלכסנדר קופקין",83237-07,א' - 1.00,ד',1500 - 1600,הנדסה-1104,42
"מחלקה הפקולטה להנדסה ע""ש אלכסנדר קופקין",83237-08,א' - 1.00,ה',0900 - 1000,הנדסה-1104,244
"מחלקה הפקולטה להנדסה ע""ש אלכסנדר קופקין",83237-09,א' - 1.00,ה',1600 - 1700,רוח-1002,305
"מחלקה הפקולטה להנדסה ע""ש אלכסנדר קופקין",83237-10,א' - 1.00,ה',1900 - 2000,הנדסה-1104,249
"מחלקה הפקולטה להנדסה ע""ש אלכסנדר קופקין",83238-01,ב' - 3.00,ג',1400 - 1700,הנדסה-1103,223
"מחלקה הפקולטה להנדסה ע""ש אלכסנדר קופקין",83238-02,ב' - 3.00,ג',1900 - 2200,הנדסה-1105,368
"מחלקה הפקולטה להנדסה ע""ש אלכסנדר קופקין",83243-01,ב' - 3.00,ב',0900 - 1200,הנדסה-1105,368
"מחלקה הפקולטה להנדסה ע""ש אלכסנדר קופקין",83243-02,ב' - 3.00,ג',1200 - 1500,הנדסה-1102,205
"מחלקה הפקולטה להנדסה ע""ש אלכסנדר קופקין",83243-03,ב' - 3.00,ד',1300 - 1600,הנדסה-1105,368
"מחלקה הפקולטה להנדסה ע""ש אלכסנדר קופקין",83243-04,ב' - 3.00,ה',1400 - 1700,הנדסה-1103,223
"מחלקה הפקולטה להנדסה ע""ש אלכסנדר קופקין",83243-05,ב' - 3.00,ג',0900 - 1200,הנדסה-1105,368
"מחלקה הפקולטה להנדסה ע""ש אלכסנדר קופקין",83244-01,ב' - 3.00,א',0900 - 1200,וואהל 1401,4
"מחלקה הפקולטה להנדסה ע""ש אלכסנדר קופקין",83244-02,ב' - 1.00,א',1500 - 1600,מעונות-A1300,2
"מחלקה הפקולטה להנדסה ע""ש אלכסנדר קופקין",83244-03,ב' - 1.00,ב',1800 - 1900,הנדסה-1103,22
"מחלקה הפקולטה להנדסה ע""ש אלכסנדר קופקין",83244-04,ב' - 1.00,ד',0900 - 1000,הנדסה-1104,42
"מחלקה הפקולטה להנדסה ע""ש אלכסנדר קופקין",83244-05,ב' - 1.00,ד',1000 - 1100,הנדסה-1104,42
"מחלקה הפקולטה להנדסה ע""ש אלכסנדר קופקין",83244-06,ב' - 1.00,ה',1300 - 1400,הנדסה-1102,2
"מחלקה הפקולטה להנדסה ע""ש אלכסנדר קופקין",83244-07,ב' - 1.00,ב',1900 - 2000,הנדסה-1103,22
"מחלקה הפקולטה להנדסה ע""ש אלכסנדר קופקין",83245-01,ב' - 3.00,ב',1100 - 1400,הנדסה-1102,2
"מחלקה הפקולטה להנדסה ע""ש אלכסנדר קופקין",83245-02,ב' - 3.00,ה',1500 - 1800,הנדסה-1102,2
"מחלקה הפקולטה להנדסה ע""ש אלכסנדר קופקין",83245-03,ב' - 1.00,ב',1800 - 1900,הנדסה-1104,244
"מחלקה הפקולטה להנדסה ע""ש אלכסנדר קופקין",83245-04,ב' - 1.00,ג',1600 - 1700,הנדסה-1102,2
"מחלקה הפקולטה להנדסה ע""ש אלכסנדר קופקין",83245-05,ב' - 1.00,ד',0900 - 1000,הנדסה-1105,53
"מחלקה הפקולטה להנדסה ע""ש אלכסנדר קופקין",83245-06,ב' - 1.00,ד',1600 - 1700,הנדסה-1104,42
"מחלקה הפקולטה להנדסה ע""ש אלכסנדר קופקין",83245-07,ב' - 1.00,ה',1200 - 1300,הנדסה-1104,243
"מחלקה הפקולטה להנדסה ע""ש אלכסנדר קופקין",83245-08,ב' - 1.00,ה',1800 - 1900,הנדסה-1104,244
"מחלקה הפקולטה להנדסה ע""ש אלכסנדר קופקין",83246-01,ב' - 3.00,ה',1000 - 1300,הנדסה-1102,2
"מחלקה הפקולטה להנדסה ע""ש אלכסנדר קופקין",83246-02,ב' - 1.00,א',1200 - 1300,מ.ישראל-505,106
"מחלקה הפקולטה להנדסה ע""ש אלכסנדר קופקין",83246-03,ב' - 1.00,א',1500 - 1600,מעונות-A1300,1
"מחלקה הפקולטה להנדסה ע""ש אלכסנדר קופקין",83246-04,ב' - 1.00,ג',1600 - 1700,הנדסה-1104,249
"מחלקה הפקולטה להנדסה ע""ש אלכסנדר קופקין",83246-05,ב' - 1.00,ד',1000 - 1100,הנדסה-1105,53
"מחלקה הפקולטה להנדסה ע""ש אלכסנדר קופקין",83246-06,ב' - 1.00,ה',0900 - 1000,הנדסה-1104,244
"מחלקה הפקולטה להנדסה ע""ש אלכסנדר קופקין",83246-07,ב' - 1.00,ה',1300 - 1400,הנדסה-1104,249
"מחלקה הפקולטה להנדסה ע""ש אלכסנדר קופקין",83250-01,ב' - 3.00,ג',1100 - 1400,הנדסה-1104,42
"מחלקה הפקולטה להנדסה ע""ש אלכסנדר קופקין",83250-02,ב' - 1.00,ג',1000 - 1100,מ.ישראל-507,202
"מחלקה הפקולטה להנדסה ע""ש אלכסנדר קופקין",83250-03,ב' - 1.00,ד',1200 - 1300,הנדסה-1103,22
"מחלקה הפקולטה להנדסה ע""ש אלכסנדר קופקין",83253-01,א' - 2.00,ג',1000 - 1200,הנדסה-1102,2
"מחלקה הפקולטה להנדסה ע""ש אלכסנדר קופקין",83253-03,א' - 1.00,א',1700 - 1800,הנדסה-1105,53
"מחלקה הפקולטה להנדסה ע""ש אלכסנדר קופקין",83253-04,א' - 1.00,ב',1000 - 1100,הנדסה-1104,243
"מחלקה הפקולטה להנדסה ע""ש אלכסנדר קופקין",83253-05,א' - 1.00,א',1800 - 1900,הנדסה-1105,53
"מחלקה הפקולטה להנדסה ע""ש אלכסנדר קופקין",83253-06,א' - 1.00,ד',1300 - 1400,הנדסה-1105,271
"מחלקה הפקולטה להנדסה ע""ש אלכסנדר קופקין",83253-07,א' - 1.00,ד',1400 - 1500,מעונות-A1300,2
"מחלקה הפקולטה להנדסה ע""ש אלכסנדר קופקין",83253-08,א' - 1.00,ד',1500 - 1600,מעונות-A1300,2
"מחלקה הפקולטה להנדסה ע""ש אלכסנדר קופקין",83253-09,א' - 1.00,ג',1600 - 1700,הנדסה-1104,244
"מחלקה הפקולטה להנדסה ע""ש אלכסנדר קופקין",83253-20,ב' - 2.00,ד',0800 - 1000,הנדסה-1104,244
"מחלקה הפקולטה להנדסה ע""ש אלכסנדר קופקין",83253-21,ב' - 1.00,ד',1000 - 1100,רוח-1002,201
"מחלקה הפקולטה להנדסה ע""ש אלכסנדר קופקין",83255-01,ב' - 2.00,א',1500 - 1700,חברה-901,61
"מחלקה הפקולטה להנדסה ע""ש אלכסנדר קופקין",83255-02,ב' - 2.00,א',1200 - 1400,רוח-1002,305
"מחלקה הפקולטה להנדסה ע""ש אלכסנדר קופקין",83255-03,ב' - 2.00,ב',1600 - 1800,הנדסה-1103,22
"מחלקה הפקולטה להנדסה ע""ש אלכסנדר קופקין",83255-04,ב' - 2.00,ה',1000 - 1200,רוח-1002,1
"מחלקה הפקולטה להנדסה ע""ש אלכסנדר קופקין",83255-05,ב' - 2.00,ה',1700 - 1900,הנדסה-1104,42
"מחלקה הפקולטה להנדסה ע""ש אלכסנדר קופקין",83256-01,א' - 2.00,א',1200 - 1400,הנדסה-1105,271
"מחלקה הפקולטה להנדסה ע""ש אלכסנדר קופקין",83256-02,א' - 2.00,א',1400 - 1600,הנדסה-1105,271
"פרטי קורס : שעות מחלקה
קוד קורס 83299-01
שם קורס באנגלית Departmental Hours
מחלקה הפקולטה להנדסה ע""ש אלכסנדר קופקין
פקולטה הנדסה
סוג מפגש ש.מחלקה
מרצה מחלקה מרצי
שעות סמסטר ב' - 4.00
נ""ז 0.00
הערה
יום ב',ג'
שעה 09:00 - 11:00
17:00 - 19:00
בניין
הנדסה-1102
חדר
2
אפיונים מודל - אתר מלווה קורס
פרונטלי
תאריכי בחינות",83299-01,ב' - 4.00,"ב',ג'","0900 - 1100
1700 - 1900",הנדסה-1102,2
"פרטי קורס : שעות מחלקה
קוד קורס 83300-01
שם קורס באנגלית Departmental Hours
מחלקה הפקולטה להנדסה ע""ש אלכסנדר קופקין
פקולטה הנדסה
סוג מפגש ש.מחלקה
מרצה מחלקה מרצי
שעות סמסטר א' - 4.00
סמסטר ב' - 4.00
נ""ז 0.00
הערה
יום ב',ד',ה'
שעה 16:00 - 18:00
08:00 - 10:00
17:00 - 19:00
08:00 - 10:00
בניין
הנדסה-1103
חדר
22
אפיונים מודל - אתר מלווה קורס
פרונטלי
תאריכי בחינות",83300-01,"א' - 4.00
 ב' - 4.00","ב',ד',ה'","1600 - 1800
0800 - 1000
1700 - 1900
0800 - 1000",הנדסה-1103,22
"מחלקה הפקולטה להנדסה ע""ש אלכסנדר קופקין",83301-01,ב' - 3.00,ג',1200 - 1500,הנדסה-1103,22
"מחלקה הפקולטה להנדסה ע""ש אלכסנדר קופקין",83301-02,ב' - 1.00,ג',1500 - 1600,הנדסה-1104,243
"מחלקה הפקולטה להנדסה ע""ש אלכסנדר קופקין",83301-03,ב' - 1.00,ג',1600 - 1700,מעונות-A1300,2
"מחלקה הפקולטה להנדסה ע""ש אלכסנדר קופקין",83301-04,ב' - 1.00,ב',1500 - 1600,הנדסה-1104,42
"מחלקה הפקולטה להנדסה ע""ש אלכסנדר קופקין",83301-05,ב' - 1.00,ה',1200 - 1300,הנדסה-1104,244
"מחלקה הפקולטה להנדסה ע""ש אלכסנדר קופקין",83301-06,ב' - 1.00,ג',1100 - 1200,הנדסה-1104,243
"מחלקה הפקולטה להנדסה ע""ש אלכסנדר קופקין",83302-01,א' - 3.00,ה',1000 - 1300,הנדסה-1102,2
"מחלקה הפקולטה להנדסה ע""ש אלכסנדר קופקין",83302-02,א' - 3.00,ה',1000 - 1300,חדר מחלקה,מחלקה
"מחלקה הפקולטה להנדסה ע""ש אלכסנדר קופקין",83302-03,א' - 2.00,ב',1100 - 1300,הנדסה-1104,249
"מחלקה הפקולטה להנדסה ע""ש אלכסנדר קופקין",83302-04,א' - 2.00,ב',1400 - 1600,הנדסה-1104,243
"מחלקה הפקולטה להנדסה ע""ש אלכסנדר קופקין",83302-05,א' - 2.00,ב',1800 - 2000,הנדסה-1105,271
"מחלקה הפקולטה להנדסה ע""ש אלכסנדר קופקין",83302-06,א' - 2.00,ד',1600 - 1800,רוח-1002,305
"מחלקה הפקולטה להנדסה ע""ש אלכסנדר קופקין",83302-07,א' - 2.00,ה',1500 - 1700,מעונות-A1300,1
"מחלקה הפקולטה להנדסה ע""ש אלכסנדר קופקין",83302-08,א' - 2.00,ב',0900 - 1100,הנדסה-1105,53
"מחלקה הפקולטה להנדסה ע""ש אלכסנדר קופקין",83306-01,א' - 3.00,ב',0900 - 1200,הנדסה-1104,244
"מחלקה הפקולטה להנדסה ע""ש אלכסנדר קופקין",83306-02,א' - 1.00,ב',1600 - 1700,הנדסה-1105,271
"מחלקה הפקולטה להנדסה ע""ש אלכסנדר קופקין",83310-01,ב' - 3.00,ג',1500 - 1800,הנדסה-1105,53
"מחלקה הפקולטה להנדסה ע""ש אלכסנדר קופקין",83310-02,ב' - 1.00,ג',1800 - 1900,רוח-1002,305
"מחלקה הפקולטה להנדסה ע""ש אלכסנדר קופקין",83311-01,ב' - 3.00,ה',1400 - 1700,הנדסה-1103,22
"מחלקה הפקולטה להנדסה ע""ש אלכסנדר קופקין",83311-02,ב' - 1.00,ה',1700 - 1800,הנדסה-1105,53
"מחלקה הפקולטה להנדסה ע""ש אלכסנדר קופקין",83311-03,ב' - 1.00,ה',1300 - 1400,הנדסה-1103,22
"מחלקה הפקולטה להנדסה ע""ש אלכסנדר קופקין",83313-01,ב' - 3.00,ג',0900 - 1200,הנדסה-1103,22
"מחלקה הפקולטה להנדסה ע""ש אלכסנדר קופקין",83313-02,ב' - 1.00,ג',1200 - 1300,הנדסה-1103,223
"מחלקה הפקולטה להנדסה ע""ש אלכסנדר קופקין",83313-03,ב' - 1.00,ד',1200 - 1300,הנדסה-1103,223
"מחלקה הפקולטה להנדסה ע""ש אלכסנדר קופקין",83313-04,ב' - 1.00,ד',1600 - 1700,הנדסה-1103,223
"מחלקה הפקולטה להנדסה ע""ש אלכסנדר קופקין",83313-05,ב' - 1.00,ג',1300 - 1400,מ.ישראל-604,105
"מחלקה הפקולטה להנדסה ע""ש אלכסנדר קופקין",83314-01,ב' - 3.00,ה',1000 - 1300,הנדסה-1103,22
"מחלקה הפקולטה להנדסה ע""ש אלכסנדר קופקין",83314-02,ב' - 1.00,ה',1300 - 1400,מ.ישראל-604,63
"מחלקה הפקולטה להנדסה ע""ש אלכסנדר קופקין",83314-03,ב' - 1.00,ה',1700 - 1800,מעונות-A1300,2
"מחלקה הפקולטה להנדסה ע""ש אלכסנדר קופקין",83316-01,א' - 2.00,ג',1500 - 1700,הנדסה-1105,53
"מחלקה הפקולטה להנדסה ע""ש אלכסנדר קופקין",83316-02,א' - 1.00,ג',1700 - 1800,הנדסה-1105,53
"מחלקה הפקולטה להנדסה ע""ש אלכסנדר קופקין",83317-01,א' - 3.00,ב',1300 - 1600,הנדסה-1105,368
"מחלקה הפקולטה להנדסה ע""ש אלכסנדר קופקין",83317-02,א' - 3.00,ה',1300 - 1600,הנדסה-1105,368
"מחלקה הפקולטה להנדסה ע""ש אלכסנדר קופקין",83317-03,א' - 3.00,ב',1800 - 2100,הנדסה-1105,368
"מחלקה הפקולטה להנדסה ע""ש אלכסנדר קופקין",83320-01,ב' - 3.00,ב',1300 - 1600,הנדסה-1103,22
"מחלקה הפקולטה להנדסה ע""ש אלכסנדר קופקין",83320-02,ב' - 1.00,ב',1200 - 1300,הנדסה-1104,249
"מחלקה הפקולטה להנדסה ע""ש אלכסנדר קופקין",83320-03,ב' - 1.00,ב',1600 - 1700,הנדסה-1104,42
"מחלקה הפקולטה להנדסה ע""ש אלכסנדר קופקין",83320-04,ב' - 1.00,ד',1600 - 1700,הנדסה-1104,244
"מחלקה הפקולטה להנדסה ע""ש אלכסנדר קופקין",83321-01,ב' - 3.00,ג',1200 - 1500,מ.ישראל-507,107
"מחלקה הפקולטה להנדסה ע""ש אלכסנדר קופקין",83321-02,ב' - 1.00,א',1000 - 1100,רוח-1002,201
"מחלקה הפקולטה להנדסה ע""ש אלכסנדר קופקין",83321-03,ב' - 1.00,א',1300 - 1400,מ.ישראל-604,103
"מחלקה הפקולטה להנדסה ע""ש אלכסנדר קופקין",83321-04,ב' - 1.00,ב',1200 - 1300,הנדסה-1105,271
"מחלקה הפקולטה להנדסה ע""ש אלכסנדר קופקין",83322-01,א' - 2.00,ג',1500 - 1700,הנדסה-1103,22
"מחלקה הפקולטה להנדסה ע""ש אלכסנדר קופקין",83322-02,א' - 1.00,א',0900 - 1000,הנדסה-1105,271
"מחלקה הפקולטה להנדסה ע""ש אלכסנדר קופקין",83322-03,א' - 1.00,א',1600 - 1700,הנדסה-1104,42
"מחלקה הפקולטה להנדסה ע""ש אלכסנדר קופקין",83322-04,א' - 1.00,ג',1700 - 1800,הנדסה-1103,22
"מחלקה הפקולטה להנדסה ע""ש אלכסנדר קופקין",83322-05,א' - 1.00,ב',1300 - 1400,הנדסה-1104,42
"מחלקה הפקולטה להנדסה ע""ש אלכסנדר קופקין",83322-06,א' - 2.00,א',1700 - 1900,הנדסה-1105,368
"מחלקה הפקולטה להנדסה ע""ש אלכסנדר קופקין",83322-07,א' - 2.00,ב',1400 - 1600,הנדסה-1103,223
"מחלקה הפקולטה להנדסה ע""ש אלכסנדר קופקין",83322-08,א' - 2.00,ב',1800 - 2000,הנדסה-1103,223
"מחלקה הפקולטה להנדסה ע""ש אלכסנדר קופקין",83322-09,א' - 2.00,ג',1800 - 2000,הנדסה-1105,368
"מחלקה הפקולטה להנדסה ע""ש אלכסנדר קופקין",83322-10,א' - 2.00,ב',0900 - 1100,הנדסה-1105,368
"מחלקה הפקולטה להנדסה ע""ש אלכסנדר קופקין",83323-01,א' - 2.00,ד',1000 - 1200,הנדסה-1103,22
"מחלקה הפקולטה להנדסה ע""ש אלכסנדר קופקין",83323-02,א' - 1.00,ד',1200 - 1300,הנדסה-1105,53
"מחלקה הפקולטה להנדסה ע""ש אלכסנדר קופקין",83323-03,א' - 1.00,ד',1300 - 1400,רוח-1002,305
"מחלקה הפקולטה להנדסה ע""ש אלכסנדר קופקין",83323-04,א' - 1.00,ג',1000 - 1100,מ.ישראל-507,203
"מחלקה הפקולטה להנדסה ע""ש אלכסנדר קופקין",83323-05,א' - 1.00,ד',1600 - 1700,מעונות-A1300,2
"מחלקה הפקולטה להנדסה ע""ש אלכסנדר קופקין",83323-06,א' - 1.00,ב',1000 - 1100,מעונות-A1300,2
"מחלקה הפקולטה להנדסה ע""ש אלכסנדר קופקין",83323-07,א' - 2.00,ב',1100 - 1300,הנדסה-1105,368
"מחלקה הפקולטה להנדסה ע""ש אלכסנדר קופקין",83323-08,א' - 2.00,ד',1600 - 1800,הנדסה-1105,368
"מחלקה הפקולטה להנדסה ע""ש אלכסנדר קופקין",83323-09,א' - 2.00,ד',1400 - 1600,הנדסה-1105,368
"מחלקה הפקולטה להנדסה ע""ש אלכסנדר קופקין",83323-10,א' - 2.00,ג',1100 - 1300,הנדסה-1105,368
"מחלקה הפקולטה להנדסה ע""ש אלכסנדר קופקין",83323-11,א' - 2.00,ה',1500 - 1700,הנדסה-1102,205
"מחלקה הפקולטה להנדסה ע""ש אלכסנדר קופקין",83340-01,א' - 3.00,א',1300 - 1600,הנדסה-1103,22
"מחלקה הפקולטה להנדסה ע""ש אלכסנדר קופקין",83340-02,א' - 1.00,ג',0900 - 1000,הנדסה-1104,42
"מחלקה הפקולטה להנדסה ע""ש אלכסנדר קופקין",83340-03,א' - 1.00,ב',0900 - 1000,מעונות-A1300,2
"מחלקה הפקולטה להנדסה ע""ש אלכסנדר קופקין",83340-04,א' - 1.00,ג',1200 - 1300,מעונות-A1300,1
"מחלקה הפקולטה להנדסה ע""ש אלכסנדר קופקין",83356-01,ב' - 3.00,ב',0900 - 1200,הנדסה-1105,271
"מחלקה הפקולטה להנדסה ע""ש אלכסנדר קופקין",83356-02,ב' - 1.00,ד',0900 - 1000,הנדסה-1105,271
"מחלקה הפקולטה להנדסה ע""ש אלכסנדר קופקין",83360-01,א' - 3.00,ג',0900 - 1200,הנדסה-1104,249
"מחלקה הפקולטה להנדסה ע""ש אלכסנדר קופקין",83360-02,א' - 1.00,א',0900 - 1000,הנדסה-1104,249
"מחלקה הפקולטה להנדסה ע""ש אלכסנדר קופקין",83361-01,ב' - 3.00,ב',1600 - 1900,הנדסה-1104,249
"מחלקה הפקולטה להנדסה ע""ש אלכסנדר קופקין",83362-01,ב' - 2.00,ב',1300 - 1500,הנדסה-1104,249
"מחלקה הפקולטה להנדסה ע""ש אלכסנדר קופקין",83362-02,ב' - 1.00,ב',1500 - 1600,הנדסה-1104,249
"מחלקה הפקולטה להנדסה ע""ש אלכסנדר קופקין",83363-01,ב' - 2.00,ג',1100 - 1300,הנדסה-1104,249
"מחלקה הפקולטה להנדסה ע""ש אלכסנדר קופקין",83363-02,ב' - 1.00,ג',1300 - 1400,הנדסה-1104,249
"מחלקה הפקולטה להנדסה ע""ש אלכסנדר קופקין",83363-03,ב' - 1.00,ג',1400 - 1500,הנדסה-1104,249
"מחלקה הפקולטה להנדסה ע""ש אלכסנדר קופקין",83364-01,ב' - 2.00,ה',1600 - 1800,הנדסה-1104,249
"מחלקה הפקולטה להנדסה ע""ש אלכסנדר קופקין",83364-02,ב' - 1.00,ג',1700 - 1800,מעבדה,999
"מחלקה הפקולטה להנדסה ע""ש אלכסנדר קופקין",83364-03,ב' - 2.00,ג',1500 - 1700,מעבדה,999
"מחלקה הפקולטה להנדסה ע""ש אלכסנדר קופקין",83366-01,ב' - 2.00,ג',1500 - 1700,הנדסה-1105,271
"מחלקה הפקולטה להנדסה ע""ש אלכסנדר קופקין",83366-02,ב' - 1.00,ג',1700 - 1800,הנדסה-1105,271
"מחלקה הפקולטה להנדסה ע""ש אלכסנדר קופקין",83367-01,א' - 3.00,ג',1200 - 1500,הנדסה-1104,249
"מחלקה הפקולטה להנדסה ע""ש אלכסנדר קופקין",83367-02,א' - 1.00,ג',1500 - 1600,הנדסה-1104,249
"מחלקה הפקולטה להנדסה ע""ש אלכסנדר קופקין",83368-01,א' - 3.00,ג',0900 - 1200,חברה-902,210
"מחלקה הפקולטה להנדסה ע""ש אלכסנדר קופקין",83369-01,ב' - 3.00,ג',0900 - 1200,רוח-1002,201
"מחלקה הפקולטה להנדסה ע""ש אלכסנדר קופקין",83370-01,ב' - 3.00,א',1100 - 1400,הנדסה-1104,249
"מחלקה הפקולטה להנדסה ע""ש אלכסנדר קופקין",83370-02,ב' - 1.00,א',1400 - 1500,הנדסה-1104,249
"מחלקה הפקולטה להנדסה ע""ש אלכסנדר קופקין",83371-01,א' - 3.00,א',1200 - 1500,הנדסה-1104,249
"מחלקה הפקולטה להנדסה ע""ש אלכסנדר קופקין",83371-02,א' - 1.00,א',1500 - 1600,הנדסה-1104,249
"מחלקה הפקולטה להנדסה ע""ש אלכסנדר קופקין",83372-01,ב' - 2.00,ב',1200 - 1400,הנדסה-1104,244
"מחלקה הפקולטה להנדסה ע""ש אלכסנדר קופקין",83372-02,ב' - 1.00,ב',1400 - 1500,הנדסה-1104,244
"מחלקה הפקולטה להנדסה ע""ש אלכסנדר קופקין",83374-01,א' - 3.00,ב',1700 - 2000,מעונות-A1300,1
"מחלקה הפקולטה להנדסה ע""ש אלכסנדר קופקין",83381-01,א' - 2.00,א',1000 - 1200,הנדסה-1103,22
"מחלקה הפקולטה להנדסה ע""ש אלכסנדר קופקין",83381-02,א' - 2.00,א',1200 - 1400,רוח-1002,201
"מחלקה הפקולטה להנדסה ע""ש אלכסנדר קופקין",83381-03,א' - 2.00,א',1700 - 1900,מ.ישראל-502,37
"מחלקה הפקולטה להנדסה ע""ש אלכסנדר קופקין",83381-04,א' - 2.00,ד',1700 - 1900,מעונות-A1300,2
"פרטי קורס : שעות מחלקה
קוד קורס 83400-01
שם קורס באנגלית Departmental Hours
מחלקה הפקולטה להנדסה ע""ש אלכסנדר קופקין
פקולטה הנדסה
סוג מפגש ש.מחלקה
מרצה מחלקה מרצי
שעות סמסטר א' - 4.00
נ""ז 0.00
הערה
יום ד',ה'
שעה 08:00 - 10:00
16:00 - 18:00
בניין
הנדסה-1105
חדר
53
אפיונים מודל - אתר מלווה קורס
פרונטלי
תאריכי בחינות",83400-01,א' - 4.00,"ד',ה'","0800 - 1000
1600 - 1800",הנדסה-1105,53
"מחלקה הפקולטה להנדסה ע""ש אלכסנדר קופקין",83410-01,ב' - 2.00,ד',1000 - 1200,מעונות-A1300,2
"מחלקה הפקולטה להנדסה ע""ש אלכסנדר קופקין",83410-02,ב' - 1.00,ב',0900 - 1000,רוח-1002,201
"מחלקה הפקולטה להנדסה ע""ש אלכסנדר קופקין",83411-01,ב' - 3.00,א',1100 - 1400,הנדסה-1105,366
"מחלקה הפקולטה להנדסה ע""ש אלכסנדר קופקין",83411-02,ב' - 3.00,ב',1200 - 1500,הנדסה-1105,366
"מחלקה הפקולטה להנדסה ע""ש אלכסנדר קופקין",83411-03,ב' - 3.00,ד',1000 - 1300,הנדסה-1105,366
"מחלקה הפקולטה להנדסה ע""ש אלכסנדר קופקין",83411-04,ב' - 3.00,ד',1300 - 1600,הנדסה-1105,366
"מחלקה הפקולטה להנדסה ע""ש אלכסנדר קופקין",83411-05,ב' - 3.00,ג',1200 - 1500,הנדסה-1105,366
"מחלקה הפקולטה להנדסה ע""ש אלכסנדר קופקין",83412-01,ב' - 2.00,ד',1300 - 1500,מ.ישראל-604,63
"מחלקה הפקולטה להנדסה ע""ש אלכסנדר קופקין",83412-02,ב' - 1.00,ד',1500 - 1600,רוח-1002,305
"מחלקה הפקולטה להנדסה ע""ש אלכסנדר קופקין",83415-01,ב' - 3.00,א',1100 - 1400,הנדסה-1103,223
"מחלקה הפקולטה להנדסה ע""ש אלכסנדר קופקין",83420-01,ב' - 3.00,א',1400 - 1700,מ.ישראל-505,105
"מחלקה הפקולטה להנדסה ע""ש אלכסנדר קופקין",83420-02,ב' - 1.00,א',1700 - 1800,הנדסה-1105,53
"מחלקה הפקולטה להנדסה ע""ש אלכסנדר קופקין",83425-01,א' - 3.00,ה',1300 - 1600,הנדסה-1103,223
"מחלקה הפקולטה להנדסה ע""ש אלכסנדר קופקין",83435-01,א' - 3.00,א',0900 - 1200,הנדסה-1104,344
"מחלקה הפקולטה להנדסה ע""ש אלכסנדר קופקין",83435-02,א' - 3.00,א',1600 - 1900,הנדסה-1104,344
"מחלקה הפקולטה להנדסה ע""ש אלכסנדר קופקין",83435-03,א' - 3.00,ב',0900 - 1200,הנדסה-1104,344
"מחלקה הפקולטה להנדסה ע""ש אלכסנדר קופקין",83435-04,א' - 3.00,ג',1500 - 1800,הנדסה-1104,344
"מחלקה הפקולטה להנדסה ע""ש אלכסנדר קופקין",83435-05,א' - 3.00,ד',1000 - 1300,הנדסה-1104,344
"מחלקה הפקולטה להנדסה ע""ש אלכסנדר קופקין",83435-06,א' - 3.00,ד',1300 - 1600,הנדסה-1104,344
"מחלקה הפקולטה להנדסה ע""ש אלכסנדר קופקין",83435-07,א' - 3.00,ה',1000 - 1300,הנדסה-1104,344
"מחלקה הפקולטה להנדסה ע""ש אלכסנדר קופקין",83440-01,ב' - 3.00,ד',0900 - 1200,מעונות-A1300,1
"מחלקה הפקולטה להנדסה ע""ש אלכסנדר קופקין",83440-02,ב' - 1.00,ד',1600 - 1700,הנדסה-1105,271
"מחלקה הפקולטה להנדסה ע""ש אלכסנדר קופקין",83445-01,א' - 3.00,א',1300 - 1600,הנדסה-1104,347
"מחלקה הפקולטה להנדסה ע""ש אלכסנדר קופקין",83445-02,א' - 3.00,א',1600 - 1900,הנדסה-1104,347
"מחלקה הפקולטה להנדסה ע""ש אלכסנדר קופקין",83445-03,א' - 3.00,ב',1200 - 1500,הנדסה-1104,347
"מחלקה הפקולטה להנדסה ע""ש אלכסנדר קופקין",83445-04,א' - 3.00,ג',1200 - 1500,הנדסה-1104,347
"מחלקה הפקולטה להנדסה ע""ש אלכסנדר קופקין",83452-01,ב' - 2.00,א',1100 - 1300,מעונות-A1300,1
"מחלקה הפקולטה להנדסה ע""ש אלכסנדר קופקין",83452-02,ב' - 1.00,א',1300 - 1400,מעונות-A1300,1
"מחלקה הפקולטה להנדסה ע""ש אלכסנדר קופקין",83453-01,א' - 2.00,ב',1200 - 1400,הנדסה-1103,22
"מחלקה הפקולטה להנדסה ע""ש אלכסנדר קופקין",83453-02,א' - 1.00,ב',1400 - 1500,הנדסה-1104,42
"מחלקה הפקולטה להנדסה ע""ש אלכסנדר קופקין",83453-03,א' - 1.00,ד',1500 - 1600,הנדסה-1104,244
"מחלקה הפקולטה להנדסה ע""ש אלכסנדר קופקין",83455-01,א' - 3.00,ד',1300 - 1600,הנדסה-1103,22
"מחלקה הפקולטה להנדסה ע""ש אלכסנדר קופקין",83455-02,א' - 1.00,א',1600 - 1700,מ.ישראל-604,63
"מחלקה הפקולטה להנדסה ע""ש אלכסנדר קופקין",83455-03,א' - 1.00,ב',1100 - 1200,הנדסה-1104,243
"מחלקה הפקולטה להנדסה ע""ש אלכסנדר קופקין",83455-04,א' - 1.00,ד',1200 - 1300,נלמד בזום,999
"מחלקה הפקולטה להנדסה ע""ש אלכסנדר קופקין",83456-01,א' - 2.00,ב',1600 - 1800,חדר מחלקה,מחלקה
"מחלקה הפקולטה להנדסה ע""ש אלכסנדר קופקין",83456-02,א' - 1.00,ב',1800 - 1900,הנדסה-1105,53
"מחלקה הפקולטה להנדסה ע""ש אלכסנדר קופקין",83458-01,א' - 2.00,ג',0900 - 1100,מ.ישראל-605,13
"מחלקה הפקולטה להנדסה ע""ש אלכסנדר קופקין",83458-02,א' - 1.00,ג',1100 - 1200,מ.ישראל-605,13
"מחלקה הפקולטה להנדסה ע""ש אלכסנדר קופקין",83459-01,ב' - 2.00,א',1100 - 1300,הנדסה-1104,243
"מחלקה הפקולטה להנדסה ע""ש אלכסנדר קופקין",83459-02,ב' - 2.00,א',1700 - 1900,מ.ישראל-505,105
"מחלקה הפקולטה להנדסה ע""ש אלכסנדר קופקין",83459-03,ב' - 2.00,ד',1400 - 1600,רוח-1002,202
"מחלקה הפקולטה להנדסה ע""ש אלכסנדר קופקין",83466-01,א' - 3.00,א',0900 - 1200,הנדסה-1105,53
"מחלקה הפקולטה להנדסה ע""ש אלכסנדר קופקין",83466-02,א' - 1.00,א',1200 - 1300,רוח-1002,305
"מחלקה הפקולטה להנדסה ע""ש אלכסנדר קופקין",83466-03,א' - 1.00,ג',0900 - 1000,הנדסה-1105,53
"פרטי קורס : שעות מחלקה
קוד קורס 83499-01
שם קורס באנגלית Departmental Hours
מחלקה הפקולטה להנדסה ע""ש אלכסנדר קופקין
פקולטה הנדסה
סוג מפגש ש.מחלקה
מרצה מחלקה מרצי
שעות סמסטר ב' - 4.00
נ""ז 0.00
הערה
יום א',ה'
שעה 09:00 - 11:00
08:00 - 10:00
בניין
הנדסה-1105
חדר
53
אפיונים מודל - אתר מלווה קורס
פרונטלי
תאריכי בחינות",83499-01,ב' - 4.00,"א',ה'","0900 - 1100
0800 - 1000",הנדסה-1105,53
"מחלקה הפקולטה להנדסה ע""ש אלכסנדר קופקין",83500-01,א' - 3.00,ה',1400 - 1700,הנדסה-1105,271
"מחלקה הפקולטה להנדסה ע""ש אלכסנדר קופקין",83500-02,א' - 1.00,ה',1700 - 1800,הנדסה-1105,271
"מחלקה הפקולטה להנדסה ע""ש אלכסנדר קופקין",83500-03,א' - 1.00,א',1100 - 1200,הנדסה-1104,249
"מחלקה הפקולטה להנדסה ע""ש אלכסנדר קופקין",83501-01,ב' - 3.00,ד',1100 - 1400,הנדסה-1104,42
"מחלקה הפקולטה להנדסה ע""ש אלכסנדר קופקין",83501-02,ב' - 2.00,ד',1400 - 1600,הנדסה-1104,244
"מחלקה הפקולטה להנדסה ע""ש אלכסנדר קופקין",83501-03,ב' - 2.00,ה',1600 - 1800,הנדסה-1104,244
"מחלקה הפקולטה להנדסה ע""ש אלכסנדר קופקין",83501-04,א' - 3.00,א',1400 - 1700,חדר מחלקה,מחלקה
"מחלקה הפקולטה להנדסה ע""ש אלכסנדר קופקין",83501-05,א' - 2.00,א',1700 - 1900,חדר מחלקה,מחלקה
"מחלקה הפקולטה להנדסה ע""ש אלכסנדר קופקין",83501-07,א' - 2.00,ה',1200 - 1400,חדר מחלקה,מחלקה
"מחלקה הפקולטה להנדסה ע""ש אלכסנדר קופקין",83502-01,ב' - 2.00,ד',1600 - 1800,הנדסה-1105,53
"מחלקה הפקולטה להנדסה ע""ש אלכסנדר קופקין",83503-01,א' - 4.00,א',1200 - 1600,מ.ישראל-605,11
"מחלקה הפקולטה להנדסה ע""ש אלכסנדר קופקין",83503-02,א' - 2.00,ג',1700 - 1900,מעונות-A1300,2
"מחלקה הפקולטה להנדסה ע""ש אלכסנדר קופקין",83503-03,א' - 2.00,ד',1500 - 1700,הנדסה-1105,271
"מחלקה הפקולטה להנדסה ע""ש אלכסנדר קופקין",83504-01,א' - 3.00,ב',1100 - 1400,הנדסה-1105,53
"מחלקה הפקולטה להנדסה ע""ש אלכסנדר קופקין",83504-02,א' - 1.00,א',1600 - 1700,הנדסה-1105,53
"מחלקה הפקולטה להנדסה ע""ש אלכסנדר קופקין",83504-03,א' - 1.00,ה',1300 - 1400,מעונות-A1300,2
"מחלקה הפקולטה להנדסה ע""ש אלכסנדר קופקין",83504-04,ב' - 3.00,ב',1500 - 1800,מעונות-A1300,2
"מחלקה הפקולטה להנדסה ע""ש אלכסנדר קופקין",83504-05,ב' - 1.00,ב',1800 - 1900,מעונות-A1300,2
"מחלקה הפקולטה להנדסה ע""ש אלכסנדר קופקין",83504-06,ב' - 1.00,ד',1200 - 1300,הנדסה-1104,243
"מחלקה הפקולטה להנדסה ע""ש אלכסנדר קופקין",83505-01,א' - 3.00,ב',1400 - 1700,הנדסה-1104,249
"מחלקה הפקולטה להנדסה ע""ש אלכסנדר קופקין",83505-02,א' - 1.00,ב',1700 - 1800,הנדסה-1104,249
"מחלקה הפקולטה להנדסה ע""ש אלכסנדר קופקין",83505-03,א' - 1.00,ה',1200 - 1300,הנדסה-1104,249
"מחלקה הפקולטה להנדסה ע""ש אלכסנדר קופקין",83506-01,ב' - 3.00,ג',1200 - 1500,הנדסה-1105,53
"מחלקה הפקולטה להנדסה ע""ש אלכסנדר קופקין",83506-02,ב' - 1.00,ג',1500 - 1600,הנדסה-1104,249
"מחלקה הפקולטה להנדסה ע""ש אלכסנדר קופקין",83506-03,ב' - 1.00,ד',1100 - 1200,הנדסה-1104,249
"מחלקה הפקולטה להנדסה ע""ש אלכסנדר קופקין",83507-01,ב' - 3.00,א',1200 - 1500,הנדסה-1103,22
"מחלקה הפקולטה להנדסה ע""ש אלכסנדר קופקין",83507-02,ב' - 1.00,א',1500 - 1600,הנדסה-1103,22
"מחלקה הפקולטה להנדסה ע""ש אלכסנדר קופקין",83507-03,ב' - 1.00,ג',1000 - 1100,הנדסה-1104,243
"מחלקה הפקולטה להנדסה ע""ש אלכסנדר קופקין",83508-01,ב' - 2.00,ב',1700 - 1900,הנדסה-1104,42
"מחלקה הפקולטה להנדסה ע""ש אלכסנדר קופקין",83508-02,ב' - 1.00,ב',1900 - 2000,הנדסה-1104,244
"מחלקה הפקולטה להנדסה ע""ש אלכסנדר קופקין",83509-01,ב' - 2.00,א',1600 - 1800,הנדסה-1103,22
"מחלקה הפקולטה להנדסה ע""ש אלכסנדר קופקין",83509-02,ב' - 2.00,א',1800 - 2000,הנדסה-1103,22
"מחלקה הפקולטה להנדסה ע""ש אלכסנדר קופקין",83510-01,ב' - 2.00,ד',1600 - 1800,מ.ישראל-505,103
"מחלקה הפקולטה להנדסה ע""ש אלכסנדר קופקין",83510-02,ב' - 1.00,ד',1800 - 1900,מ.ישראל-505,103
"מחלקה הפקולטה להנדסה ע""ש אלכסנדר קופקין",83511-01,ב' - 3.00,א',1400 - 1700,הנדסה-1102,2
"מחלקה הפקולטה להנדסה ע""ש אלכסנדר קופקין",83511-02,ב' - 1.00,ד',1300 - 1400,הנדסה-1104,243
"מחלקה הפקולטה להנדסה ע""ש אלכסנדר קופקין",83512-01,א' - 3.00,א',1000 - 1300,הנדסה-1104,243
"מחלקה הפקולטה להנדסה ע""ש אלכסנדר קופקין",83512-02,א' - 1.00,א',1300 - 1400,הנדסה-1104,243
"מחלקה הפקולטה להנדסה ע""ש אלכסנדר קופקין",83513-01,א' - 3.00,א',1400 - 1700,מעונות-A1300,2
"מחלקה הפקולטה להנדסה ע""ש אלכסנדר קופקין",83513-02,א' - 1.00,א',1700 - 1800,מעונות-A1300,2
"מחלקה הפקולטה להנדסה ע""ש אלכסנדר קופקין",83530-01,ב' - 2.00,ב',1500 - 1700,הנדסה-1104,244
"מחלקה הפקולטה להנדסה ע""ש אלכסנדר קופקין",83530-02,ב' - 1.00,ב',1700 - 1800,הנדסה-1104,244
"מחלקה הפקולטה להנדסה ע""ש אלכסנדר קופקין",83531-01,א' - 3.00,ד',1100 - 1400,הנדסה-1104,42
"מחלקה הפקולטה להנדסה ע""ש אלכסנדר קופקין",83531-02,א' - 1.00,ד',1400 - 1500,הנדסה-1104,244
"מחלקה הפקולטה להנדסה ע""ש אלכסנדר קופקין",83531-03,א' - 1.00,ג',1200 - 1300,הנדסה-1103,22
"מחלקה הפקולטה להנדסה ע""ש אלכסנדר קופקין",83532-01,ב' - 2.00,א',1500 - 1700,הנדסה-1104,249
"מחלקה הפקולטה להנדסה ע""ש אלכסנדר קופקין",83532-02,ב' - 1.00,א',1700 - 1800,מ.ישראל-604,64
"מחלקה הפקולטה להנדסה ע""ש אלכסנדר קופקין",83533-01,ב' - 3.00,ד',1300 - 1600,מ.ישראל-605,102
"מחלקה הפקולטה להנדסה ע""ש אלכסנדר קופקין",83533-02,ב' - 2.00,ד',1600 - 1800,מ.ישראל-605,102
"מחלקה הפקולטה להנדסה ע""ש אלכסנדר קופקין",83533-03,ב' - 2.00,ד',1600 - 1800,מ.ישראל-605,104
"מחלקה הפקולטה להנדסה ע""ש אלכסנדר קופקין",83537-01,א' - 2.00,סוג מפגש קולוקו רשות,1400 - 1600,הנדסה-1105,53
"מחלקה הפקולטה להנדסה ע""ש אלכסנדר קופקין",83538-01,ב' - 4.00,ה',1000 - 1400,רוח-1002,201
"מחלקה הפקולטה להנדסה ע""ש אלכסנדר קופקין",83545-01,ב' - 2.00,ד',1000 - 1200,הנדסה-1104,244
"מחלקה הפקולטה להנדסה ע""ש אלכסנדר קופקין",83545-02,ב' - 1.00,ד',1200 - 1300,הנדסה-1104,244
"מחלקה הפקולטה להנדסה ע""ש אלכסנדר קופקין",83550-01,ב' - 2.00,ד',1100 - 1300,הנדסה-1105,53
"מחלקה הפקולטה להנדסה ע""ש אלכסנדר קופקין",83551-01,א' - 2.00,ד',1000 - 1200,הנדסה-1104,244
"מחלקה הפקולטה להנדסה ע""ש אלכסנדר קופקין",83551-02,א' - 1.00,ד',1200 - 1300,הנדסה-1104,244
"מחלקה הפקולטה להנדסה ע""ש אלכסנדר קופקין",83552-01,ב' - 4.00,א',1200 - 1600,חדר מחלקה,מחלקה
"מחלקה הפקולטה להנדסה ע""ש אלכסנדר קופקין",83554-01,ב' - 1.00,ב',0900 - 1000,מעונות-A1300,2
"מחלקה הפקולטה להנדסה ע""ש אלכסנדר קופקין",83554-02,ב' - 3.00,ב',1000 - 1300,מעונות-A1300,2
"מחלקה הפקולטה להנדסה ע""ש אלכסנדר קופקין",83560-01,ב' - 4.00,ה',1200 - 1600,הנדסה-1103,224
"מחלקה הפקולטה להנדסה ע""ש אלכסנדר קופקין",83562-01,ב' - 2.00,א',1700 - 1900,הנדסה-1104,249
"מחלקה הפקולטה להנדסה ע""ש אלכסנדר קופקין",83562-02,ב' - 1.00,א',1900 - 2000,הנדסה-1104,249
"מחלקה הפקולטה להנדסה ע""ש אלכסנדר קופקין",83563-01,א' - 2.00,ב',1500 - 1700,הנדסה-1104,42
"מחלקה הפקולטה להנדסה ע""ש אלכסנדר קופקין",83563-02,א' - 1.00,ב',1700 - 1800,הנדסה-1104,42
"מחלקה הפקולטה להנדסה ע""ש אלכסנדר קופקין",83563-03,א' - 1.00,ב',1800 - 1900,הנדסה-1104,42
"מחלקה הפקולטה להנדסה ע""ש אלכסנדר קופקין",83577-01,ב' - 2.00,ג',0900 - 1100,טרם שובץ,טרם שובץ
"מחלקה הפקולטה להנדסה ע""ש אלכסנדר קופקין",83577-02,ב' - 1.00,ג',1100 - 1200,הנדסה-1105,53
"מחלקה הפקולטה להנדסה ע""ש אלכסנדר קופקין",83578-01,א' - 2.00,ד',1600 - 1800,הנדסה-1103,22
"מחלקה הפקולטה להנדסה ע""ש אלכסנדר קופקין",83578-02,א' - 1.00,ד',1800 - 1900,הנדסה-1103,22
"מחלקה הפקולטה להנדסה ע""ש אלכסנדר קופקין",83580-01,ב' - 3.00,א',1000 - 1300,הנדסה-1105,271
"מחלקה הפקולטה להנדסה ע""ש אלכסנדר קופקין",83580-02,ב' - 1.00,א',1300 - 1400,הנדסה-1105,271
"מחלקה הפקולטה להנדסה ע""ש אלכסנדר קופקין",83581-01,א' - 3.00,ד',1100 - 1400,חדר מחלקה,מחלקה
"מחלקה הפקולטה להנדסה ע""ש אלכסנדר קופקין",83581-02,א' - 2.00,ב',1000 - 1200,רוח-1002,305
"מחלקה הפקולטה להנדסה ע""ש אלכסנדר קופקין",83582-01,א' - 3.00,ג',1000 - 1300,הנדסה-1105,53
"מחלקה הפקולטה להנדסה ע""ש אלכסנדר קופקין",83582-02,א' - 1.00,א',1200 - 1300,הנדסה-1105,53
"מחלקה הפקולטה להנדסה ע""ש אלכסנדר קופקין",83584-01,ב' - 4.00,ג',1300 - 1700,הנדסה-1104,244
"מחלקה הפקולטה להנדסה ע""ש אלכסנדר קופקין",83588-01,ב' - 2.00,א',1200 - 1400,הנדסה-1104,244
"מחלקה הפקולטה להנדסה ע""ש אלכסנדר קופקין",83588-02,ב' - 1.00,א',1700 - 1800,הנדסה-1104,244
"מחלקה הפקולטה להנדסה ע""ש אלכסנדר קופקין",83602-01,א' - 3.00,ד',1500 - 1800,הנדסה-1104,249
"מחלקה הפקולטה להנדסה ע""ש אלכסנדר קופקין",83602-02,א' - 1.00,ד',1400 - 1500,הנדסה-1104,249
"מחלקה הפקולטה להנדסה ע""ש אלכסנדר קופקין",83605-01,א' - 2.00,ב',1300 - 1500,הנדסה-1105,271
"מחלקה הפקולטה להנדסה ע""ש אלכסנדר קופקין",83605-02,א' - 1.00,ב',1500 - 1600,הנדסה-1105,271
"מחלקה הפקולטה להנדסה ע""ש אלכסנדר קופקין",83606-01,א' - 3.00,ג',1200 - 1500,מעונות-A1300,2
"מחלקה הפקולטה להנדסה ע""ש אלכסנדר קופקין",83607-01,ב' - 2.00,ד',1200 - 1400,הנדסה-1104,249
"מחלקה הפקולטה להנדסה ע""ש אלכסנדר קופקין",83607-02,ב' - 2.00,ד',1400 - 1600,הנדסה-1103,223
"מחלקה הפקולטה להנדסה ע""ש אלכסנדר קופקין",83607-03,ב' - 2.00,ג',1500 - 1700,הנדסה-1103,224
"מחלקה הפקולטה להנדסה ע""ש אלכסנדר קופקין",83607-04,ב' - 2.00,א',1100 - 1300,הנדסה-1103,224
"מחלקה הפקולטה להנדסה ע""ש אלכסנדר קופקין",83607-05,ב' - 2.00,א',1700 - 1900,הנדסה-1103,223
"מחלקה הפקולטה להנדסה ע""ש אלכסנדר קופקין",83608-01,א' - 2.00,ג',1200 - 1400,הנדסה-1104,42
"מחלקה הפקולטה להנדסה ע""ש אלכסנדר קופקין",83608-02,א' - 1.00,ג',1400 - 1500,הנדסה-1104,42
"מחלקה הפקולטה להנדסה ע""ש אלכסנדר קופקין",83609-01,א' - 2.00,ב',1600 - 1800,מ.ישראל-507,108
"מחלקה הפקולטה להנדסה ע""ש אלכסנדר קופקין",83609-02,א' - 1.00,ב',1800 - 1900,מ.ישראל-507,108
"מחלקה הפקולטה להנדסה ע""ש אלכסנדר קופקין",83611-01,ב' - 2.00,ג',1500 - 1700,הנדסה-1104,42
"מחלקה הפקולטה להנדסה ע""ש אלכסנדר קופקין",83611-02,ב' - 1.00,ג',1700 - 1800,הנדסה-1104,42
"מחלקה הפקולטה להנדסה ע""ש אלכסנדר קופקין",83612-01,א' - 3.00,ג',0900 - 1200,הנדסה-1103,22
"מחלקה הפקולטה להנדסה ע""ש אלכסנדר קופקין",83612-02,א' - 1.00,ב',1500 - 1600,הנדסה-1103,224
"מחלקה הפקולטה להנדסה ע""ש אלכסנדר קופקין",83612-03,א' - 1.00,ב',1600 - 1700,הנדסה-1103,223
"מחלקה הפקולטה להנדסה ע""ש אלכסנדר קופקין",83612-04,א' - 1.00,ב',1700 - 1800,הנדסה-1103,223
"מחלקה הפקולטה להנדסה ע""ש אלכסנדר קופקין",83612-05,א' - 1.00,ב',1800 - 1900,הנדסה-1103,224
"מחלקה הפקולטה להנדסה ע""ש אלכסנדר קופקין",83618-01,א' - 3.00,ב',1300 - 1600,יהדות-403,217
"מחלקה הפקולטה להנדסה ע""ש אלכסנדר קופקין",83618-02,א' - 1.00,ב',1200 - 1300,יהדות-403,217
"מחלקה הפקולטה להנדסה ע""ש אלכסנדר קופקין",83620-01,א' - 2.00,ג',1200 - 1400,הנדסה-1105,271
"מחלקה הפקולטה להנדסה ע""ש אלכסנדר קופקין",83620-02,א' - 1.00,ג',1400 - 1500,הנדסה-1105,271
"מחלקה הפקולטה להנדסה ע""ש אלכסנדר קופקין",83622-01,א' - 2.00,ג',1300 - 1500,וואהל 1401,4
"מחלקה הפקולטה להנדסה ע""ש אלכסנדר קופקין",83622-02,א' - 1.00,ה',0900 - 1000,הנדסה-1104,42
"מחלקה הפקולטה להנדסה ע""ש אלכסנדר קופקין",83622-03,א' - 1.00,ד',1800 - 1900,הנדסה-1105,271
"מחלקה הפקולטה להנדסה ע""ש אלכסנדר קופקין",83622-04,א' - 1.00,ה',1700 - 1800,הנדסה-1104,249
"מחלקה הפקולטה להנדסה ע""ש אלכסנדר קופקין",83622-05,א' - 1.00,א',1200 - 1300,הנדסה-1103,22
"מחלקה הפקולטה להנדסה ע""ש אלכסנדר קופקין",83622-06,ב' - 2.00,ה',1000 - 1200,הנדסה-1105,53
"מחלקה הפקולטה להנדסה ע""ש אלכסנדר קופקין",83622-07,ב' - 1.00,א',1000 - 1100,הנדסה-1102,2
"מחלקה הפקולטה להנדסה ע""ש אלכסנדר קופקין",83623-01,א' - 2.00,א',1600 - 1800,רוח-1002,102
"מחלקה הפקולטה להנדסה ע""ש אלכסנדר קופקין",83624-01,א' - 3.00,ה',1000 - 1300,מעונות-A1300,1
"מחלקה הפקולטה להנדסה ע""ש אלכסנדר קופקין",83624-02,א' - 1.00,ה',0900 - 1000,מעונות-A1300,1
"מחלקה הפקולטה להנדסה ע""ש אלכסנדר קופקין",83629-01,ב' - 2.00,ג',1500 - 1700,טרם שובץ,טרם שובץ
"מחלקה הפקולטה להנדסה ע""ש אלכסנדר קופקין",83629-02,ב' - 1.00,ג',1700 - 1800,טרם שובץ,טרם שובץ
"מחלקה הפקולטה להנדסה ע""ש אלכסנדר קופקין",83633-01,א' - 2.00,ד',1000 - 1200,הנדסה-1104,249
"מחלקה הפקולטה להנדסה ע""ש אלכסנדר קופקין",83633-02,א' - 1.00,ד',1200 - 1300,מעבדה,999
"מחלקה הפקולטה להנדסה ע""ש אלכסנדר קופקין",83633-03,א' - 1.00,ד',1300 - 1400,מעבדה,999
"מחלקה הפקולטה להנדסה ע""ש אלכסנדר קופקין",83646-01,א' - 2.00,ד',1000 - 1200,מ.ישראל-507,4
"מחלקה הפקולטה להנדסה ע""ש אלכסנדר קופקין",83646-02,א' - 1.00,ג',1800 - 1900,הנדסה-1104,249
"מחלקה הפקולטה להנדסה ע""ש אלכסנדר קופקין",83647-01,ב' - 2.00,ג',1200 - 1400,הנדסה-1104,243
"מחלקה הפקולטה להנדסה ע""ש אלכסנדר קופקין",83647-02,ב' - 1.00,ג',1400 - 1500,הנדסה-1104,243
"מחלקה הפקולטה להנדסה ע""ש אלכסנדר קופקין",83648-01,ב' - 2.00,ד',1400 - 1600,הנדסה-1104,249
"מחלקה הפקולטה להנדסה ע""ש אלכסנדר קופקין",83648-02,ב' - 1.00,ד',1600 - 1700,הנדסה-1104,249
"מחלקה הפקולטה להנדסה ע""ש אלכסנדר קופקין",83649-01,ב' - 3.00,א',1100 - 1400,הנדסה-1105,53
"מחלקה הפקולטה להנדסה ע""ש אלכסנדר קופקין",83649-02,ב' - 1.00,א',1800 - 1900,הנדסה-1105,53
"מחלקה הפקולטה להנדסה ע""ש אלכסנדר קופקין",83653-01,ב' - 2.00,ד',1000 - 1200,הנדסה-1105,271
"מחלקה הפקולטה להנדסה ע""ש אלכסנדר קופקין",83653-02,ב' - 1.00,ד',1200 - 1300,הנדסה-1105,271
"מחלקה הפקולטה להנדסה ע""ש אלכסנדר קופקין",83656-01,א' - 2.00,ב',1000 - 1200,הנדסה-1105,271
"מחלקה הפקולטה להנדסה ע""ש אלכסנדר קופקין",83656-02,א' - 1.00,ב',1200 - 1300,הנדסה-1105,271
"מחלקה הפקולטה להנדסה ע""ש אלכסנדר קופקין",83656-03,א' - 2.00,ב',1300 - 1400,מעבדה,999
"מחלקה הפקולטה להנדסה ע""ש אלכסנדר קופקין",83660-01,ב' - 2.00,ב',1500 - 1700,הנדסה-1105,53
"מחלקה הפקולטה להנדסה ע""ש אלכסנדר קופקין",83660-02,ב' - 1.00,ב',1700 - 1800,הנדסה-1105,53
"מחלקה הפקולטה להנדסה ע""ש אלכסנדר קופקין",83661-01,ב' - 3.00,ב',0900 - 1200,הנדסה-1104,42
"מחלקה הפקולטה להנדסה ע""ש אלכסנדר קופקין",83661-02,ב' - 1.00,ב',1200 - 1300,הנדסה-1104,243
"מחלקה הפקולטה להנדסה ע""ש אלכסנדר קופקין",83661-03,ב' - 1.00,ג',1800 - 1900,הנדסה-1104,243
"מחלקה הפקולטה להנדסה ע""ש אלכסנדר קופקין",83661-04,ב' - 1.00,ג',1700 - 1800,הנדסה-1104,243
"מחלקה הפקולטה להנדסה ע""ש אלכסנדר קופקין",83667-01,ב' - 2.00,ב',1000 - 1200,הנדסה-1104,244
"מחלקה הפקולטה להנדסה ע""ש אלכסנדר קופקין",83667-02,ב' - 1.00,ב',0900 - 1000,הנדסה-1104,244
"מחלקה הפקולטה להנדסה ע""ש אלכסנדר קופקין",83668-01,א' - 3.00,א',1000 - 1300,מעונות-A1300,2
"מחלקה הפקולטה להנדסה ע""ש אלכסנדר קופקין",83668-02,א' - 1.00,א',0900 - 1000,מעונות-A1300,2
"מחלקה הפקולטה להנדסה ע""ש אלכסנדר קופקין",83670-01,ב' - 2.00,ג',0900 - 1100,הנדסה-1102,2
"מחלקה הפקולטה להנדסה ע""ש אלכסנדר קופקין",83670-02,ב' - 1.00,ג',1100 - 1200,מעונות-A1300,1
"מחלקה הפקולטה להנדסה ע""ש אלכסנדר קופקין",83672-01,ב' - 2.00,א',1400 - 1600,הנדסה-1104,244
"מחלקה הפקולטה להנדסה ע""ש אלכסנדר קופקין",83672-02,ב' - 1.00,א',1600 - 1700,הנדסה-1104,244
"מחלקה הפקולטה להנדסה ע""ש אלכסנדר קופקין",83673-01,א' - 3.00,ה',1300 - 1600,הנדסה-1104,244
"מחלקה הפקולטה להנדסה ע""ש אלכסנדר קופקין",83673-02,א' - 1.00,ה',1700 - 1800,הנדסה-1104,243
"מחלקה הפקולטה להנדסה ע""ש אלכסנדר קופקין",83674-01,ב' - 2.00,ה',1000 - 1200,הנדסה-1104,249
"מחלקה הפקולטה להנדסה ע""ש אלכסנדר קופקין",83674-02,ב' - 1.00,ה',1200 - 1300,הנדסה-1104,249
"מחלקה הפקולטה להנדסה ע""ש אלכסנדר קופקין",83675-01,א' - 2.00,ד',1600 - 1800,הנדסה-1104,42
"מחלקה הפקולטה להנדסה ע""ש אלכסנדר קופקין",83675-02,א' - 1.00,ד',1800 - 1900,הנדסה-1104,244
"מחלקה הפקולטה להנדסה ע""ש אלכסנדר קופקין",83675-03,א' - 1.00,א',1700 - 1800,מ.ישראל-604,105
"מחלקה הפקולטה להנדסה ע""ש אלכסנדר קופקין",83676-01,ב' - 2.00,ה',1000 - 1200,מעונות-A1300,2
"מחלקה הפקולטה להנדסה ע""ש אלכסנדר קופקין",83676-02,ב' - 1.00,ד',1100 - 1200,הנדסה-1103,22
"מחלקה הפקולטה להנדסה ע""ש אלכסנדר קופקין",83677-01,ב' - 2.00,ג',1200 - 1400,טרם שובץ,טרם שובץ
"מחלקה הפקולטה להנדסה ע""ש אלכסנדר קופקין",83677-02,ב' - 1.00,ג',1400 - 1500,טרם שובץ,טרם שובץ
"מחלקה הפקולטה להנדסה ע""ש אלכסנדר קופקין",83678-01,ב' - 2.00,ג',0900 - 1100,מעונות-A1300,2
"מחלקה הפקולטה להנדסה ע""ש אלכסנדר קופקין",83678-02,ב' - 1.00,ג',1100 - 1200,מעונות-A1300,2
"מחלקה הפקולטה להנדסה ע""ש אלכסנדר קופקין",83679-01,א' - 3.00,ד',1300 - 1600,הנדסה-1104,243
"מחלקה הפקולטה להנדסה ע""ש אלכסנדר קופקין",83679-02,א' - 1.00,א',1600 - 1700,מ.ישראל-604,14
"מחלקה הפקולטה להנדסה ע""ש אלכסנדר קופקין",83681-01,א' - 2.00,ב',1200 - 1400,הנדסה-1104,244
"מחלקה הפקולטה להנדסה ע""ש אלכסנדר קופקין",83681-02,א' - 1.00,ב',1400 - 1500,הנדסה-1104,244
"מחלקה הפקולטה להנדסה ע""ש אלכסנדר קופקין",83682-01,ב' - 3.00,ה',1300 - 1600,הנדסה-1104,243
"מחלקה הפקולטה להנדסה ע""ש אלכסנדר קופקין",83682-02,ב' - 1.00,ה',1600 - 1700,הנדסה-1104,243
"מחלקה הפקולטה להנדסה ע""ש אלכסנדר קופקין",83683-01,ב' - 2.00,ג',1000 - 1200,מ.ישראל-605,63
"מחלקה הפקולטה להנדסה ע""ש אלכסנדר קופקין",83684-01,ב' - 2.00,ה',1300 - 1500,הנדסה-1104,244
"מחלקה הפקולטה להנדסה ע""ש אלכסנדר קופקין",83684-02,ב' - 1.00,ה',1500 - 1600,הנדסה-1104,244
"מחלקה הפקולטה להנדסה ע""ש אלכסנדר קופקין",83685-01,א' - 2.00,ד',1200 - 1400,מ.ישראל-605,64
"מחלקה הפקולטה להנדסה ע""ש אלכסנדר קופקין",83685-02,א' - 1.00,ד',1400 - 1500,מ.ישראל-605,63
"מחלקה הפקולטה להנדסה ע""ש אלכסנדר קופקין",83686-01,א' - 1.00,א',0900 - 1000,טרם שובץ,טרם שובץ
"מחלקה הפקולטה להנדסה ע""ש אלכסנדר קופקין",83686-02,א' - 2.00,א',1000 - 1200,טרם שובץ,טרם שובץ
"מחלקה הפקולטה להנדסה ע""ש אלכסנדר קופקין",83687-01,ב' - 2.00,ג',1700 - 1900,מעונות-A1300,2
"מחלקה הפקולטה להנדסה ע""ש אלכסנדר קופקין",83689-01,א' - 2.00,ה',1000 - 1200,רוח-1002,305
"מחלקה הפקולטה להנדסה ע""ש אלכסנדר קופקין",83689-02,א' - 1.00,ה',1200 - 1300,רוח-1002,305
"מחלקה הפקולטה להנדסה ע""ש אלכסנדר קופקין",83691-01,א' - 2.00,ג',1500 - 1700,הנדסה-1105,271
"מחלקה הפקולטה להנדסה ע""ש אלכסנדר קופקין",83691-02,א' - 1.00,ג',1700 - 1800,הנדסה-1105,271
"מחלקה הפקולטה להנדסה ע""ש אלכסנדר קופקין",83692-01,א' - 2.00,א',1200 - 1400,הנדסה-1104,244
"מחלקה הפקולטה להנדסה ע""ש אלכסנדר קופקין",83692-02,א' - 1.00,א',1400 - 1500,הנדסה-1104,244
"מחלקה הפקולטה להנדסה ע""ש אלכסנדר קופקין",83695-01,ב' - 2.00,ה',1000 - 1200,הנדסה-1105,271
"מחלקה הפקולטה להנדסה ע""ש אלכסנדר קופקין",83695-02,ב' - 1.00,ה',1200 - 1300,הנדסה-1105,271
"מחלקה הפקולטה להנדסה ע""ש אלכסנדר קופקין",83696-01,ב' - 2.00,ה',1300 - 1500,הנדסה-1105,271
"מחלקה הפקולטה להנדסה ע""ש אלכסנדר קופקין",83696-02,ב' - 1.00,ה',1500 - 1600,הנדסה-1105,271
"מחלקה הפקולטה להנדסה ע""ש אלכסנדר קופקין",83697-01,א' - 2.00,ד',1600 - 1800,מ.ישראל-605,14
"מחלקה הפקולטה להנדסה ע""ש אלכסנדר קופקין",83698-01,ב' - 2.00,ה',1300 - 1500,רוח-1002,61
"מחלקה הפקולטה להנדסה ע""ש אלכסנדר קופקין",83699-01,ב' - 2.00,ב',0900 - 1100,הנדסה-1104,249
"מחלקה הפקולטה להנדסה ע""ש אלכסנדר קופקין",83699-02,ב' - 1.00,ב',1100 - 1200,הנדסה-1104,249
"מחלקה הפקולטה להנדסה ע""ש אלכסנדר קופקין",83704-01,ב' - 2.00,א',1100 - 1300,הנדסה-1104,42
"מחלקה הפקולטה להנדסה ע""ש אלכסנדר קופקין",83704-02,ב' - 1.00,א',1300 - 1400,הנדסה-1104,42
"מחלקה הפקולטה להנדסה ע""ש אלכסנדר קופקין",83705-01,א' - 3.00,א',1600 - 1900,הנדסה-1104,249
"מחלקה הפקולטה להנדסה ע""ש אלכסנדר קופקין",83705-02,א' - 1.00,א',1900 - 2000,הנדסה-1104,249
"מחלקה הפקולטה להנדסה ע""ש אלכסנדר קופקין",83706-01,א' - 2.00,ג',1600 - 1800,הנדסה-1104,249
"מחלקה הפקולטה להנדסה ע""ש אלכסנדר קופקין",83707-01,א' - 2.00,ד',1300 - 1500,הנדסה-1105,53
"מחלקה הפקולטה להנדסה ע""ש אלכסנדר קופקין",83707-02,א' - 1.00,ד',1200 - 1300,רוח-1002,305
"מחלקה הפקולטה להנדסה ע""ש אלכסנדר קופקין",83707-03,א' - 1.00,ד',1500 - 1600,הנדסה-1105,53
"מחלקה הפקולטה להנדסה ע""ש אלכסנדר קופקין",83707-04,ב' - 2.00,ג',1800 - 2000,הנדסה-1105,53
"מחלקה הפקולטה להנדסה ע""ש אלכסנדר קופקין",83707-05,ב' - 1.00,ד',1200 - 1300,מעונות-A1300,1
"מחלקה הפקולטה להנדסה ע""ש אלכסנדר קופקין",83709-01,ב' - 1.00,ג',1600 - 1700,הנדסה-1103,22
"מחלקה הפקולטה להנדסה ע""ש אלכסנדר קופקין",83709-02,ב' - 2.00,ג',1700 - 1900,הנדסה-1103,22
"מחלקה הפקולטה להנדסה ע""ש אלכסנדר קופקין",83709-03,ב' - 1.00,ג',1900 - 2000,הנדסה-1103,22
"מחלקה הפקולטה להנדסה ע""ש אלכסנדר קופקין",83803-01,ב' - 3.00,ה',1600 - 1900,רוח-1002,203
"מחלקה הפקולטה להנדסה ע""ש אלכסנדר קופקין",83803-02,ב' - 1.00,ה',1900 - 2000,רוח-1002,203
"מחלקה הפקולטה להנדסה ע""ש אלכסנדר קופקין",83804-01,א' - 2.00,ה',1600 - 1800,הנדסה-1104,42
"מחלקה הפקולטה להנדסה ע""ש אלכסנדר קופקין",83804-02,א' - 1.00,ה',1800 - 1900,הנדסה-1104,42
"מחלקה הפקולטה להנדסה ע""ש אלכסנדר קופקין",83806-01,ב' - 3.00,ג',1600 - 1900,מעונות-A1300,1
"מחלקה הפקולטה להנדסה ע""ש אלכסנדר קופקין",83810-01,"א' - 1.00
 ב' - 1.00","פרטי קורס  קולוקו לתואר שני
קוד קורס 83810-01
שם קורס באנגלית MSc Departmental Colloquium
מחלקה הפקולטה להנדסה ע""ש אלכסנדר קופקין
פקולטה הנדסה
סוג מפגש קולוקו חובה
מרצה פרופ' רחלה פופובצר
פרופ' אורית שפי
שעות סמסטר א' - 1.00
סמסטר ב' - 1.00
נ""ז 2.00
הערה
לתשומת לבכם, יש להשלים את חובות הנוכחות בקורס (14 הרצאות של מרצים) במהלך שנתיים רצופות. . נדגיש שהרצאות של מאסטרנטים לא יכללו במניין 14 ההרצאות.
על הסטודנטים לערוך לעצמם רשימה באילו מפגשים נכחו
 ד'
שעה 1400 - 1500
בניין
הנדסה-1104
חדר
42
אפיונים מודל - אתר מלווה קורס
פרונטלי
תאריכי בחינות",1400 - 1500,הנדסה-1104,42
"מחלקה הפקולטה להנדסה ע""ש אלכסנדר קופקין",83811-01,"א' - 1.00
 ב' - 1.00","פרטי קורס  קולוקו מחלקתי לתואר שלישי
קוד קורס 83811-01
שם קורס באנגלית PhD Departmental Colloquium
מחלקה הפקולטה להנדסה ע""ש אלכסנדר קופקין
פקולטה הנדסה
סוג מפגש קולוקו רשות
מרצה פרופ' רחלה פופובצר
פרופ' אורית שפי
שעות סמסטר א' - 1.00
סמסטר ב' - 1.00
נ""ז 0.00
הערה
לתשומת לבכם, יש להשלים את חובות הנוכחות בקורס (14 הרצאות של מרצים) במהלך שנתיים רצופות. נדגיש שהרצאות של מאסטרנטים לא יכללו במניין 14 ההרצאות. קורס זה לא יחויב בשכ""ל ולא יעניק נק""ז.
על הסטודנטים לערוך רשימה באילו מפגשים נכחו
 ד'
שעה 1400 - 1500
בניין
הנדסה-1104
חדר
42
אפיונים מודל - אתר מלווה קורס
תאריכי בחינות",1400 - 1500,הנדסה-1104,42
"מחלקה הפקולטה להנדסה ע""ש אלכסנדר קופקין",83812-01,ב' - 2.00,ב',1600 - 1800,טרם שובץ,טרם שובץ
"מחלקה הפקולטה להנדסה ע""ש אלכסנדר קופקין",83815-01,א' - 2.00,ב',1000 - 1200,מעונות-A1300,1
"מחלקה הפקולטה להנדסה ע""ש אלכסנדר קופקין",83815-02,א' - 1.00,ב',0900 - 1000,הנדסה-1104,42
"מחלקה הפקולטה להנדסה ע""ש אלכסנדר קופקין",83816-01,ב' - 2.00,ד',1300 - 1500,הנדסה-1105,271
"מחלקה הפקולטה להנדסה ע""ש אלכסנדר קופקין",83816-02,ב' - 1.00,ד',1500 - 1600,הנדסה-1105,271
"מחלקה הפקולטה להנדסה ע""ש אלכסנדר קופקין",83819-01,א' - 2.00,ב',1600 - 1800,מעונות-A1300,2
"מחלקה הפקולטה להנדסה ע""ש אלכסנדר קופקין",83834-01,א' - 2.00,א',1700 - 1900,רוח-1005,201
"מחלקה הפקולטה להנדסה ע""ש אלכסנדר קופקין",83835-01,ב' - 2.00,ד',1700 - 1900,רוח-1002,102
"מחלקה הפקולטה להנדסה ע""ש אלכסנדר קופקין",83841-01,ב' - 2.00,א',1600 - 1800,רוח-1002,202
"מחלקה הפקולטה להנדסה ע""ש אלכסנדר קופקין",83860-01,"א' - 1.00
 ב' - 1.00",סוג מפגש קולוקו חובה,1600 - 1700,טבע-203,226
"מחלקה הפקולטה להנדסה ע""ש אלכסנדר קופקין",83867-01,א' - 2.00,ד',1700 - 1900,הנדסה-1104,243
"מחלקה הפקולטה להנדסה ע""ש אלכסנדר קופקין",83867-02,א' - 1.00,ד',1900 - 2000,הנדסה-1104,243
"מחלקה הפקולטה להנדסה ע""ש אלכסנדר קופקין",83876-01,ב' - 2.00,א',1800 - 2000,רוח-1002,202
"מחלקה הפקולטה להנדסה ע""ש אלכסנדר קופקין",83879-01,א' - 3.00,ג',1600 - 1900,מ.ישראל-507,"חובה בהנדסת נתונים, בחירה  ביצועים"
"מחלקה הפקולטה להנדסה ע""ש אלכסנדר קופקין",83880-01,ב' - 2.00,א',1800 - 2000,רוח-1002,203
"מחלקה הפקולטה להנדסה ע""ש אלכסנדר קופקין",83881-01,ב' - 2.00,ד',1700 - 1900,רוח-1002,61
"מחלקה הפקולטה להנדסה ע""ש אלכסנדר קופקין",83892-01,א' - 2.00,ב',1800 - 2000,רוח-1002,202
"מחלקה הפקולטה להנדסה ע""ש אלכסנדר קופקין",83893-01,א' - 3.00,ד',1600 - 1900,רוח-1005,109
"מחלקה הפקולטה להנדסה ע""ש אלכסנדר קופקין",83893-02,א' - 1.00,ד',1900 - 2000,הנדסה-1104,249
"מחלקה הפקולטה להנדסה ע""ש אלכסנדר קופקין",83894-01,א' - 2.00,ג',1600 - 1800,חדר מחלקה,מחלקה
"מחלקה הפקולטה להנדסה ע""ש אלכסנדר קופקין",83894-02,א' - 1.00,ג',1800 - 1900,חדר מחלקה,מחלקה
"מחלקה הפקולטה להנדסה ע""ש אלכסנדר קופקין",83901-01,ב' - 2.00,א',1600 - 1800,מעונות-A1300,1
"מחלקה הפקולטה להנדסה ע""ש אלכסנדר קופקין",83901-02,ב' - 1.00,א',1800 - 1900,מעונות-A1300,1
"מחלקה הפקולטה להנדסה ע""ש אלכסנדר קופקין",83901-03,ב' - 1.00,א',1900 - 2000,מעונות-A1300,1
"מחלקה הפקולטה להנדסה ע""ש אלכסנדר קופקין",83905-01,א' - 2.00,ג',1800 - 2000,הנדסה-1104,244
"מחלקה הפקולטה להנדסה ע""ש אלכסנדר קופקין",83908-01,ב' - 2.00,ה',1700 - 1900,רוח-1002,102
"מחלקה הפקולטה להנדסה ע""ש אלכסנדר קופקין",83909-01,א' - 2.00,א',1800 - 2000,הנדסה-1104,244
"מחלקה הפקולטה להנדסה ע""ש אלכסנדר קופקין",83910-01,"א' - 1.00
 ב' - 1.00",ב',1700 - 1800,רוח-1002,102
"מחלקה הפקולטה להנדסה ע""ש אלכסנדר קופקין",83911-01,ב' - 3.00,"ב',ג'","1800 - 2000
1600 - 1700","רוח-1005
רוח-1002","112
102"
"מחלקה הפקולטה להנדסה ע""ש אלכסנדר קופקין",83915-01,ב' - 3.00,א',1800 - 2100,רוח-1002,102
"מחלקה הפקולטה להנדסה ע""ש אלכסנדר קופקין",83915-02,ב' - 1.00,ג',1800 - 1900,רוח-1002,102
"מחלקה הפקולטה להנדסה ע""ש אלכסנדר קופקין",83916-01,ב' - 2.00,ד',1500 - 1700,מ.ישראל-605,14
"מחלקה הפקולטה להנדסה ע""ש אלכסנדר קופקין",83916-02,ב' - 1.00,ד',1700 - 1800,הנדסה-1102,2
"מחלקה הפקולטה להנדסה ע""ש אלכסנדר קופקין",83921-01,א' - 2.00,ד',1700 - 1900,מ.ישראל-604,105
"מחלקה הפקולטה להנדסה ע""ש אלכסנדר קופקין",83925-01,א' - 3.00,ד',1600 - 1900,רוח-1002,102
"מחלקה הפקולטה להנדסה ע""ש אלכסנדר קופקין",83945-01,ב' - 2.00,ב',1700 - 1900,מ.ישראל-504,2
"מחלקה הפקולטה להנדסה ע""ש אלכסנדר קופקין",83946-01,ב' - 2.00,א',1700 - 1900,רוח-1005,201
"מחלקה הפקולטה להנדסה ע""ש אלכסנדר קופקין",83950-01,א' - 2.00,א',1800 - 2000,רוח-1002,203
"מחלקה הפקולטה להנדסה ע""ש אלכסנדר קופקין",83954-01,ב' - 3.00,ה',1700 - 2000,הנדסה-1105,271
"מחלקה הפקולטה להנדסה ע""ש אלכסנדר קופקין",83972-01,א' - 2.00,ה',1600 - 1800,רוח-1002,203
"מחלקה הפקולטה להנדסה ע""ש אלכסנדר קופקין",83977-01,ב' - 2.00,ד',1800 - 2000,הנדסה-1105,271
"מחלקה הפקולטה להנדסה ע""ש אלכסנדר קופקין",83978-01,ב' - 2.00,ב',1800 - 2000,הנדסה-1104,243
"מחלקה הפקולטה להנדסה ע""ש אלכסנדר קופקין",83978-02,ב' - 1.00,ג',1600 - 1700,הנדסה-1104,243
"מחלקה הפקולטה להנדסה ע""ש אלכסנדר קופקין",83984-01,ב' - 2.00,ד',1900 - 2100,הנדסה-1104,243
מחלקה המחלקה לכימיה,84101-01,א' - 2.00,ב',1600 - 1800,טבע-211,112
מחלקה המחלקה לכימיה,84101-02,א' - 2.00,ב',0900 - 1100,סטודנטים-105,1
מחלקה המחלקה לכימיה,84101-03,א' - 2.00,ד',1000 - 1200,יהדות-403,113
מחלקה המחלקה לכימיה,84102-01,א' - 4.00,"ד',ה'","1600 - 1800
1400 - 1600","יהדות-402
משפטים-305","63
4"
מחלקה המחלקה לכימיה,84102-02,א' - 2.00,א',1000 - 1200,סטודנטים-105,106
מחלקה המחלקה לכימיה,84102-03,א' - 2.00,ה',1600 - 1800,משפטים-304,3
מחלקה המחלקה לכימיה,84102-10,ב' - 4.00,א',0800 - 1000,חדר מחלקה,מחלקה
מחלקה המחלקה לכימיה,84102-11,ב' - 2.00,ו',0800 - 1000,חדר מחלקה,מחלקה
מחלקה המחלקה לכימיה,84103-01,ב' - 3.00,"ג',ד'","1500 - 1700
1600 - 1700","טבע-211
משפטים-306","112
111"
מחלקה המחלקה לכימיה,84103-02,ב' - 2.00,ד',1000 - 1200,טבע-211,112
מחלקה המחלקה לכימיה,84103-03,ב' - 2.00,ד',1700 - 1900,טבע-211,112
מחלקה המחלקה לכימיה,84104-01,ב' - 3.00,"ב',ג'","1200 - 1400
1400 - 1500","סטודנטים-105
טבע-211","106
112"
מחלקה המחלקה לכימיה,84104-02,ב' - 2.00,ב',0800 - 1000,סטודנטים-105,102
מחלקה המחלקה לכימיה,84104-03,ב' - 2.00,ג',1200 - 1400,סטודנטים-105,102
מחלקה המחלקה לכימיה,84104-04,ב' - 2.00,ב',0800 - 1000,מ.ישראל-504,5
מחלקה המחלקה לכימיה,84105-01,א' - 4.00,א',1000 - 1400,טבע-207,201
מחלקה המחלקה לכימיה,84105-02,א' - 4.00,א',1600 - 2000,טבע-207,201
מחלקה המחלקה לכימיה,84105-03,א' - 4.00,ג',1400 - 1800,טבע-207,201
מחלקה המחלקה לכימיה,84106-01,ב' - 4.00,א',1000 - 1400,טבע-207,201
מחלקה המחלקה לכימיה,84106-02,ב' - 4.00,ה',1000 - 1400,טבע-207,201
מחלקה המחלקה לכימיה,84106-03,ב' - 4.00,ה',1600 - 2000,טבע-207,201
מחלקה המחלקה לכימיה,84107-01,א' - 2.00,א',1400 - 1600,טבע-207,1
מחלקה המחלקה לכימיה,84107-02,א' - 1.00,ב',1100 - 1200,סטודנטים-105,105
מחלקה המחלקה לכימיה,84107-03,א' - 1.00,ד',1800 - 1900,סטודנטים-102,4
מחלקה המחלקה לכימיה,84109-01,"א' - 4.00
 ב' - 4.00",ג',"0900 - 1300
0800 - 1200",טבע-207,201
מחלקה המחלקה לכימיה,84171-01,א' - 4.00,"ד',ה'","1200 - 1400
1200 - 1400","יהדות-403
משפטים-305","101
4"
מחלקה המחלקה לכימיה,84171-02,א' - 2.00,ב',1200 - 1400,סטודנטים-105,101
מחלקה המחלקה לכימיה,84171-03,א' - 2.00,ה',1000 - 1200,יהדות-403,2
מחלקה המחלקה לכימיה,84172-01,ב' - 4.00,"א',ה'","1400 - 1600
1400 - 1600",סטודנטים-105,"1
2"
מחלקה המחלקה לכימיה,84172-02,ב' - 2.00,א',1600 - 1800,סטודנטים-105,4
מחלקה המחלקה לכימיה,84172-03,ב' - 2.00,ד',1200 - 1400,טבע-211,112
מחלקה המחלקה לכימיה,84181-01,א' - 4.00,"ב',ד'","1400 - 1600
1400 - 1600","סטודנטים-105
יהדות-403","61
101"
מחלקה המחלקה לכימיה,84181-02,א' - 2.00,ב',1200 - 1400,סטודנטים-105,2
מחלקה המחלקה לכימיה,84181-03,א' - 2.00,ה',1800 - 2000,טבע-211,112
מחלקה המחלקה לכימיה,84182-01,ב' - 4.00,"ב',ד'","1400 - 1600
1400 - 1600",טבע-211,112
מחלקה המחלקה לכימיה,84182-02,ב' - 2.00,א',1800 - 2000,טבע-211,112
מחלקה המחלקה לכימיה,84182-03,ב' - 2.00,ג',1200 - 1400,טבע-211,112
מחלקה המחלקה לכימיה,84184-01,ב' - 2.00,ב',1000 - 1200,טבע-202,202
מחלקה המחלקה לכימיה,84184-02,ב' - 2.00,ג',1700 - 1900,טבע-202,202
"פרטי קורס : שעות מחלקה
קוד קורס 84199-01
שם קורס באנגלית Departmental Hours
מחלקה המחלקה לכימיה
פקולטה מדעים מדויקים
סוג מפגש ש.מחלקה
מרצה
שעות סמסטר א' - 2.00
סמסטר ב' - 2.00
נ""ז 0.00
הערה
יום ב'
שעה 18:00 - 20:00
בניין
טבע-211
חדר
112
אפיונים מודל - אתר מלווה קורס
פרונטלי
תאריכי בחינות",84199-01,"א' - 2.00
 ב' - 2.00",ב',1800 - 2000,טבע-211,112
מחלקה המחלקה לכימיה,84205-01,א' - 3.00,"א',ה'","1200 - 1400
1300 - 1400","סטודנטים-105
טבע-203","106
221"
מחלקה המחלקה לכימיה,84205-02,א' - 2.00,ג',1600 - 1800,טבע-211,112
מחלקה המחלקה לכימיה,84205-03,א' - 2.00,ב',1600 - 1800,סטודנטים-105,105
מחלקה המחלקה לכימיה,84205-10,ב' - 3.00,ו',0800 - 1000,חדר מחלקה,מחלקה
מחלקה המחלקה לכימיה,84206-01,ב' - 2.00,א',1400 - 1600,טבע-211,112
מחלקה המחלקה לכימיה,84206-02,ב' - 2.00,ה',1100 - 1300,סטודנטים-102,4
מחלקה המחלקה לכימיה,84206-03,ב' - 2.00,ה',1500 - 1700,סטודנטים-102,4
מחלקה המחלקה לכימיה,84206-10,ב' - 2.00,א',0800 - 1000,טבע-211,112
מחלקה המחלקה לכימיה,84206-11,ב' - 2.00,ו',0800 - 1000,חדר מחלקה,מחלקה
מחלקה המחלקה לכימיה,84209-01,א' - 4.00,"א',ג'","1000 - 1200
1000 - 1200","טבע-211
טבע-203","112
221"
מחלקה המחלקה לכימיה,84209-02,א' - 2.00,א',1400 - 1600,סטודנטים-105,102
מחלקה המחלקה לכימיה,84209-03,א' - 2.00,ג',0800 - 1000,סטודנטים-105,101
מחלקה המחלקה לכימיה,84210-01,ב' - 4.00,"ב',ה'","1000 - 1200
1300 - 1500","טבע-211
סטודנטים-105","112
1"
מחלקה המחלקה לכימיה,84210-02,ב' - 2.00,ב',1600 - 1800,טבע-211,112
מחלקה המחלקה לכימיה,84210-03,ב' - 2.00,ד',1500 - 1700,סטודנטים-102,4
מחלקה המחלקה לכימיה,84211-01,א' - 4.00,ד',0900 - 1300,טבע-207,6
מחלקה המחלקה לכימיה,84211-02,א' - 4.00,ד',1300 - 1700,טבע-207,6
מחלקה המחלקה לכימיה,84211-03,א' - 4.00,ה',0900 - 1300,טבע-207,6
מחלקה המחלקה לכימיה,84211-04,א' - 4.00,ד',0900 - 1300,טבע-207,6
מחלקה המחלקה לכימיה,84214-01,ב' - 4.00,ג',1200 - 1600,טבע-207,4
מחלקה המחלקה לכימיה,84214-02,ב' - 4.00,ד',0900 - 1300,טבע-207,4
מחלקה המחלקה לכימיה,84214-03,ב' - 4.00,ד',1300 - 1700,טבע-207,4
מחלקה המחלקה לכימיה,84214-04,ב' - 4.00,ד',1300 - 1700,חדר מחלקה,מחלקה
מחלקה המחלקה לכימיה,84214-05,ב' - 4.00,ד',1300 - 1700,חדר מחלקה,מחלקה
מחלקה המחלקה לכימיה,84214-10,ב' - 4.00,א',0800 - 1000,טבע-207,4
מחלקה המחלקה לכימיה,84216-01,א' - 4.00,ד',0900 - 1300,טבע-207,101
מחלקה המחלקה לכימיה,84216-02,א' - 4.00,ד',1300 - 1700,טבע-207,101
מחלקה המחלקה לכימיה,84216-03,א' - 4.00,ה',0900 - 1300,טבע-207,101
מחלקה המחלקה לכימיה,84217-01,ב' - 4.00,ג',1200 - 1600,טבע-207,101
מחלקה המחלקה לכימיה,84217-02,ב' - 4.00,ד',0800 - 1200,טבע-207,101
מחלקה המחלקה לכימיה,84217-03,ב' - 4.00,ה',0900 - 1300,טבע-207,101
מחלקה המחלקה לכימיה,84217-04,ב' - 4.00,ה',0900 - 1300,סטודנטים-105,102
מחלקה המחלקה לכימיה,84224-01,ב' - 2.00,ב',1400 - 1600,סטודנטים-105,102
מחלקה המחלקה לכימיה,84224-02,ב' - 1.00,ב',0900 - 1000,סטודנטים-105,2
מחלקה המחלקה לכימיה,84224-03,ב' - 1.00,ג',1700 - 1800,טבע-211,112
מחלקה המחלקה לכימיה,84225-01,ב' - 3.00,"א',ב'","1600 - 1700
1200 - 1400",טבע-211,112
מחלקה המחלקה לכימיה,84225-02,ב' - 1.00,א',1100 - 1200,סטודנטים-105,102
מחלקה המחלקה לכימיה,84225-03,ב' - 1.00,ג',1600 - 1700,סטודנטים-105,3
מחלקה המחלקה לכימיה,84237-01,א' - 2.00,ה',1400 - 1600,סטודנטים-105,104
מחלקה המחלקה לכימיה,84237-02,א' - 1.00,ה',1600 - 1700,סטודנטים-105,101
מחלקה המחלקה לכימיה,84237-03,א' - 1.00,ב',1100 - 1200,סטודנטים-105,1
מחלקה המחלקה לכימיה,84273-01,א' - 4.00,"ב',ג'","1200 - 1400
1200 - 1400","משפטים-305
מ.ישראל-604","6
14"
מחלקה המחלקה לכימיה,84273-02,א' - 2.00,ב',1400 - 1600,סטודנטים-105,101
מחלקה המחלקה לכימיה,84273-03,א' - 2.00,ג',1600 - 1800,סטודנטים-105,1
מחלקה המחלקה לכימיה,84291-01,ב' - 2.00,א',1200 - 1400,טבע-211,112
מחלקה המחלקה לכימיה,84291-02,ב' - 2.00,א',1700 - 1900,טבע 211-2,22
מחלקה המחלקה לכימיה,84291-03,ב' - 2.00,ד',1300 - 1500,טבע 211-2,22
מחלקה המחלקה לכימיה,84291-04,ב' - 2.00,ה',0900 - 1100,טבע 211-2,22
מחלקה המחלקה לכימיה,84291-05,ב' - 2.00,א',0900 - 1100,טבע 211-2,22
מחלקה המחלקה לכימיה,84294-01,ב' - 2.00,ג',1000 - 1200,סטודנטים-102,2
מחלקה המחלקה לכימיה,84296-01,ב' - 2.00,ה',1700 - 1900,סטודנטים-105,106
"פרטי קורס : שעות מחלקה
קוד קורס 84299-01
שם קורס באנגלית Departmental Hours
מחלקה המחלקה לכימיה
פקולטה מדעים מדויקים
סוג מפגש ש.מחלקה
מרצה מחלקה מרצי
שעות סמסטר א' - 4.00
סמסטר ב' - 4.00
נ""ז 0.00
הערה
יום ב',ג'
שעה 18:00 - 20:00
18:00 - 20:00
בניין
חדר מחלקה
טבע-211
חדר
999
112
אפיונים מודל - אתר מלווה קורס
פרונטלי
תאריכי בחינות",84299-01,"א' - 4.00
 ב' - 4.00","ב',ג'","1800 - 2000
1800 - 2000","חדר מחלקה
טבע-211",מחלקה
מחלקה המחלקה לכימיה,84301-01,א' - 2.00,א',1200 - 1400,משפטים-305,6
מחלקה המחלקה לכימיה,84301-02,א' - 1.00,א',1800 - 1900,סטודנטים-105,101
מחלקה המחלקה לכימיה,84301-03,א' - 1.00,ג',1000 - 1100,סטודנטים-105,102
מחלקה המחלקה לכימיה,84302-01,ב' - 2.00,ג',1200 - 1400,סטודנטים-105,2
מחלקה המחלקה לכימיה,84302-02,ב' - 1.00,ג',1000 - 1100,טבע-211,112
מחלקה המחלקה לכימיה,84307-01,א' - 2.00,ה',1200 - 1400,סטודנטים-105,102
מחלקה המחלקה לכימיה,84307-02,א' - 1.00,ב',0800 - 0900,טבע-211,112
מחלקה המחלקה לכימיה,84307-03,א' - 1.00,ד',0900 - 1000,סטודנטים-105,101
מחלקה המחלקה לכימיה,84309-01,ב' - 2.00,ד',1400 - 1600,סטודנטים-105,2
מחלקה המחלקה לכימיה,84309-02,ב' - 1.00,א',1100 - 1200,טבע-211,112
מחלקה המחלקה לכימיה,84310-01,א' - 2.00,ג',1400 - 1600,סטודנטים-105,105
מחלקה המחלקה לכימיה,84310-02,א' - 1.00,ג',1700 - 1800,סטודנטים-102,4
מחלקה המחלקה לכימיה,84313-01,א' - 2.00,ה',0800 - 1000,טבע-207,1
מחלקה המחלקה לכימיה,84314-01,ב' - 4.00,ד',0800 - 1200,מעבדה,999
מחלקה המחלקה לכימיה,84314-02,ב' - 4.00,ד',0800 - 1200,מעבדה,999
מחלקה המחלקה לכימיה,84318-01,א' - 2.00,ב',1600 - 1800,סטודנטים-105,104
מחלקה המחלקה לכימיה,84318-02,א' - 1.00,ג',1600 - 1700,משפטים-304,3
מחלקה המחלקה לכימיה,84319-01,ב' - 2.00,א',1600 - 1800,סטודנטים-102,4
מחלקה המחלקה לכימיה,84326-01,א' - 3.00,"ב',ג'","1300 - 1400
1200 - 1400","סטודנטים-102
טבע-211","4
112"
מחלקה המחלקה לכימיה,84326-02,א' - 2.00,ג',0800 - 1000,סטודנטים-105,1
מחלקה המחלקה לכימיה,84326-03,א' - 2.00,ה',1000 - 1200,סטודנטים-105,2
מחלקה המחלקה לכימיה,84328-01,ב' - 2.00,ב',0800 - 1000,טבע-211,112
מחלקה המחלקה לכימיה,84328-02,ב' - 2.00,ב',1000 - 1200,טבע 211-2,22
מחלקה המחלקה לכימיה,84328-03,ב' - 2.00,ב',1600 - 1800,טבע 211-2,22
מחלקה המחלקה לכימיה,84330-01,א' - 2.00,א',1000 - 1200,טבע 211-2,22
מחלקה המחלקה לכימיה,84330-02,א' - 2.00,ג',1500 - 1700,טבע 211-2,22
מחלקה המחלקה לכימיה,84347-01,א' - 4.00,א',1400 - 1800,מעבדה,999
מחלקה המחלקה לכימיה,84347-02,א' - 4.00,ב',0900 - 1300,מעבדה,999
מחלקה המחלקה לכימיה,84347-03,א' - 4.00,ה',1400 - 1800,מעבדה,999
מחלקה המחלקה לכימיה,84354-01,א' - 2.00,א',1000 - 1200,סטודנטים-105,104
מחלקה המחלקה לכימיה,84354-02,א' - 1.00,א',0900 - 1000,סטודנטים-105,104
מחלקה המחלקה לכימיה,84357-01,א' - 2.00,א',1600 - 1800,סטודנטים-102,4
מחלקה המחלקה לכימיה,84360-01,א' - 4.00,"ד',ה'","1200 - 1400
1000 - 1200",סטודנטים-105,"103
102"
מחלקה המחלקה לכימיה,84360-02,א' - 1.00,ה',1400 - 1500,סטודנטים-105,1
מחלקה המחלקה לכימיה,84361-01,ב' - 4.00,"א',ג'","1200 - 1400
1400 - 1600","סטודנטים-102
סטודנטים-105","4
2"
מחלקה המחלקה לכימיה,84364-01,א' - 2.00,ד',1400 - 1600,סטודנטים-102,4
מחלקה המחלקה לכימיה,84367-01,א' - 2.00,ג',1400 - 1600,סטודנטים-105,103
מחלקה המחלקה לכימיה,84375-01,"א' - 4.00
 ב' - 4.00","ב',א'","0900 - 1300
1000 - 1400",מעבדה,999
מחלקה המחלקה לכימיה,84379-01,א' - 4.00,ד',1200 - 1600,מעבדה,999
"פרטי קורס : שעות מחלקה
קוד קורס 84399-01
שם קורס באנגלית Departmental Hours
מחלקה המחלקה לכימיה
פקולטה מדעים מדויקים
סוג מפגש ש.מחלקה
מרצה מחלקה מרצי
שעות סמסטר א' - 2.00
סמסטר ב' - 2.00
נ""ז 0.00
הערה
יום ג',ב'
שעה 18:00 - 20:00
18:00 - 20:00
בניין
טבע-211
חדר מחלקה
חדר
112
999
אפיונים מודל - אתר מלווה קורס
פרונטלי
תאריכי בחינות",84399-01,"א' - 2.00
 ב' - 2.00","ג',ב'","1800 - 2000
1800 - 2000","טבע-211
חדר מחלקה",מחלקה
מחלקה המחלקה לכימיה,84452-01,ב' - 2.00,ב',1400 - 1600,טבע-203,226
מחלקה המחלקה לכימיה,84452-02,ב' - 2.00,ב',1400 - 1600,טבע-203,226
מחלקה המחלקה לכימיה,84453-01,ב' - 2.00,ב',1400 - 1600,מ.ישראל-502,7
מחלקה המחלקה לכימיה,84453-02,ב' - 2.00,ב',1400 - 1600,מ.ישראל-502,7
מחלקה המחלקה לכימיה,84454-01,ב' - 2.00,ב',1400 - 1600,יהדות-403,66
מחלקה המחלקה לכימיה,84454-02,ב' - 2.00,ב',1400 - 1600,יהדות-403,66
מחלקה המחלקה לכימיה,84455-01,ב' - 2.00,ב',1400 - 1600,יהדות-404,68
מחלקה המחלקה לכימיה,84455-02,ב' - 2.00,ב',1400 - 1600,יהדות-404,68
מחלקה המחלקה לכימיה,84457-01,ב' - 2.00,ב',1400 - 1600,סטודנטים-105,2
מחלקה המחלקה לכימיה,84500-01,ב' - 4.00,ו',"0800 - 1000
1200 - 1400",נלמד בזום,999
מחלקה המחלקה לכימיה,84502-01,א' - 4.00,ו',"0800 - 1000
1200 - 1400",נלמד בזום,999
מחלקה המחלקה לכימיה,84508-01,ב' - 4.00,ו',"0800 - 1000
1200 - 1400",נלמד בזום,999
מחלקה המחלקה לכימיה,84536-01,א' - 2.00,ו',1000 - 1200,נלמד בזום,999
מחלקה המחלקה לכימיה,84629-01,ב' - 2.00,ו',1000 - 1200,נלמד בזום,999
מחלקה המחלקה לכימיה,84635-01,ב' - 3.00,ד',1400 - 1700,טבע-203,226
מחלקה המחלקה לכימיה,84638-01,א' - 2.00,ה',1200 - 1400,סטודנטים-105,2
מחלקה המחלקה לכימיה,84639-01,ב' - 2.00,ה',0800 - 1000,טבע-211,112
מחלקה המחלקה לכימיה,84641-01,ב' - 2.00,ה',1600 - 1800,טבע-211,112
מחלקה המחלקה לכימיה,84642-01,א' - 2.00,א',1400 - 1600,טבע 211-2,22
מחלקה המחלקה לכימיה,84642-02,א' - 2.00,א',1600 - 1800,טבע 211-2,22
מחלקה המחלקה לכימיה,84642-03,א' - 2.00,ג',0900 - 1100,טבע 211-2,22
מחלקה המחלקה לכימיה,84645-01,ב' - 2.00,ב',1200 - 1400,סטודנטים-105,6
מחלקה המחלקה לכימיה,84454-01,ב' - 2.00,ב',1400 - 1600,יהדות-403,66
מחלקה המחלקה לכימיה,84454-02,ב' - 2.00,ב',1400 - 1600,יהדות-403,66
מחלקה המחלקה לכימיה,84455-01,ב' - 2.00,ב',1400 - 1600,יהדות-404,68
מחלקה המחלקה לכימיה,84455-02,ב' - 2.00,ב',1400 - 1600,יהדות-404,68
מחלקה המחלקה לכימיה,84457-01,ב' - 2.00,ב',1400 - 1600,סטודנטים-105,2
מחלקה המחלקה לכימיה,84500-01,ב' - 4.00,ו',"0800 - 1000
1200 - 1400",נלמד בזום,999
מחלקה המחלקה לכימיה,84502-01,א' - 4.00,ו',"0800 - 1000
1200 - 1400",נלמד בזום,999
מחלקה המחלקה לכימיה,84508-01,ב' - 4.00,ו',"0800 - 1000
1200 - 1400",נלמד בזום,999
מחלקה המחלקה לכימיה,84536-01,א' - 2.00,ו',1000 - 1200,נלמד בזום,999
מחלקה המחלקה לכימיה,84629-01,ב' - 2.00,ו',1000 - 1200,נלמד בזום,999
מחלקה המחלקה לכימיה,84635-01,ב' - 3.00,ד',1400 - 1700,טבע-203,226
מחלקה המחלקה לכימיה,84638-01,א' - 2.00,ה',1200 - 1400,סטודנטים-105,2
מחלקה המחלקה לכימיה,84639-01,ב' - 2.00,ה',0800 - 1000,טבע-211,112
מחלקה המחלקה לכימיה,84641-01,ב' - 2.00,ה',1600 - 1800,טבע-211,112
מחלקה המחלקה לכימיה,84642-01,א' - 2.00,א',1400 - 1600,טבע 211-2,22
מחלקה המחלקה לכימיה,84642-02,א' - 2.00,א',1600 - 1800,טבע 211-2,22
מחלקה המחלקה לכימיה,84642-03,א' - 2.00,ג',0900 - 1100,טבע 211-2,22
מחלקה המחלקה לכימיה,84645-01,ב' - 2.00,ב',1200 - 1400,סטודנטים-105,6
מחלקה המחלקה לכימיה,84645-02,ב' - 2.00,ג',1200 - 1400,סטודנטים-102,4
מחלקה המחלקה לכימיה,84703-01,"א' - 1.00
 ב' - 1.00","פרטי קורס  קולוקוו מחלקתי
קוד קורס 84703-01
שם קורס באנגלית Departmental Colloquium
מחלקה המחלקה לכימיה
פקולטה מדעים מדויקים
סוג מפגש קולוקו חובה
מרצה ד""ר ליאל ספיר
שעות סמסטר א' - 1.00
סמסטר ב' - 1.00
נ""ז 2.00
הערה
 ג'
שעה 1100 - 1200
בניין
חדר מחלקה
חדר
999
אפיונים מודל - אתר מלווה קורס
תאריכי בחינות",1100 - 1200,חדר מחלקה,מחלקה
מחלקה המחלקה לכימיה,84706-01,"א' - 1.00
 ב' - 1.00","פרטי קורס  קולוקו מחלקתי
קוד קורס 84706-01
שם קורס באנגלית Departmental Colloquium
מחלקה המחלקה לכימיה
פקולטה מדעים מדויקים
סוג מפגש קולוקו חובה
מרצה ד""ר ליאל ספיר
שעות סמסטר א' - 1.00
סמסטר ב' - 1.00
נ""ז 2.00
הערה
 ג'
שעה 1100 - 1200
בניין
חדר מחלקה
חדר
999
אפיונים מודל - אתר מלווה קורס
תאריכי בחינות",1100 - 1200,חדר מחלקה,מחלקה
מחלקה המחלקה לכימיה,84717-01,ב' - 1.00,"פרטי קורס  קולוקוו מחלקתי
קוד קורס 84717-01
שם קורס באנגלית Departmental Colloquium
מחלקה המחלקה לכימיה
פקולטה מדעים מדויקים
סוג מפגש קולוקו חובה
מרצה ד""ר אור איבגי
שעות סמסטר ב' - 1.00
נ""ז 1.00
הערה
 ג'
שעה 1100 - 1200
בניין
טבע-211
חדר
112
אפיונים מודל - אתר מלווה קורס
פרונטלי
תאריכי בחינות",1100 - 1200,טבע-211,112
מחלקה המחלקה לכימיה,84718-01,א' - 1.00,"פרטי קורס  קולוקוו מחלקתי
קוד קורס 84718-01
שם קורס באנגלית Departmental Colloquium
מחלקה המחלקה לכימיה
פקולטה מדעים מדויקים
סוג מפגש קולוקו חובה
מרצה ד""ר אור איבגי
שעות סמסטר א' - 1.00
נ""ז 1.00
הערה
 ג'
שעה 1100 - 1200
בניין
טבע-211
חדר
112
אפיונים מודל - אתר מלווה קורס
פרונטלי
תאריכי בחינות",1100 - 1200,טבע-211,112
מחלקה המחלקה לכימיה,84736-01,"א' - 2.00
 ב' - 2.00",ב',1000 - 1200,סטודנטים-102,4
מחלקה המחלקה לכימיה,84736-02,"א' - 2.00
 ב' - 2.00",ב',1000 - 1200,סטודנטים-102,4
מחלקה המחלקה לכימיה,84746-01,"א' - 2.00
 ב' - 2.00",ב',1000 - 1200,סטודנטים-105,101
מחלקה המחלקה לכימיה,84746-02,"א' - 2.00
 ב' - 2.00",ב',1000 - 1200,סטודנטים-105,101
מחלקה המחלקה לכימיה,84756-01,"א' - 2.00
 ב' - 2.00",ב',1000 - 1200,סטודנטים-105,102
מחלקה המחלקה לכימיה,84756-02,"א' - 2.00
 ב' - 2.00",ב',1000 - 1200,סטודנטים-105,102
מחלקה המחלקה לכימיה,84781-01,א' - 2.00,ה',1000 - 1200,סטודנטים-105,101
מחלקה המחלקה לכימיה,84786-01,"א' - 2.00
 ב' - 2.00",ב',1000 - 1200,סטודנטים-105,2
מחלקה המחלקה לכימיה,84786-02,"א' - 2.00
 ב' - 2.00",ב',1000 - 1200,סטודנטים-105,2
מחלקה המחלקה לכימיה,84796-01,"א' - 2.00
 ב' - 2.00",ב',1000 - 1200,סטודנטים-105,103
מחלקה המחלקה לכימיה,84833-01,א' - 2.00,ג',1200 - 1400,מ.ישראל-605,13
מחלקה המחלקה לכימיה,84833-02,א' - 1.00,ג',1400 - 1500,מ.ישראל-605,13
מחלקה המחלקה לכימיה,84833-03,א' - 1.00,א',0800 - 0900,חדר מחלקה,מחלקה
מחלקה המחלקה לכימיה,84846-01,א' - 2.00,ד',1200 - 1400,סטודנטים-105,4
מחלקה המחלקה לכימיה,84848-01,ב' - 2.00,ג',1400 - 1600,סטודנטים-105,1
מחלקה המחלקה לכימיה,84850-01,א' - 2.00,ב',1400 - 1600,סטודנטים-105,1
מחלקה המחלקה לכימיה,84850-02,א' - 1.00,ד',0800 - 0900,סטודנטים-105,101
מחלקה המחלקה לכימיה,84857-01,ב' - 2.00,ה',1200 - 1400,טבע-211,112
מחלקה המחלקה לכימיה,84859-01,א' - 2.00,ד',1400 - 1600,סטודנטים-105,102
מחלקה המחלקה לכימיה,84887-01,ב' - 2.00,ב',1200 - 1400,סטודנטים-105,5
מחלקה המחלקה לכימיה,84895-01,ב' - 2.00,ג',1600 - 1800,סטודנטים-102,4
מחלקה המחלקה לכימיה,84895-02,ב' - 1.00,ג',0900 - 1000,טבע-211,112
מחלקה המחלקה לכימיה,84901-01,ב' - 2.00,א',1400 - 1600,סטודנטים-105,102
מחלקה המחלקה לכימיה,84913-01,א' - 2.00,ד',1000 - 1200,מ.ישראל-605,11
מחלקה המחלקה לכימיה,84923-01,ב' - 2.00,ה',1000 - 1200,טבע-211,112
מחלקה המחלקה לכימיה,84947-01,ב' - 2.00,ה',1400 - 1600,טבע-211,112
מחלקה המחלקה לכימיה,84967-01,א' - 2.00,א',1200 - 1400,סטודנטים-105,1
מחלקה המחלקה לכימיה,84974-01,א' - 2.00,ה',1600 - 1800,טבע-211,112
מחלקה המחלקה לכימיה,84985-01,א' - 2.00,ה',1400 - 1600,סטודנטים-105,2
מחלקה המחלקה לכימיה,84992-01,א' - 2.00,ד',1400 - 1600,טבע 211-2,22
מחלקה המחלקה לכימיה,84996-01,ב' - 2.00,א',1000 - 1200,טבע-203,226
מחלקה המחלקה לפיזיקה,86112-01,א' - 2.00,ד',1200 - 1400,משפטים-306,111
מחלקה המחלקה לפיזיקה,86115-01,א' - 4.00,"ב',ה'","1600 - 1800
1000 - 1200",טבע-202,301
מחלקה המחלקה לפיזיקה,86115-02,א' - 2.00,ב',1400 - 1600,סטודנטים-105,2
מחלקה המחלקה לפיזיקה,86115-03,א' - 2.00,ה',1200 - 1400,טבע-202,301
מחלקה המחלקה לפיזיקה,86115-04,א' - 4.00,ה',1600 - 2000,טבע-203,221
מחלקה המחלקה לפיזיקה,86115-05,א' - 2.00,ה',2000 - 2200,טבע-203,221
מחלקה המחלקה לפיזיקה,86115-06,א' - 2.00,ה',2000 - 2200,טבע-202,301
מחלקה המחלקה לפיזיקה,86115-07,א' - 4.00,ה',1800 - 2100,משפטים-304,3
מחלקה המחלקה לפיזיקה,86115-08,א' - 2.00,ה',1600 - 1800,סטודנטים-105,106
מחלקה המחלקה לפיזיקה,86115-09,א' - 2.00,ב',1800 - 2000,נלמד בזום,999
מחלקה המחלקה לפיזיקה,86120-01,ב' - 4.00,"א',ב'","1600 - 1800
1600 - 1800","משפטים-304
סטודנטים-105","3
61"
מחלקה המחלקה לפיזיקה,86120-02,ב' - 2.00,ד',1100 - 1300,טבע-202,301
מחלקה המחלקה לפיזיקה,86120-03,ב' - 2.00,ד',1800 - 2000,טבע-203,226
מחלקה המחלקה לפיזיקה,86120-04,ב' - 4.00,ה',1600 - 2000,טבע-203,221
מחלקה המחלקה לפיזיקה,86120-05,ב' - 2.00,ה',2000 - 2200,טבע-203,221
מחלקה המחלקה לפיזיקה,86120-06,ב' - 2.00,ה',2000 - 2200,טבע-202,301
מחלקה המחלקה לפיזיקה,86120-07,ב' - 4.00,ה',1500 - 1900,סטודנטים-105,61
מחלקה המחלקה לפיזיקה,86120-08,ב' - 2.00,ה',1900 - 2100,סטודנטים-105,61
מחלקה המחלקה לפיזיקה,86120-09,ב' - 4.00,"א',ב'","1200 - 1400
1300 - 1500",סטודנטים-105,"61
1"
מחלקה המחלקה לפיזיקה,86120-10,ב' - 2.00,ה',1600 - 1800,סטודנטים-105,103
מחלקה המחלקה לפיזיקה,86129-01,א' - 2.00,ג',1500 - 1700,טבע-202,202
מחלקה המחלקה לפיזיקה,86129-02,א' - 2.00,ג',1700 - 1900,טבע-202,202
מחלקה המחלקה לפיזיקה,86129-03,א' - 2.00,ג',1900 - 2100,טבע-202,202
מחלקה המחלקה לפיזיקה,86129-04,ב' - 2.00,ד',0900 - 1100,טבע-202,202
מחלקה המחלקה לפיזיקה,86129-05,ב' - 2.00,ד',1100 - 1300,טבע-202,202
מחלקה המחלקה לפיזיקה,86129-06,ב' - 2.00,א',1800 - 2000,טבע-202,202
מחלקה המחלקה לפיזיקה,86129-07,ב' - 2.00,א',1800 - 2000,מעבדה,999
מחלקה המחלקה לפיזיקה,86147-01,א' - 4.00,"א',ד'","1200 - 1400
1400 - 1600",טבע-202,301
מחלקה המחלקה לפיזיקה,86147-02,א' - 2.00,א',1000 - 1200,טבע-202,301
מחלקה המחלקה לפיזיקה,86147-03,א' - 2.00,ב',1000 - 1200,סטודנטים-105,3
מחלקה המחלקה לפיזיקה,86147-05,א' - 4.00,"ב',ה'","1600 - 1800
1700 - 1900",סטודנטים-105,"4
102"
מחלקה המחלקה לפיזיקה,86147-06,א' - 2.00,ה',1500 - 1700,סטודנטים-105,102
מחלקה המחלקה לפיזיקה,86148-01,ב' - 4.00,"א',ד'","1400 - 1600
1400 - 1600",טבע-203,221
מחלקה המחלקה לפיזיקה,86148-02,ב' - 2.00,א',0800 - 1000,טבע-202,301
מחלקה המחלקה לפיזיקה,86148-03,ב' - 2.00,ה',1400 - 1600,סטודנטים-105,105
מחלקה המחלקה לפיזיקה,86148-04,ב' - 4.00,"ב',ה'","1800 - 2000
1700 - 1900",סטודנטים-105,"106
101"
מחלקה המחלקה לפיזיקה,86148-05,ב' - 2.00,ה',1500 - 1700,סטודנטים-105,1
מחלקה המחלקה לפיזיקה,86153-01,א' - 4.00,ה',1400 - 1800,סטודנטים-105,61
מחלקה המחלקה לפיזיקה,86153-02,א' - 2.00,ב',1200 - 1400,סטודנטים-105,61
מחלקה המחלקה לפיזיקה,86154-01,ב' - 2.00,א',1000 - 1200,טבע-202,301
מחלקה המחלקה לפיזיקה,86154-02,ב' - 1.00,א',1300 - 1400,סטודנטים-105,102
מחלקה המחלקה לפיזיקה,86154-03,ב' - 1.00,ד',1300 - 1400,טבע-203,221
מחלקה המחלקה לפיזיקה,86154-05,ב' - 1.00,ה',1500 - 1600,סטודנטים-102,2
מחלקה המחלקה לפיזיקה,86154-06,ב' - 1.00,ה',1500 - 1600,סטודנטים-105,104
מחלקה המחלקה לפיזיקה,86156-01,ב' - 3.00,"ד',ה'","1600 - 1800
1200 - 1300","משפטים-305
טבע-203","4
221"
מחלקה המחלקה לפיזיקה,86156-02,ב' - 1.00,א',1200 - 1300,טבע-202,301
מחלקה המחלקה לפיזיקה,86156-03,ב' - 1.00,ב',1500 - 1600,סטודנטים-102,2
מחלקה המחלקה לפיזיקה,86156-04,א' - 3.00,ב',1500 - 1800,סטודנטים-105,106
מחלקה המחלקה לפיזיקה,86156-05,א' - 1.00,ב',1800 - 1900,סטודנטים-105,106
מחלקה המחלקה לפיזיקה,86159-01,א' - 2.00,ב',1800 - 2000,סטודנטים-105,4
מחלקה המחלקה לפיזיקה,86159-02,א' - 1.00,ה',1900 - 2000,סטודנטים-105,102
מחלקה המחלקה לפיזיקה,86164-01,א' - 2.00,א',1200 - 1400,נלמד בזום,999
מחלקה המחלקה לפיזיקה,86164-02,א' - 2.00,א',1000 - 1200,נלמד בזום,999
מחלקה המחלקה לפיזיקה,86164-03,א' - 2.00,א',1400 - 1600,נלמד בזום,999
מחלקה המחלקה לפיזיקה,86170-01,ב' - 2.00,ה',1000 - 1200,טבע-203,221
מחלקה המחלקה לפיזיקה,86170-02,ב' - 1.00,א',1800 - 1900,סטודנטים-105,1
מחלקה המחלקה לפיזיקה,86170-03,ב' - 1.00,ה',1300 - 1400,טבע-202,301
"פרטי קורס : שעות מחלקה א'
קוד קורס 86199-01
שם קורס באנגלית Departmental Reserved Hours
מחלקה המחלקה לפיזיקה
פקולטה מדעים מדויקים
סוג מפגש ש.מחלקה
מרצה מחלקה מרצי
שעות סמסטר א' - 2.00
סמסטר ב' - 2.00
נ""ז 0.00
הערה
יום א',ב'
שעה 08:00 - 10:00
08:00 - 10:00
בניין
חדר מחלקה
חדר
999
אפיונים מודל - אתר מלווה קורס
תאריכי בחינות",86199-01,"א' - 2.00
 ב' - 2.00","א',ב'","0800 - 1000
0800 - 1000",חדר מחלקה,מחלקה
מחלקה המחלקה לפיזיקה,86207-01,א' - 4.00,"ד',ה'","1700 - 1900
1600 - 1800","טבע-203
טבע-202","221
301"
מחלקה המחלקה לפיזיקה,86207-02,א' - 2.00,ד',1900 - 2100,טבע-203,221
מחלקה המחלקה לפיזיקה,86207-03,א' - 2.00,ה',1400 - 1600,טבע-202,301
מחלקה המחלקה לפיזיקה,86207-04,א' - 2.00,ה',1400 - 1600,סטודנטים-105,103
מחלקה המחלקה לפיזיקה,86207-05,א' - 4.00,ה',1600 - 2000,סטודנטים-105,1
מחלקה המחלקה לפיזיקה,86207-06,א' - 2.00,ב',1800 - 2000,סטודנטים-105,1
מחלקה המחלקה לפיזיקה,86208-01,ב' - 2.00,א',1300 - 1500,טבע-202,301
מחלקה המחלקה לפיזיקה,86208-02,ב' - 1.00,א',1500 - 1600,טבע-202,301
מחלקה המחלקה לפיזיקה,86209-01,א' - 3.00,ד',1400 - 1700,טבע-203,221
מחלקה המחלקה לפיזיקה,86209-02,א' - 2.00,ה',1800 - 2000,טבע-202,301
מחלקה המחלקה לפיזיקה,86210-01,א' - 3.00,ב',1400 - 1700,טבע-203,221
מחלקה המחלקה לפיזיקה,86210-02,א' - 2.00,ה',1200 - 1400,טבע-207,1
מחלקה המחלקה לפיזיקה,86210-03,א' - 2.00,ה',1400 - 1600,טבע-203,221
מחלקה המחלקה לפיזיקה,86210-04,א' - 2.00,ה',1800 - 2000,סטודנטים-105,106
מחלקה המחלקה לפיזיקה,86215-01,ב' - 3.00,ד',1300 - 1600,טבע-202,301
מחלקה המחלקה לפיזיקה,86215-02,ב' - 1.00,א',1200 - 1300,סטודנטים-105,106
מחלקה המחלקה לפיזיקה,86215-03,ב' - 1.00,ד',1000 - 1100,טבע-202,301
מחלקה המחלקה לפיזיקה,86215-04,ב' - 1.00,ד',1600 - 1700,סטודנטים-105,105
מחלקה המחלקה לפיזיקה,86216-01,א' - 3.00,"ב',ג'","0900 - 1000
1200 - 1400",טבע-203,221
מחלקה המחלקה לפיזיקה,86216-02,א' - 1.00,ג',1600 - 1700,סטודנטים-105,61
מחלקה המחלקה לפיזיקה,86216-03,א' - 1.00,ב',1000 - 1100,סטודנטים-105,61
מחלקה המחלקה לפיזיקה,86216-04,א' - 1.00,ב',1500 - 1600,טבע-202,301
מחלקה המחלקה לפיזיקה,86232-01,א' - 3.00,ב',0900 - 1200,טבע-202,205
מחלקה המחלקה לפיזיקה,86232-02,א' - 3.00,ד',1100 - 1400,טבע-202,205
מחלקה המחלקה לפיזיקה,86232-03,א' - 3.00,ה',0900 - 1200,טבע-202,205
מחלקה המחלקה לפיזיקה,86232-04,ב' - 3.00,ד',1700 - 2000,טבע-202,205
מחלקה המחלקה לפיזיקה,86232-05,ב' - 3.00,ה',0900 - 1200,טבע-202,205
מחלקה המחלקה לפיזיקה,86232-06,ב' - 3.00,ג',1400 - 1700,טבע-202,205
מחלקה המחלקה לפיזיקה,86234-01,ב' - 3.00,ד',0900 - 1200,טבע-203,221
מחלקה המחלקה לפיזיקה,86234-02,ב' - 2.00,ד',1400 - 1600,סטודנטים-105,61
מחלקה המחלקה לפיזיקה,86234-03,ב' - 2.00,ה',0900 - 1100,סטודנטים-102,4
מחלקה המחלקה לפיזיקה,86234-04,ב' - 2.00,ה',1600 - 1800,טבע-202,301
מחלקה המחלקה לפיזיקה,86246-01,ב' - 4.00,"א',ה'","1000 - 1200
1400 - 1600",טבע-203,221
מחלקה המחלקה לפיזיקה,86246-02,ב' - 2.00,א',1600 - 1800,טבע-202,301
מחלקה המחלקה לפיזיקה,86246-03,ב' - 2.00,ה',1200 - 1400,סטודנטים-105,61
מחלקה המחלקה לפיזיקה,86248-01,ב' - 4.00,ב',1000 - 1400,טבע-202,304
מחלקה המחלקה לפיזיקה,86248-02,ב' - 4.00,ג',1000 - 1400,טבע-202,304
מחלקה המחלקה לפיזיקה,86248-03,ב' - 4.00,ד',0900 - 1300,טבע-202,304
מחלקה המחלקה לפיזיקה,86248-04,ב' - 4.00,ד',0900 - 1300,מעבדה,999
מחלקה המחלקה לפיזיקה,86248-05,ב' - 4.00,ה',1600 - 2000,טבע-202,304
מחלקה המחלקה לפיזיקה,86248-06,ב' - 4.00,ב',1000 - 1400,מעבדה,999
מחלקה המחלקה לפיזיקה,86248-07,ב' - 4.00,ה',1600 - 2000,מעבדה,999
מחלקה המחלקה לפיזיקה,86250-01,א' - 2.00,ב',1200 - 1400,טבע-203,221
מחלקה המחלקה לפיזיקה,86250-02,א' - 1.00,ד',1900 - 2000,טבע-202,505
מחלקה המחלקה לפיזיקה,86251-01,א' - 3.00,ב',0900 - 1200,טבע-202,203
מחלקה המחלקה לפיזיקה,86251-02,א' - 3.00,ד',1100 - 1400,טבע-202,203
"פרטי קורס : שעות מחלקה ב'
קוד קורס 86299-01
שם קורס באנגלית Departmental Reserved Hours - 2nd year students
מחלקה המחלקה לפיזיקה
פקולטה מדעים מדויקים
סוג מפגש ש.מחלקה
מרצה מחלקה מרצי
שעות סמסטר א' - 2.00
סמסטר ב' - 2.00
נ""ז 0.00
הערה
יום ד',א'
שעה 08:00 - 10:00
08:00 - 10:00
בניין
חדר מחלקה
חדר
999
אפיונים מודל - אתר מלווה קורס
תאריכי בחינות",86299-01,"א' - 2.00
 ב' - 2.00","ד',א'","0800 - 1000
0800 - 1000",חדר מחלקה,מחלקה
מחלקה המחלקה לפיזיקה,86302-01,א' - 2.00,א',1400 - 1600,טבע-203,221
מחלקה המחלקה לפיזיקה,86302-02,א' - 1.00,ב',1100 - 1200,סטודנטים-105,61
מחלקה המחלקה לפיזיקה,86302-03,א' - 1.00,ג',1100 - 1200,טבע-202,301
מחלקה המחלקה לפיזיקה,86311-01,ב' - 3.00,ב',1600 - 1900,טבע-202,301
מחלקה המחלקה לפיזיקה,86311-02,ב' - 2.00,ב',1400 - 1600,טבע-202,301
מחלקה המחלקה לפיזיקה,86311-03,ב' - 2.00,ד',1100 - 1300,יהדות-404,114
מחלקה המחלקה לפיזיקה,86311-04,ב' - 2.00,ד',1600 - 1800,סטודנטים-105,3
מחלקה המחלקה לפיזיקה,86311-05,א' - 3.00,ד',1400 - 1700,טבע-202,505
מחלקה המחלקה לפיזיקה,86311-06,א' - 2.00,ה',1000 - 1200,טבע-202,505
מחלקה המחלקה לפיזיקה,86312-01,א' - 3.00,ב',1200 - 1500,טבע-202,301
מחלקה המחלקה לפיזיקה,86312-02,א' - 2.00,ב',1500 - 1700,מ.ישראל-505,5
מחלקה המחלקה לפיזיקה,86312-03,א' - 2.00,ג',1400 - 1600,טבע-202,301
מחלקה המחלקה לפיזיקה,86312-04,ב' - 3.00,ה',1400 - 1700,סטודנטים-105,5
מחלקה המחלקה לפיזיקה,86312-05,ב' - 2.00,ה',1700 - 1900,סטודנטים-105,102
מחלקה המחלקה לפיזיקה,86317-01,ב' - 3.00,ה',1400 - 1700,מ.ישראל-505,62
מחלקה המחלקה לפיזיקה,86328-01,ב' - 3.00,ב',1500 - 1800,טבע-202,303
מחלקה המחלקה לפיזיקה,86351-01,א' - 3.00,"ג',ה'","1000 - 1200
1500 - 1600",טבע-202,303
מחלקה המחלקה לפיזיקה,86351-02,א' - 1.00,ה',1600 - 1700,טבע-202,303
מחלקה המחלקה לפיזיקה,86362-01,ב' - 2.00,ד',1200 - 1400,טבע-202,505
מחלקה המחלקה לפיזיקה,86365-01,א' - 3.00,א',0900 - 1200,טבע-202,303
מחלקה המחלקה לפיזיקה,86365-02,א' - 1.00,א',1200 - 1300,טבע-202,303
מחלקה המחלקה לפיזיקה,86367-01,א' - 4.00,א',1000 - 1400,טבע-202,201
מחלקה המחלקה לפיזיקה,86367-02,ב' - 4.00,ה',1000 - 1400,טבע-202,201
מחלקה המחלקה לפיזיקה,86370-01,ב' - 4.00,"א',ב'","1200 - 1400
1200 - 1400",טבע-203,221
מחלקה המחלקה לפיזיקה,86370-02,ב' - 2.00,א',1400 - 1600,סטודנטים-105,1
מחלקה המחלקה לפיזיקה,86370-03,ב' - 2.00,ב',1000 - 1200,טבע-202,303
מחלקה המחלקה לפיזיקה,86370-04,ב' - 4.00,"א',ב'","1200 - 1400
1200 - 1400","סטודנטים-105
משפטים-305","105
133"
מחלקה המחלקה לפיזיקה,86370-05,ב' - 2.00,א',1400 - 1600,סטודנטים-105,2
מחלקה המחלקה לפיזיקה,86385-01,א' - 3.00,א',1600 - 1900,טבע-202,204
מחלקה המחלקה לפיזיקה,86385-02,א' - 3.00,ג',0900 - 1200,טבע-202,204
מחלקה המחלקה לפיזיקה,86385-03,ב' - 3.00,ב',1600 - 1900,טבע-202,204
מחלקה המחלקה לפיזיקה,86385-04,ב' - 3.00,ג',0900 - 1200,טבע-202,204
"פרטי קורס : שעות מחלקה ג'
קוד קורס 86399-01
שם קורס באנגלית Departmental Reserved Hours - 3rd year students
מחלקה המחלקה לפיזיקה
פקולטה מדעים מדויקים
סוג מפגש ש.מחלקה
מרצה מחלקה מרצי
שעות סמסטר א' - 2.00
סמסטר ב' - 2.00
נ""ז 0.00
הערה
יום ד',ב'
שעה 08:00 - 10:00
08:00 - 10:00
בניין
חדר מחלקה
חדר
999
אפיונים מודל - אתר מלווה קורס
תאריכי בחינות",86399-01,"א' - 2.00
 ב' - 2.00","ד',ב'","0800 - 1000
0800 - 1000",חדר מחלקה,מחלקה
מחלקה המחלקה לפיזיקה,86431-01,א' - 2.00,ב',1700 - 1900,טבע-203,221
מחלקה המחלקה לפיזיקה,86432-01,ב' - 2.00,ב',1400 - 1600,סטודנטים-105,61
מחלקה המחלקה לפיזיקה,86432-02,ב' - 2.00,ב',1400 - 1600,מ.ישראל-504,1
מחלקה המחלקה לפיזיקה,86432-04,ב' - 2.00,ד',1200 - 1400,סטודנטים-105,2
מחלקה המחלקה לפיזיקה,86432-05,ב' - 2.00,ד',1600 - 1800,מ.ישראל-508,7
מחלקה המחלקה לפיזיקה,86437-01,א' - 2.00,ד',1400 - 1600,טבע-202,303
מחלקה המחלקה לפיזיקה,86437-02,א' - 2.00,ד',1000 - 1200,משפטים-305,134
מחלקה המחלקה לפיזיקה,86437-03,א' - 2.00,ה',1000 - 1200,טבע-202,303
מחלקה המחלקה לפיזיקה,86444-01,ב' - 2.00,ג',1600 - 1800,טבע-202,303
מחלקה המחלקה לפיזיקה,86537-01,"א' - 2.00
 ב' - 2.00",ב',"1500 - 1600
1500 - 1700",סטודנטים-105,"102
106"
מחלקה המחלקה לפיזיקה,86602-01,א' - 3.00,ב',1500 - 1800,טבע-202,505
מחלקה המחלקה לפיזיקה,86605-01,א' - 3.00,ה',1200 - 1500,טבע-202,505
מחלקה המחלקה לפיזיקה,86676-01,ב' - 3.00,"א',ה'","1000 - 1200
1200 - 1300","טבע-202
מ.ישראל-505","505
64"
מחלקה המחלקה לפיזיקה,86676-02,ב' - 1.00,ה',1300 - 1400,מ.ישראל-505,64
מחלקה המחלקה לפיזיקה,86683-01,ב' - 3.00,ד',1400 - 1700,טבע-202,303
מחלקה המחלקה לפיזיקה,86683-02,ב' - 1.00,ד',1700 - 1800,טבע-202,303
מחלקה המחלקה לפיזיקה,86705-01,ב' - 4.00,ג',1200 - 1600,מעבדה,999
מחלקה המחלקה לפיזיקה,86707-01,ב' - 3.00,א',1400 - 1700,מ.ישראל-604,11
מחלקה המחלקה לפיזיקה,86707-02,ב' - 1.00,א',1700 - 1800,מ.ישראל-604,11
מחלקה המחלקה לפיזיקה,86708-01,ב' - 3.00,ה',1400 - 1700,טבע-202,303
מחלקה המחלקה לפיזיקה,86708-02,ב' - 1.00,ה',1700 - 1800,טבע-202,303
מחלקה המחלקה לפיזיקה,86738-01,ב' - 2.00,ב',1300 - 1500,טבע-202,303
מחלקה המחלקה לפיזיקה,86745-01,א' - 3.00,ג',1200 - 1500,טבע-202,303
מחלקה המחלקה לפיזיקה,86762-01,"א' - 2.00
 ב' - 2.00","א',ה'","1000 - 1200
1000 - 1200",חדר מחלקה,מחלקה
מחלקה המחלקה לפיזיקה,86785-01,א' - 3.00,ב',1200 - 1500,טבע-202,303
מחלקה המחלקה לפיזיקה,86791-01,ב' - 2.00,ד',1200 - 1400,חדר מחלקה,מחלקה
מחלקה המחלקה לפיזיקה,86803-01,א' - 2.00,ה',1600 - 1800,טבע-202,505
מחלקה המחלקה לפיזיקה,86803-02,א' - 2.00,ה',1800 - 2000,טבע-202,505
מחלקה המחלקה לפיזיקה,86818-01,א' - 2.00,ד',1600 - 1800,טבע-202,301
מחלקה המחלקה לפיזיקה,86818-02,א' - 2.00,ד',1800 - 2000,טבע-202,301
מחלקה המחלקה לפיזיקה,86821-01,א' - 2.00,ג',1600 - 1800,טבע-202,301
מחלקה המחלקה לפיזיקה,86821-02,א' - 2.00,ג',1800 - 2000,טבע-202,301
מחלקה המחלקה לפיזיקה,86823-01,ב' - 4.00,א',1200 - 1600,טבע-203,226
מחלקה המחלקה לפיזיקה,86830-01,ב' - 2.00,ב',1200 - 1400,סטודנטים-102,4
מחלקה המחלקה לפיזיקה,86831-01,א' - 3.00,ד',1100 - 1400,טבע-202,505
מחלקה המחלקה לפיזיקה,86840-01,ב' - 3.00,ב',1500 - 1800,סטודנטים-105,1
מחלקה המחלקה לפיזיקה,86840-02,ב' - 1.00,ב',1800 - 1900,סטודנטים-105,1
מחלקה המחלקה לפיזיקה,86846-01,ב' - 3.00,ג',0900 - 1200,טבע-202,505
מחלקה המחלקה לפיזיקה,86846-02,ב' - 1.00,ג',1200 - 1300,טבע-202,505
מחלקה המחלקה לפיזיקה,869113-01,"א' - 2.00
 ב' - 2.00","פרטי קורס  קולוקו באסטרופיזיקה
קוד קורס 869113-01
שם קורס באנגלית Colloquium in Astrophysics
מחלקה המחלקה לפיזיקה
פקולטה מדעים מדויקים
סוג מפגש קולוקו רשות
מרצה פרופ' אסף פאר
ד""ר אופק בירנהולץ
ד""ר מעיין תמר סומנייק
שעות סמסטר א' - 2.00
סמסטר ב' - 2.00
נ""ז 0.00
הערה
 ד'
שעה 1200 - 1400
בניין
טבע-202
חדר
303
אפיונים מודל - אתר מלווה קורס
תאריכי בחינות
סילבוס צפייה בסילבוס",1200 - 1400,טבע-202,303
מחלקה המחלקה לפיזיקה,869213-01,"א' - 2.00
 ב' - 2.00","פרטי קורס  קולוקו באופטיקה קוונטית
קוד קורס 869213-01
שם קורס באנגלית Seminar in Quantum Optics
מחלקה המחלקה לפיזיקה
פקולטה מדעים מדויקים
סוג מפגש קולוקו רשות
מרצה פרופ' עמנואל דלה טורה
פרופ' שרון שורץ
פרופ' פטריק סבע
ד""ר חנן הרציג שינפוקס
שעות סמסטר א' - 2.00
סמסטר ב' - 2.00
נ""ז 0.00
הערה
 א'
שעה 1300 - 1500
1000 - 1200
בניין
חדר מחלקה
סטודנטים-105
חדר
999
61
אפיונים מודל - אתר מלווה קורס
תאריכי בחינות","1300 - 1500
1000 - 1200","חדר מחלקה
סטודנטים-105",מחלקה
מחלקה המחלקה לפיזיקה,869313-01,"א' - 2.00
 ב' - 2.00","פרטי קורס  קולוקו בעל מוליכות
קוד קורס 869313-01
שם קורס באנגלית Seminar in Superconductivity
מחלקה המחלקה לפיזיקה
פקולטה מדעים מדויקים
סוג מפגש קולוקו רשות
מרצה פרופ' דמיטרי גוטמן
פרופ' לאוניד פייגל
שעות סמסטר א' - 2.00
סמסטר ב' - 2.00
נ""ז 0.00
הערה
 ד',ג'
שעה 1400 - 1600
1800 - 2000
בניין
חדר מחלקה
חדר
999
אפיונים מודל - אתר מלווה קורס
תאריכי בחינות","1400 - 1600
1800 - 2000",חדר מחלקה,מחלקה
מחלקה המחלקה לפיזיקה,869413-01,"א' - 2.00
 ב' - 2.00","פרטי קורס  קולוקו והוראה
קוד קורס 869413-01
שם קורס באנגלית Colloquium
מחלקה המחלקה לפיזיקה
פקולטה מדעים מדויקים
סוג מפגש קולוקו רשות
מרצה ד""ר יוסף בן-ציון
פרופ' אליהו סלוצקין
פרופ' אסף פאר
ד""ר אופק בירנהולץ
שעות סמסטר א' - 2.00
סמסטר ב' - 2.00
נ""ז 0.00
הערה
 ב'
שעה 1000 - 1200
בניין
טבע-202
חדר
301
אפיונים מודל - אתר מלווה קורס
תאריכי בחינות",1000 - 1200,טבע-202,301
מחלקה המחלקה לפיזיקה,869613-01,"א' - 2.00
 ב' - 2.00","פרטי קורס  קולוקו בפיזיקה של מערכות מורכבות
קוד קורס 869613-01
שם קורס באנגלית Seminar Physics of Complex Systems
מחלקה המחלקה לפיזיקה
פקולטה מדעים מדויקים
סוג מפגש קולוקו רשות
מרצה פרופ' אמיר בשן
פרופ' נדב שנרב
פרופ' רוני בארטש
שעות סמסטר א' - 2.00
סמסטר ב' - 2.00
נ""ז 0.00
הערה
 ד'
שעה 1000 - 1200
בניין
טבע-202
חדר
303
אפיונים מודל - אתר מלווה קורס
תאריכי בחינות",1000 - 1200,טבע-202,303
מחלקה המחלקה לפיזיקה,869713-01,"א' - 2.00
 ב' - 2.00","פרטי קורס  קולוקו בפיזיקה סטטיסטית
קוד קורס 869713-01
שם קורס באנגלית Seminar Statistical Physics
מחלקה המחלקה לפיזיקה
פקולטה מדעים מדויקים
סוג מפגש קולוקו רשות
מרצה פרופ' סטניסלב בורוב
פרופ' חיים טייטלבאום
פרופ' אלי ברקאי
שעות סמסטר א' - 2.00
סמסטר ב' - 2.00
נ""ז 0.00
הערה
 ג'
שעה 0800 - 1000
1600 - 1800
בניין
חדר מחלקה
חדר
999
אפיונים מודל - אתר מלווה קורס
תאריכי בחינות","0800 - 1000
1600 - 1800",חדר מחלקה,מחלקה
מחלקה המחלקה לפיזיקה,869813-01,"א' - 2.00
 ב' - 2.00","פרטי קורס  קולוקו בפיזיקת המצב המוצק
קוד קורס 869813-01
שם קורס באנגלית Seminar in Solid State Physics
מחלקה המחלקה לפיזיקה
פקולטה מדעים מדויקים
סוג מפגש קולוקו רשות
מרצה פרופ' דמיטרי גוטמן
פרופ' ריצ'רד ברקוביץ
פרופ' אפרת שמשוני
פרופ' בינה קליסקי
פרופ' יהונתן רוכמן
ד""ר איליה ייסין
ד""ר אברהם קליין
שעות סמסטר א' - 2.00
סמסטר ב' - 2.00
נ""ז 0.00
הערה
 ה'
שעה 1200 - 1400
בניין
חדר מחלקה
חדר
999
אפיונים מודל - אתר מלווה קורס
תאריכי בחינות",1200 - 1400,חדר מחלקה,מחלקה
"פרטי קורס : שעות מחלקה
קוד קורס 88009-01
שם קורס באנגלית Departmental Reserved Hours
מחלקה המחלקה למתמטיקה
פקולטה מדעים מדויקים
סוג מפגש ש.מחלקה
מרצה מחלקה מרצי
שעות סמסטר א' - 4.00
סמסטר ב' - 4.00
נ""ז 0.00
הערה
יום א',ה',ב'
שעה 09:00 - 11:00
16:00 - 18:00
08:00 - 10:00
10:00 - 12:00
בניין
חדר מחלקה
חדר
999
אפיונים מודל - אתר מלווה קורס
תאריכי בחינות",88009-01,"א' - 4.00
 ב' - 4.00","א',ה',ב'","0900 - 1100
1600 - 1800
0800 - 1000
1000 - 1200",חדר מחלקה,מחלקה
מחלקה המחלקה למתמטיקה,88015-01,א' - 4.00,ה',1500 - 1900,טבע-207,1
מחלקה המחלקה למתמטיקה,88015-02,א' - 2.00,ה',1900 - 2100,טבע-207,1
מחלקה המחלקה למתמטיקה,88015-03,א' - 2.00,ה',1900 - 2100,סטודנטים-105,61
מחלקה המחלקה למתמטיקה,88015-04,א' - 2.00,ה',1900 - 2100,משפטים-305,134
מחלקה המחלקה למתמטיקה,88016-01,ב' - 4.00,ה',1700 - 2100,טבע-207,1
מחלקה המחלקה למתמטיקה,88016-02,ב' - 2.00,ה',1500 - 1700,משפטים-306,111
מחלקה המחלקה למתמטיקה,88016-03,ב' - 2.00,ה',1500 - 1700,סטודנטים-105,106
מחלקה המחלקה למתמטיקה,88016-04,ב' - 2.00,ה',1500 - 1700,טבע-207,1
"פרטי קורס : שעות מחלקה
קוד קורס 88020-01
שם קורס באנגלית Departmental Reserved Hours
מחלקה המחלקה למתמטיקה
פקולטה מדעים מדויקים
סוג מפגש ש.מחלקה
מרצה מחלקה מרצי
שעות סמסטר א' - 2.00
סמסטר ב' - 2.00
נ""ז 0.00
הערה
יום ה',ד'
שעה 14:00 - 16:00
08:00 - 10:00
בניין
חדר מחלקה
חדר
999
אפיונים מודל - אתר מלווה קורס
תאריכי בחינות",88020-01,"א' - 2.00
 ב' - 2.00","ה',ד'","1400 - 1600
0800 - 1000",חדר מחלקה,מחלקה
"פרטי קורס : שעות מחלקה
קוד קורס 88030-01
שם קורס באנגלית Departmental Reserved Hours
מחלקה המחלקה למתמטיקה
פקולטה מדעים מדויקים
סוג מפגש ש.מחלקה
מרצה מחלקה מרצי
שעות סמסטר א' - 2.00
סמסטר ב' - 2.00
נ""ז 0.00
הערה
יום ד'
שעה 08:00 - 10:00
08:00 - 10:00
בניין
חדר מחלקה
חדר
999
אפיונים מודל - אתר מלווה קורס
תאריכי בחינות",88030-01,"א' - 2.00
 ב' - 2.00",ד',"0800 - 1000
0800 - 1000",חדר מחלקה,מחלקה
מחלקה המחלקה למתמטיקה,88049-01,א' - 2.00,ג',0800 - 1000,רוח-1002,102
מחלקה המחלקה למתמטיקה,88049-02,א' - 2.00,ג',1000 - 1200,רוח-1002,102
מחלקה המחלקה למתמטיקה,88112-01,א' - 4.00,"ב',ה'","1600 - 1800
1400 - 1600","מ.ישראל-507
מ.ישראל-604","201
101"
מחלקה המחלקה למתמטיקה,88112-02,א' - 4.00,"א',ד'","1600 - 1800
1200 - 1400",חדר מחלקה,מחלקה
מחלקה המחלקה למתמטיקה,88112-03,א' - 2.00,ג',0800 - 1000,מ.ישראל-605,11
מחלקה המחלקה למתמטיקה,88112-04,א' - 2.00,א',1200 - 1400,חדר מחלקה,מחלקה
מחלקה המחלקה למתמטיקה,88113-01,ב' - 4.00,"ג',ה'","1600 - 1800
1600 - 1800","מ.ישראל-507
משפטים-305","105
10"
מחלקה המחלקה למתמטיקה,88113-02,ב' - 4.00,"א',ד'","1400 - 1600
1200 - 1400",חדר מחלקה,מחלקה
מחלקה המחלקה למתמטיקה,88113-03,ב' - 2.00,ה',1800 - 2000,משפטים-305,10
מחלקה המחלקה למתמטיקה,88113-04,ב' - 2.00,א',1200 - 1400,חדר מחלקה,מחלקה
מחלקה המחלקה למתמטיקה,88113-05,א' - 4.00,"א',ד'","1500 - 1700
1500 - 1700","מ.ישראל-502
מ.ישראל-507","37
107"
מחלקה המחלקה למתמטיקה,88113-07,א' - 2.00,ד',1900 - 2100,מ.ישראל-507,208
מחלקה המחלקה למתמטיקה,88113-08,א' - 4.00,"א',ד'","1500 - 1700
1500 - 1700","טבע 211-2
מ.ישראל-501",25
מחלקה המחלקה למתמטיקה,88113-09,א' - 2.00,ד',1900 - 2100,מ.ישראל-507,202
מחלקה המחלקה למתמטיקה,88113-10,א' - 4.00,"א',ד'","1500 - 1700
1500 - 1700",נלמד בזום,999
מחלקה המחלקה למתמטיקה,88113-11,א' - 2.00,ד',1900 - 2100,נלמד בזום,999
מחלקה המחלקה למתמטיקה,88113-12,א' - 2.00,ד',1900 - 2100,מ.ישראל-507,206
מחלקה המחלקה למתמטיקה,88132-01,א' - 4.00,"ב',ה'","1200 - 1400
1000 - 1200","מ.ישראל-505
מ.ישראל-507","2
101"
מחלקה המחלקה למתמטיקה,88132-02,א' - 4.00,"א',ה'","1400 - 1600
1200 - 1400",חדר מחלקה,מחלקה
מחלקה המחלקה למתמטיקה,88132-03,א' - 2.00,ד',1600 - 1800,חדר מחלקה,מחלקה
מחלקה המחלקה למתמטיקה,88132-04,א' - 2.00,ב',1400 - 1600,מ.ישראל-505,2
מחלקה המחלקה למתמטיקה,88132-05,א' - 4.00,"א',ד'","1700 - 1900
1700 - 1900","סטודנטים-105
מ.ישראל-507","4
208"
מחלקה המחלקה למתמטיקה,88132-06,א' - 2.00,א',1900 - 2100,סטודנטים-105,4
מחלקה המחלקה למתמטיקה,88132-07,א' - 4.00,"א',ד'","1700 - 1900
1700 - 1900","טבע 211-2
מ.ישראל-501",25
מחלקה המחלקה למתמטיקה,88132-08,א' - 2.00,א',1900 - 2100,טבע 211-2,25
מחלקה המחלקה למתמטיקה,88132-09,א' - 2.00,א',1900 - 2100,משפטים-305,6
מחלקה המחלקה למתמטיקה,88132-10,א' - 4.00,"א',ד'","1700 - 1900
1700 - 1900",סטודנטים-105,"106
4"
מחלקה המחלקה למתמטיקה,88132-11,א' - 2.00,א',1900 - 2100,משפטים-306,111
מחלקה המחלקה למתמטיקה,88132-12,א' - 4.00,"א',ד'","1700 - 1900
1700 - 1900","הנדסה-1104
הנדסה-1105","42
53"
מחלקה המחלקה למתמטיקה,88132-13,א' - 2.00,א',1900 - 2100,הנדסה-1103,22
מחלקה המחלקה למתמטיקה,88133-01,ב' - 4.00,"ה',ב'","0800 - 1000
1300 - 1500","מ.ישראל-507
מ.ישראל-604","101
62"
מחלקה המחלקה למתמטיקה,88133-02,ב' - 4.00,"א',ד'","1600 - 1800
1400 - 1600",חדר מחלקה,מחלקה
מחלקה המחלקה למתמטיקה,88133-03,ב' - 2.00,ה',1400 - 1600,מ.ישראל-507,101
מחלקה המחלקה למתמטיקה,88133-04,ב' - 2.00,ד',1600 - 1800,חדר מחלקה,מחלקה
מחלקה המחלקה למתמטיקה,88133-05,ב' - 4.00,"א',ד'","1800 - 2000
1500 - 1700","חברה-902
משפטים-304","9
2"
מחלקה המחלקה למתמטיקה,88133-06,ב' - 2.00,ד',1900 - 2100,משפטים-304,3
מחלקה המחלקה למתמטיקה,88133-07,ב' - 4.00,"א',ד'","1500 - 1700
1700 - 1900","מ.ישראל-604
סטודנטים-105","103
105"
מחלקה המחלקה למתמטיקה,88133-08,ב' - 2.00,ד',1900 - 2100,סטודנטים-105,105
מחלקה המחלקה למתמטיקה,88133-09,ב' - 2.00,ד',1900 - 2100,יהדות-403,67
מחלקה המחלקה למתמטיקה,88133-10,ב' - 2.00,ד',1900 - 2100,משפטים-306,111
מחלקה המחלקה למתמטיקה,88133-11,ב' - 4.00,"א',ד'","1500 - 1700
1700 - 1900","הנדסה-1105
הנדסה-1104","271
42"
מחלקה המחלקה למתמטיקה,88133-12,ב' - 2.00,א',1700 - 1900,הנדסה-1105,271
מחלקה המחלקה למתמטיקה,88165-01,ב' - 3.00,ב',1000 - 1300,מ.ישראל-604,62
מחלקה המחלקה למתמטיקה,88165-02,ב' - 2.00,ג',1200 - 1400,מ.ישראל-507,108
מחלקה המחלקה למתמטיקה,88165-05,ב' - 3.00,"א',ד'","1700 - 1900
1600 - 1700","מ.ישראל-605
מ.ישראל-604","13
104"
מחלקה המחלקה למתמטיקה,88165-06,ב' - 2.00,א',1900 - 2100,מ.ישראל-505,4
מחלקה המחלקה למתמטיקה,88165-07,ב' - 2.00,ד',1700 - 1900,משפטים-304,3
מחלקה המחלקה למתמטיקה,88165-09,ב' - 3.00,א',1500 - 1800,חברה-902,9
מחלקה המחלקה למתמטיקה,88165-10,ב' - 2.00,ד',1700 - 1900,משפטים-306,111
מחלקה המחלקה למתמטיקה,88170-01,א' - 3.00,ג',1500 - 1800,משפטים-304,1
מחלקה המחלקה למתמטיקה,88170-02,א' - 2.00,ג',1800 - 2000,מ.ישראל-605,13
מחלקה המחלקה למתמטיקה,88174-01,ב' - 3.00,ב',1500 - 1800,מ.ישראל-502,23
מחלקה המחלקה למתמטיקה,88174-02,ב' - 2.00,ב',1800 - 2000,מ.ישראל-502,23
מחלקה המחלקה למתמטיקה,88195-01,א' - 4.00,"ב',ג'","1000 - 1200
1000 - 1200","מ.ישראל-507
מ.ישראל-605","105
11"
מחלקה המחלקה למתמטיקה,88195-02,א' - 2.00,ג',1200 - 1400,מ.ישראל-605,11
מחלקה המחלקה למתמטיקה,88201-01,ב' - 3.00,ה',1100 - 1400,משפטים-306,111
מחלקה המחלקה למתמטיקה,88201-03,ב' - 2.00,ה',0900 - 1100,משפטים-306,111
מחלקה המחלקה למתמטיקה,88202-01,א' - 3.00,ג',1100 - 1400,סטודנטים-105,61
מחלקה המחלקה למתמטיקה,88202-02,א' - 2.00,ג',1400 - 1600,סטודנטים-105,61
מחלקה המחלקה למתמטיקה,88211-01,א' - 3.00,א',1100 - 1400,משפטים-305,4
מחלקה המחלקה למתמטיקה,88211-03,א' - 2.00,א',1400 - 1600,משפטים-305,4
מחלקה המחלקה למתמטיקה,88211-04,א' - 2.00,ג',1600 - 1800,מ.ישראל-507,2
מחלקה המחלקה למתמטיקה,88212-01,ב' - 4.00,"א',ד'","1400 - 1600
1500 - 1700","יהדות-404
מ.ישראל-505","102
105"
מחלקה המחלקה למתמטיקה,88212-02,ב' - 2.00,ד',1700 - 1900,מ.ישראל-505,105
מחלקה המחלקה למתמטיקה,88218-01,א' - 3.00,ד',1700 - 2000,מ.ישראל-604,62
מחלקה המחלקה למתמטיקה,88218-02,א' - 2.00,א',1400 - 1600,מ.ישראל-604,103
מחלקה המחלקה למתמטיקה,88218-03,א' - 2.00,א',1400 - 1600,מ.ישראל-604,205
מחלקה המחלקה למתמטיקה,88218-04,א' - 3.00,א',1600 - 1800,טרם שובץ,טרם שובץ
מחלקה המחלקה למתמטיקה,88220-01,ב' - 3.00,ה',1400 - 1700,משפטים-305,134
מחלקה המחלקה למתמטיקה,88220-02,ב' - 2.00,ה',1700 - 1900,משפטים-305,134
מחלקה המחלקה למתמטיקה,88222-05,ב' - 3.00,א',1600 - 1900,משפטים-305,6
מחלקה המחלקה למתמטיקה,88222-07,ב' - 2.00,א',1900 - 2100,משפטים-305,134
מחלקה המחלקה למתמטיקה,88222-08,ב' - 2.00,א',1900 - 2100,משפטים-305,6
מחלקה המחלקה למתמטיקה,88230-01,א' - 4.00,"ב',ה'","1000 - 1200
1200 - 1400",מ.ישראל-507,"205
202"
מחלקה המחלקה למתמטיקה,88230-03,א' - 2.00,ב',1200 - 1400,מ.ישראל-507,205
מחלקה המחלקה למתמטיקה,88230-05,א' - 4.00,"א',ד'","1600 - 1800
1500 - 1700","מ.ישראל-604
מ.ישראל-507","61
101"
מחלקה המחלקה למתמטיקה,88230-06,א' - 2.00,א',1800 - 2000,מ.ישראל-604,103
מחלקה המחלקה למתמטיקה,88230-07,א' - 4.00,"א',ד'","1600 - 1800
1500 - 1700","מ.ישראל-605
מ.ישראל-604","12
62"
מחלקה המחלקה למתמטיקה,88230-08,א' - 2.00,א',1800 - 2000,מ.ישראל-505,103
מחלקה המחלקה למתמטיקה,88230-09,א' - 2.00,א',1800 - 2000,מ.ישראל-507,2
מחלקה המחלקה למתמטיקה,88231-08,ב' - 2.00,ד',1900 - 2100,מ.ישראל-604,63
מחלקה המחלקה למתמטיקה,88231-11,ב' - 3.00,ד',1600 - 1900,מ.ישראל-604,63
מחלקה המחלקה למתמטיקה,88232-01,ב' - 3.00,א',0900 - 1200,משפטים-305,134
מחלקה המחלקה למתמטיקה,88232-02,ב' - 2.00,א',1200 - 1400,משפטים-305,134
מחלקה המחלקה למתמטיקה,88235-01,ב' - 3.00,ד',1300 - 1600,מ.ישראל-604,64
מחלקה המחלקה למתמטיקה,88236-01,ב' - 3.00,ב',1100 - 1400,מ.ישראל-604,205
מחלקה המחלקה למתמטיקה,88236-02,ב' - 2.00,ב',1400 - 1600,מ.ישראל-604,205
מחלקה המחלקה למתמטיקה,88236-05,ב' - 3.00,ד',1600 - 1900,מ.ישראל-604,64
מחלקה המחלקה למתמטיקה,88236-06,ב' - 2.00,ד',1900 - 2100,מ.ישראל-604,64
מחלקה המחלקה למתמטיקה,88236-07,ב' - 2.00,ד',1900 - 2100,מ.ישראל-505,105
מחלקה המחלקה למתמטיקה,88240-01,א' - 3.00,ה',0900 - 1200,מ.ישראל-507,204
מחלקה המחלקה למתמטיקה,88241-01,א' - 4.00,ה',1000 - 1400,מ.ישראל-605,63
מחלקה המחלקה למתמטיקה,88241-02,א' - 2.00,ד',1500 - 1700,מ.ישראל-604,12
מחלקה המחלקה למתמטיקה,882631-01,א' - 4.00,א',1600 - 2000,מ.ישראל-605,11
מחלקה המחלקה למתמטיקה,882750-01,ב' - 3.00,ב',1600 - 1900,משפטים-305,4
מחלקה המחלקה למתמטיקה,882750-02,ב' - 1.00,ב',1900 - 2000,משפטים-305,4
מחלקה המחלקה למתמטיקה,88280-01,א' - 4.00,ב',1400 - 1800,מ.ישראל-507,207
מחלקה המחלקה למתמטיקה,88280-02,א' - 2.00,ב',1800 - 2000,מ.ישראל-507,207
מחלקה המחלקה למתמטיקה,88303-01,ב' - 3.00,ב',1000 - 1300,מ.ישראל-502,26
מחלקה המחלקה למתמטיקה,88304-01,ב' - 3.00,ה',0900 - 1200,מ.ישראל-604,64
מחלקה המחלקה למתמטיקה,88311-01,א' - 2.00,ה',1200 - 1400,מ.ישראל-605,64
מחלקה המחלקה למתמטיקה,88311-02,א' - 1.00,ה',1400 - 1500,מ.ישראל-605,64
מחלקה המחלקה למתמטיקה,88320-01,ב' - 3.00,ה',1200 - 1500,מ.ישראל-604,205
מחלקה המחלקה למתמטיקה,88320-02,ב' - 2.00,א',1200 - 1400,מ.ישראל-604,205
מחלקה המחלקה למתמטיקה,88341-01,א' - 3.00,א',1300 - 1600,חברה-905,62
מחלקה המחלקה למתמטיקה,88341-02,א' - 2.00,ד',1300 - 1500,מ.ישראל-507,201
מחלקה המחלקה למתמטיקה,88341-05,א' - 2.00,ד',1300 - 1500,מ.ישראל-605,61
מחלקה המחלקה למתמטיקה,883600-01,ב' - 3.00,ד',1400 - 1700,מ.ישראל-605,13
מחלקה המחלקה למתמטיקה,88369-01,ב' - 2.00,ב',1300 - 1500,משפטים-305,6
מחלקה המחלקה למתמטיקה,88369-02,ב' - 1.00,ב',1500 - 1600,משפטים-305,6
מחלקה המחלקה למתמטיקה,88373-01,ב' - 3.00,ד',1000 - 1300,יהדות-403,67
מחלקה המחלקה למתמטיקה,88373-02,ב' - 1.00,ד',1300 - 1400,יהדות-403,67
מחלקה המחלקה למתמטיקה,88376-01,א' - 2.00,א',0900 - 1100,מ.ישראל-505,5
מחלקה המחלקה למתמטיקה,88376-02,א' - 2.00,א',1600 - 1800,מ.ישראל-605,13
מחלקה המחלקה למתמטיקה,88385-01,"א' - 2.00
 ב' - 2.00",ה',"1500 - 1700
1700 - 1900",חדר מחלקה,מחלקה
מחלקה המחלקה למתמטיקה,88520-01,א' - 3.00,ה',0900 - 1200,מ.ישראל-604,205
מחלקה המחלקה למתמטיקה,88525-01,א' - 3.00,ד',1000 - 1300,מ.ישראל-507,1
מחלקה המחלקה למתמטיקה,88537-01,א' - 3.00,ג',1300 - 1600,מ.ישראל-507,6
מחלקה המחלקה למתמטיקה,88553-01,ב' - 3.00,א',1700 - 2000,מ.ישראל-604,103
מחלקה המחלקה למתמטיקה,88554-01,ב' - 3.00,ה',1400 - 1700,יהדות-404,115
מחלקה המחלקה למתמטיקה,88555-01,ב' - 3.00,ד',1000 - 1300,מ.ישראל-505,4
מחלקה המחלקה למתמטיקה,88576-01,ב' - 3.00,ד',1200 - 1500,מ.ישראל-604,62
מחלקה המחלקה למתמטיקה,88584-01,ב' - 2.00,ד',1200 - 1400,טבע-203,226
מחלקה המחלקה למתמטיקה,88584-02,ב' - 1.00,ד',1400 - 1500,מ.ישראל-502,8
מחלקה המחלקה למתמטיקה,88599-01,ב' - 3.00,ג',1100 - 1400,מ.ישראל-507,5
מחלקה המחלקה למתמטיקה,88601-01,א' - 3.00,ג',1600 - 1900,מ.ישראל-605,105
מחלקה המחלקה למתמטיקה,88601-02,א' - 2.00,ג',1100 - 1300,מ.ישראל-605,105
מחלקה המחלקה למתמטיקה,88602-01,ב' - 3.00,ג',0800 - 1100,מ.ישראל-605,105
מחלקה המחלקה למתמטיקה,88602-02,ב' - 2.00,ג',1600 - 1800,מ.ישראל-605,105
מחלקה המחלקה למתמטיקה,88608-01,ב' - 2.00,ג',1400 - 1600,מ.ישראל-605,105
מחלקה המחלקה למתמטיקה,886100-01,א' - 2.00,ב',0800 - 1000,מ.ישראל-605,103
מחלקה המחלקה למתמטיקה,886100-02,א' - 1.00,ב',1000 - 1100,מ.ישראל-605,103
מחלקה המחלקה למתמטיקה,886100-04,א' - 1.00,ב',1000 - 1100,נלמד בזום,999
מחלקה המחלקה למתמטיקה,886110-01,א' - 4.00,ב',1300 - 1700,מ.ישראל-605,103
מחלקה המחלקה למתמטיקה,886110-02,א' - 2.00,ב',1100 - 1300,מ.ישראל-605,103
מחלקה המחלקה למתמטיקה,88612-01,ב' - 3.00,ב',1100 - 1300,מ.ישראל-605,103
מחלקה המחלקה למתמטיקה,88612-02,ב' - 2.00,ב',1700 - 1900,מ.ישראל-605,103
מחלקה המחלקה למתמטיקה,886140-01,ב' - 3.00,ב',0800 - 1100,מ.ישראל-605,103
מחלקה המחלקה למתמטיקה,886150-01,ב' - 3.00,ג',1100 - 1400,מ.ישראל-605,105
מחלקה המחלקה למתמטיקה,886150-02,ב' - 1.00,ג',1800 - 1900,מ.ישראל-605,105
מחלקה המחלקה למתמטיקה,88616-01,א' - 3.00,ג',1300 - 1600,מ.ישראל-507,6
מחלקה המחלקה למתמטיקה,886170-01,א' - 3.00,ג',0800 - 1100,מ.ישראל-605,105
מחלקה המחלקה למתמטיקה,886180-01,ב' - 4.00,ב',1300 - 1700,מ.ישראל-605,103
מחלקה המחלקה למתמטיקה,886200-01,ב' - 3.00,ו',0800 - 1100,יהדות-403,67
מחלקה המחלקה למתמטיקה,886200-02,ב' - 1.00,ו',1100 - 1200,יהדות-403,67
מחלקה המחלקה למתמטיקה,886210-01,א' - 2.00,א',1400 - 1600,מ.ישראל-604,104
מחלקה המחלקה למתמטיקה,886220-01,ב' - 1.00,ג',1900 - 2000,מ.ישראל-605,105
מחלקה המחלקה למתמטיקה,88622-01,א' - 3.00,א',1400 - 1700,מ.ישראל-505,104
מחלקה המחלקה למתמטיקה,88622-02,א' - 2.00,ו',1200 - 1400,מ.ישראל-507,106
מחלקה המחלקה למתמטיקה,886221-01,א' - 2.00,ב',1700 - 1900,מ.ישראל-605,103
מחלקה המחלקה למתמטיקה,88623-01,ב' - 3.00,א',1700 - 2000,סטודנטים-105,101
מחלקה המחלקה למתמטיקה,88623-02,ב' - 1.00,א',2000 - 2100,סטודנטים-105,101
מחלקה המחלקה למתמטיקה,88624-01,א' - 2.00,א',1800 - 2000,מ.ישראל-604,104
מחלקה המחלקה למתמטיקה,88624-02,א' - 1.00,ו',1100 - 1200,מ.ישראל-505,2
מחלקה המחלקה למתמטיקה,88625-01,א' - 3.00,א',1700 - 2000,מ.ישראל-605,63
מחלקה המחלקה למתמטיקה,88625-02,א' - 2.00,א',2000 - 2200,מ.ישראל-505,5
מחלקה המחלקה למתמטיקה,88627-01,א' - 2.00,א',1800 - 2000,חדר מחלקה,מחלקה
מחלקה המחלקה למתמטיקה,88627-02,א' - 2.00,א',2000 - 2200,חדר מחלקה,מחלקה
מחלקה המחלקה למתמטיקה,88629-01,ב' - 3.00,א',1400 - 1700,סטודנטים-105,101
מחלקה המחלקה למתמטיקה,88629-02,ב' - 1.00,ו',1200 - 1300,יהדות-403,67
מחלקה המחלקה למתמטיקה,88636-01,ב' - 3.00,ו',0900 - 1200,מ.ישראל-604,103
מחלקה המחלקה למתמטיקה,88636-03,ב' - 1.00,ו',1200 - 1300,מ.ישראל-604,103
מחלקה המחלקה למתמטיקה,88638-01,ב' - 3.00,א',1400 - 1700,מ.ישראל-505,62
מחלקה המחלקה למתמטיקה,88642-01,א' - 2.00,א',1600 - 1800,מ.ישראל-604,101
מחלקה המחלקה למתמטיקה,88650-01,א' - 2.00,ו',1200 - 1400,מ.ישראל-505,2
מחלקה המחלקה למתמטיקה,88654-01,ב' - 2.00,א',1700 - 1900,מ.ישראל-505,62
מחלקה המחלקה למתמטיקה,88656-01,ב' - 2.00,א',1900 - 2100,מ.ישראל-605,11
מחלקה המחלקה למתמטיקה,886788-01,ב' - 2.00,א',1000 - 1200,מ.ישראל-502,8
מחלקה המחלקה למתמטיקה,886789-01,"א' - 2.00
 ב' - 2.00","פרטי קורס  קןלוקוו במדעי הנתונים
קוד קורס 886789-01
שם קורס באנגלית Data Science Colloquium
מחלקה המחלקה למתמטיקה
פקולטה מדעים מדויקים
סוג מפגש קולוקו רשות
מרצה פרופ' יורם לוזון
שעות סמסטר א' - 2.00
סמסטר ב' - 2.00
נ""ז 0.00
הערה
 א'
שעה 1200 - 1400
בניין
חדר מחלקה
חדר
999
אפיונים
תאריכי בחינות",1200 - 1400,חדר מחלקה,מחלקה
מחלקה המחלקה למתמטיקה,886960-01,ב' - 2.00,ג',1400 - 1600,מ.ישראל-507,202
מחלקה המחלקה למתמטיקה,886960-02,ב' - 2.00,ג',1000 - 1200,מ.ישראל-507,206
מחלקה המחלקה למתמטיקה,886960-11,א' - 2.00,ו',0800 - 1000,מ.ישראל-507,106
מחלקה המחלקה למתמטיקה,886960-12,א' - 2.00,ו',1000 - 1200,מ.ישראל-507,106
מחלקה המחלקה למתמטיקה,886961-01,א' - 2.00,ב',0800 - 1000,מ.ישראל-605,14
מחלקה המחלקה למתמטיקה,886970-01,א' - 2.00,ו',0800 - 1000,מ.ישראל-505,2
מחלקה המחלקה למתמטיקה,886970-02,א' - 1.00,ו',1000 - 1100,מ.ישראל-505,2
מחלקה המחלקה למתמטיקה,886971-01,ב' - 2.00,א',1400 - 1600,מ.ישראל-605,11
מחלקה המחלקה למתמטיקה,886971-02,ב' - 1.00,א',1600 - 1700,מ.ישראל-605,11
מחלקה המחלקה למתמטיקה,886972-01,ב' - 2.00,א',1700 - 1900,מ.ישראל-605,11
מחלקה המחלקה למתמטיקה,886980-01,א' - 2.00,ד',1400 - 1600,משפטים-305,134
מחלקה המחלקה למתמטיקה,886980-02,א' - 1.00,ד',1600 - 1700,משפטים-305,134
מחלקה המחלקה למתמטיקה,88731-01,א' - 3.00,ג',1400 - 1700,מ.ישראל-605,63
מחלקה המחלקה למתמטיקה,88732-01,ב' - 3.00,ג',1400 - 1700,סטודנטים-105,61
מחלקה המחלקה למתמטיקה,887540-01,א' - 3.00,א',1300 - 1600,יהדות-404,115
מחלקה המחלקה למתמטיקה,88760-01,א' - 4.00,ה',"1400 - 1700
1700 - 1800","חדר מחלקה
טרם שובץ",מחלקה
מחלקה המחלקה למתמטיקה,887750-01,ב' - 3.00,ב',1200 - 1500,יהדות-403,217
מחלקה המחלקה למתמטיקה,88775-01,ב' - 2.00,א',1200 - 1400,יהדות-404,102
מחלקה המחלקה למתמטיקה,88775-02,ב' - 1.00,א',0900 - 1000,יהדות-404,115
מחלקה המחלקה למתמטיקה,88778-01,א' - 3.00,ב',1700 - 2000,מ.ישראל-604,105
מחלקה המחלקה למתמטיקה,88779-01,ב' - 3.00,א',1200 - 1500,יהדות-404,115
מחלקה המחלקה למתמטיקה,88780-01,א' - 2.00,ב',1200 - 1400,מ.ישראל-604,102
מחלקה המחלקה למתמטיקה,887810-01,א' - 2.00,א',1000 - 1200,יהדות-404,101
מחלקה המחלקה למתמטיקה,887810-02,א' - 2.00,ג',1200 - 1400,טבע-207,1
מחלקה המחלקה למתמטיקה,887811-01,ב' - 2.00,ב',1200 - 1400,מ.ישראל-604,64
מחלקה המחלקה למתמטיקה,88782-01,א' - 3.00,ד',1000 - 1300,מ.ישראל-605,12
מחלקה המחלקה למתמטיקה,887840-01,א' - 3.00,א',1000 - 1300,יהדות-403,2
מחלקה המחלקה למתמטיקה,88784-01,א' - 3.00,ב',1400 - 1700,מ.ישראל-505,101
מחלקה המחלקה למתמטיקה,88809-01,א' - 3.00,ה',1700 - 2000,מ.ישראל-505,104
מחלקה המחלקה למתמטיקה,888100-01,ב' - 3.00,א',1500 - 1800,מ.ישראל-507,1
מחלקה המחלקה למתמטיקה,88813-01,א' - 3.00,ה',1400 - 1700,יהדות-403,218
מחלקה המחלקה למתמטיקה,88815-01,ב' - 3.00,ג',1200 - 1500,מ.ישראל-502,26
מחלקה המחלקה למתמטיקה,888200-01,ב' - 2.00,ה',1700 - 1900,מ.ישראל-505,63
מחלקה המחלקה למתמטיקה,888222-01,ב' - 3.00,ב',1500 - 1800,מ.ישראל-507,2
מחלקה המחלקה למתמטיקה,88826-01,ב' - 3.00,ג',0900 - 1200,מ.ישראל-502,24
מחלקה המחלקה למתמטיקה,88833-01,א' - 3.00,ב',1800 - 2100,מ.ישראל-505,104
מחלקה המחלקה למתמטיקה,88834-01,ב' - 3.00,ה',1100 - 1400,מ.ישראל-505,62
מחלקה המחלקה למתמטיקה,88838-01,ב' - 3.00,ה',1400 - 1700,מ.ישראל-508,7
מחלקה המחלקה למתמטיקה,88854-01,א' - 3.00,ג',0900 - 1200,מ.ישראל-507,208
מחלקה המחלקה למתמטיקה,888580-01,א' - 3.00,ה',1100 - 1400,מ.ישראל-505,62
מחלקה המחלקה למתמטיקה,88888-01,א' - 2.00,"פרטי קורס  קולוקוו מתמטיקה
קוד קורס 88888-01
שם קורס באנגלית Colloquium
מחלקה המחלקה למתמטיקה
פקולטה מדעים מדויקים
סוג מפגש קולוקו רשות
מרצה פרופ' אנדריי רזניקוב
פרופ' בועז צבאן
פרופ' גדעון עמיר
שעות סמסטר א' - 2.00
נ""ז 0.00
הערה
 א'
שעה 1200 - 1400
בניין
חדר מחלקה
חדר
999
אפיונים מודל - אתר מלווה קורס
תאריכי בחינות",1200 - 1400,חדר מחלקה,מחלקה
מחלקה המחלקה למתמטיקה,88888-02,ב' - 2.00,"פרטי קורס  קולוקו מתמטיקה
קוד קורס 88888-02
שם קורס באנגלית Colloquium
מחלקה המחלקה למתמטיקה
פקולטה מדעים מדויקים
סוג מפגש קולוקו רשות
מרצה פרופ' אסף רינות
ד""ר אייל משה סובג
ד""ר שירה אלכסנדרה גולובין
שעות סמסטר ב' - 2.00
נ""ז 0.00
הערה
 א'
שעה 1200 - 1400
בניין
חדר מחלקה
חדר
999
אפיונים מודל - אתר מלווה קורס
תאריכי בחינות",1200 - 1400,חדר מחלקה,מחלקה
מחלקה המחלקה למתמטיקה,88888-03,ב' - 2.00,"פרטי קורס  קולוקוו מתמטיקה
קוד קורס 88888-03
שם קורס באנגלית Colloquium
מחלקה המחלקה למתמטיקה
פקולטה מדעים מדויקים
סוג מפגש קולוקו רשות
מרצה פרופ' ג'רמי שיף
פרופ' נתן קלר
פרופ' מיכאל משה שיין
שעות סמסטר ב' - 2.00
נ""ז 0.00
הערה
 א'
שעה 1200 - 1400
בניין
חדר מחלקה
חדר
999
אפיונים
תאריכי בחינות",1200 - 1400,חדר מחלקה,מחלקה
מחלקה המחלקה למתמטיקה,88888-04,א' - 2.00,"פרטי קורס  קולוקוו מתמטיקה
קוד קורס 88888-04
שם קורס באנגלית Colloquium
מחלקה המחלקה למתמטיקה
פקולטה מדעים מדויקים
סוג מפגש קולוקו רשות
מרצה פרופ' שחר נבו
פרופ' ברוך ברזל
פרופ' אלכסנדר גוטרמן
שעות סמסטר א' - 2.00
נ""ז 0.00
הערה
 א'
שעה 1400 - 1600
בניין
חדר מחלקה
חדר
999
אפיונים
תאריכי בחינות",1400 - 1600,חדר מחלקה,מחלקה
מחלקה המחלקה למתמטיקה,88889-01,א' - 2.00,"פרטי קורס  קולוקוו תורת הקבוצות
קוד קורס 88889-01
שם קורס באנגלית Set Theory Colloquium
מחלקה המחלקה למתמטיקה
פקולטה מדעים מדויקים
סוג מפגש קולוקו רשות
מרצה פרופ' מיכאל משה שיין
פרופ' אלכסנדר גוטרמן
שעות סמסטר א' - 2.00
נ""ז 0.00
הערה
 ה'
שעה 1400 - 1600
בניין
סטודנטים-105
חדר
105
אפיונים מודל - אתר מלווה קורס
תאריכי בחינות",1400 - 1600,סטודנטים-105,105
מחלקה המחלקה למתמטיקה,88889-02,ב' - 2.00,"פרטי קורס  קולוקוו תורת הקבוצות
קוד קורס 88889-02
שם קורס באנגלית Set Theory Colloquium
מחלקה המחלקה למתמטיקה
פקולטה מדעים מדויקים
סוג מפגש קולוקו רשות
מרצה פרופ' רון עדין
פרופ' אלנה בונינה
ד""ר אור שלום
שעות סמסטר ב' - 2.00
נ""ז 0.00
הערה
 ב'
שעה 1300 - 1500
בניין
חדר מחלקה
חדר
999
אפיונים מודל - אתר מלווה קורס
תאריכי בחינות",1300 - 1500,חדר מחלקה,מחלקה
מחלקה המחלקה למתמטיקה,88890-01,א' - 2.00,"פרטי קורס  קולוקוו הסתברות
קוד קורס 88890-01
שם קורס באנגלית Colloquium/Probability
מחלקה המחלקה למתמטיקה
פקולטה מדעים מדויקים
סוג מפגש קולוקו רשות
מרצה פרופ' גדעון עמיר
ד""ר נעמי פלדהיים
ד""ר שירה אלכסנדרה גולובין
שעות סמסטר א' - 2.00
נ""ז 0.00
הערה
 ג'
שעה 1000 - 1200
בניין
חדר מחלקה
חדר
999
אפיונים מודל - אתר מלווה קורס
תאריכי בחינות",1000 - 1200,חדר מחלקה,מחלקה
מחלקה המחלקה למתמטיקה,88890-02,ב' - 2.00,"פרטי קורס  קולוקוו הסתברות
קוד קורס 88890-02
שם קורס באנגלית Colloquium/Probability
מחלקה המחלקה למתמטיקה
פקולטה מדעים מדויקים
סוג מפגש קולוקו רשות
מרצה פרופ' גדעון עמיר
ד""ר נעמי פלדהיים
ד""ר דן פלורנטין
שעות סמסטר ב' - 2.00
נ""ז 0.00
הערה
 ג'
שעה 1000 - 1200
בניין
חדר מחלקה
חדר
999
אפיונים מודל - אתר מלווה קורס
תאריכי בחינות",1000 - 1200,חדר מחלקה,מחלקה
מחלקה המחלקה למתמטיקה,88891-01,א' - 2.00,"פרטי קורס  קולוקוו אלגברה
קוד קורס 88891-01
שם קורס באנגלית Colloquium/Algebra
מחלקה המחלקה למתמטיקה
פקולטה מדעים מדויקים
סוג מפגש קולוקו רשות
מרצה ד""ר שפרה רייף
פרופ' בוריס סולומיאק
פרופ' עוזי וישנה
שעות סמסטר א' - 2.00
נ""ז 0.00
הערה
 ד'
שעה 1000 - 1200
בניין
חדר מחלקה
חדר
999
אפיונים מודל - אתר מלווה קורס
תאריכי בחינות",1000 - 1200,חדר מחלקה,מחלקה
מחלקה המחלקה למתמטיקה,88891-02,ב' - 2.00,"פרטי קורס  קולוקוו אלגברה
קוד קורס 88891-02
שם קורס באנגלית Colloquium/Algebra
מחלקה המחלקה למתמטיקה
פקולטה מדעים מדויקים
סוג מפגש קולוקו רשות
מרצה פרופ' אנדריי רזניקוב
פרופ' עוזי וישנה
ד""ר אור שלום
שעות סמסטר ב' - 2.00
נ""ז 0.00
הערה
 ד'
שעה 1000 - 1200
בניין
חדר מחלקה
חדר
999
אפיונים מודל - אתר מלווה קורס
תאריכי בחינות",1000 - 1200,חדר מחלקה,מחלקה
מחלקה המחלקה למתמטיקה,88892-01,א' - 2.00,"פרטי קורס  קולוקוו אריתמטיקה גאומטריה וטופולוגיה
קוד קורס 88892-01
שם קורס באנגלית Arithemtic, Topology and Geometry Colloquium
מחלקה המחלקה למתמטיקה
פקולטה מדעים מדויקים
סוג מפגש קולוקו רשות
מרצה פרופ' יובל רויכמן
פרופ' ניר לב
ד""ר שירה אלכסנדרה גולובין
שעות סמסטר א' - 2.00
נ""ז 0.00
הערה
 ד'
שעה 1300 - 1500
בניין
חדר מחלקה
חדר
999
אפיונים מודל - אתר מלווה קורס
תאריכי בחינות",1300 - 1500,חדר מחלקה,מחלקה
מחלקה המחלקה למתמטיקה,88892-02,ב' - 2.00,"פרטי קורס  קולוקו אריתמטיקה גאומטריה וטופולוגיה
קוד קורס 88892-02
שם קורס באנגלית Arithemtic, Topology and Geometry Colloquium
מחלקה המחלקה למתמטיקה
פקולטה מדעים מדויקים
סוג מפגש קולוקו רשות
מרצה פרופ' מיכאל כץ
פרופ' אלנה בונינה
ד""ר אור שלום
שעות סמסטר ב' - 2.00
נ""ז 0.00
הערה
 ד'
שעה 1800 - 2000
בניין
חדר מחלקה
חדר
999
אפיונים מודל - אתר מלווה קורס
תאריכי בחינות",1800 - 2000,חדר מחלקה,מחלקה
מחלקה המחלקה למתמטיקה,88893-01,א' - 2.00,"פרטי קורס  קולוקוו אנליזה
קוד קורס 88893-01
שם קורס באנגלית Analysis Colloquium
מחלקה המחלקה למתמטיקה
פקולטה מדעים מדויקים
סוג מפגש קולוקו רשות
מרצה פרופ' ניר לב
פרופ' שחר נבו
פרופ' אנדרי לרנר
ד""ר נעמי פלדהיים
שעות סמסטר א' - 2.00
נ""ז 0.00
הערה
 ב'
שעה 1400 - 1600
בניין
יהדות-404
חדר
68
אפיונים מודל - אתר מלווה קורס
תאריכי בחינות
סילבוס צפייה בסילבוס",1400 - 1600,יהדות-404,68
מחלקה המחלקה למתמטיקה,88893-02,ב' - 2.00,"פרטי קורס  קולוקוו אנליזה
קוד קורס 88893-02
שם קורס באנגלית Analysis Colloquium
מחלקה המחלקה למתמטיקה
פקולטה מדעים מדויקים
סוג מפגש קולוקו רשות
מרצה פרופ' מיכאל מגרל
פרופ' ניר לב
שעות סמסטר ב' - 2.00
נ""ז 0.00
הערה
 ב'
שעה 1400 - 1600
בניין
חדר מחלקה
חדר
999
אפיונים מודל - אתר מלווה קורס
תאריכי בחינות",1400 - 1600,חדר מחלקה,מחלקה
מחלקה המחלקה למתמטיקה,88893-03,א' - 2.00,"פרטי קורס  קולוקוו אנליזה
קוד קורס 88893-03
שם קורס באנגלית Analysis Colloquium
מחלקה המחלקה למתמטיקה
פקולטה מדעים מדויקים
סוג מפגש קולוקו רשות
מרצה פרופ' אנדריי רזניקוב
פרופ' נתן קלר
פרופ' ראובן כהן
שעות סמסטר א' - 2.00
נ""ז 0.00
הערה
 ב'
שעה 1600 - 1800
בניין
חדר מחלקה
חדר
999
אפיונים
תאריכי בחינות",1600 - 1800,חדר מחלקה,מחלקה
מחלקה המחלקה למתמטיקה,88894-01,א' - 2.00,"פרטי קורס  קולוקוו מתמטיקה שימושית
קוד קורס 88894-01
שם קורס באנגלית Applied Mathematics Colloquium
מחלקה המחלקה למתמטיקה
פקולטה מדעים מדויקים
סוג מפגש קולוקו רשות
מרצה פרופ' גיל אריאל
פרופ' שמעון ברוקס
שעות סמסטר א' - 2.00
נ""ז 0.00
הערה
 ה'
שעה 1400 - 1600
בניין
חדר מחלקה
חדר
999
אפיונים מודל - אתר מלווה קורס
תאריכי בחינות",1400 - 1600,חדר מחלקה,מחלקה
מחלקה המחלקה למתמטיקה,88894-02,ב' - 2.00,"פרטי קורס  קולוקוו מתמטיקה שימושית
קוד קורס 88894-02
שם קורס באנגלית Applied Mathematics Colloquium
מחלקה המחלקה למתמטיקה
פקולטה מדעים מדויקים
סוג מפגש קולוקו רשות
מרצה פרופ' ג'רמי שיף
פרופ' גיל אריאל
שעות סמסטר ב' - 2.00
נ""ז 0.00
הערה
 ה'
שעה 1400 - 1600
בניין
חדר מחלקה
חדר
999
אפיונים מודל - אתר מלווה קורס
תאריכי בחינות",1400 - 1600,חדר מחלקה,מחלקה
מחלקה המחלקה למתמטיקה,88895-01,א' - 2.00,"פרטי קורס  קולוקוו קומבינטוריקה
קוד קורס 88895-01
שם קורס באנגלית Combinatroics Colloquium
מחלקה המחלקה למתמטיקה
פקולטה מדעים מדויקים
סוג מפגש קולוקו רשות
מרצה פרופ' אנדריי רזניקוב
פרופ' רון עדין
פרופ' אלנה בונינה
שעות סמסטר א' - 2.00
נ""ז 0.00
הערה
 א'
שעה 1400 - 1600
בניין
חדר מחלקה
חדר
999
אפיונים מודל - אתר מלווה קורס
תאריכי בחינות",1400 - 1600,חדר מחלקה,מחלקה
מחלקה המחלקה למתמטיקה,88895-02,ב' - 2.00,"פרטי קורס  קולוקו קומבינטוריקה
קוד קורס 88895-02
שם קורס באנגלית Combinatroics Colloquium
מחלקה המחלקה למתמטיקה
פקולטה מדעים מדויקים
סוג מפגש קולוקו רשות
מרצה פרופ' יובל רויכמן
פרופ' ניר לב
שעות סמסטר ב' - 2.00
נ""ז 0.00
הערה
 א'
שעה 1400 - 1600
בניין
חדר מחלקה
חדר
999
אפיונים מודל - אתר מלווה קורס
תאריכי בחינות",1400 - 1600,חדר מחלקה,מחלקה
מחלקה המחלקה למתמטיקה,88896-01,א' - 2.00,"פרטי קורס  קולוקוו תורת ההצגות
קוד קורס 88896-01
שם קורס באנגלית Representation Theory Colloquium
מחלקה המחלקה למתמטיקה
פקולטה מדעים מדויקים
סוג מפגש קולוקו רשות
מרצה פרופ' מיכאל מגרל
פרופ' שחר נבו
שעות סמסטר א' - 2.00
נ""ז 0.00
הערה
 ג'
שעה 1400 - 1600
בניין
חדר מחלקה
חדר
999
אפיונים מודל - אתר מלווה קורס
תאריכי בחינות",1400 - 1600,חדר מחלקה,מחלקה
מחלקה המחלקה למתמטיקה,88896-02,ב' - 2.00,"פרטי קורס  קולוקוו תורת ההצגות
קוד קורס 88896-02
שם קורס באנגלית Representation Theory Colloquium
מחלקה המחלקה למתמטיקה
פקולטה מדעים מדויקים
סוג מפגש קולוקו רשות
מרצה פרופ' שמעון ברוקס
שעות סמסטר ב' - 2.00
נ""ז 0.00
הערה
 ג'
שעה 1400 - 1600
בניין
חדר מחלקה
חדר
999
אפיונים מודל - אתר מלווה קורס
תאריכי בחינות",1400 - 1600,חדר מחלקה,מחלקה
מחלקה המחלקה למתמטיקה,88897-01,א' - 2.00,"פרטי קורס  קולוקו בהצפנה, חבורות וקומבינטוריקה
קוד קורס 88897-01
שם קורס באנגלית Colloquium/Cryptography, Groups and Combinatorics
מחלקה המחלקה למתמטיקה
פקולטה מדעים מדויקים
סוג מפגש קולוקו רשות
מרצה פרופ' נתן קלר
פרופ' גדעון עמיר
שעות סמסטר א' - 2.00
נ""ז 0.00
הערה
 ה'
שעה 1000 - 1200
בניין
חדר מחלקה
חדר
999
אפיונים
תאריכי בחינות",1000 - 1200,חדר מחלקה,מחלקה
מחלקה המחלקה למתמטיקה,88897-02,ב' - 2.00,"פרטי קורס  קולוקו בהצפנה, חבורות וקומבינטוריקה
קוד קורס 88897-02
שם קורס באנגלית Colloquium/Cryptography, Groups and Combinatorics
מחלקה המחלקה למתמטיקה
פקולטה מדעים מדויקים
סוג מפגש קולוקו רשות
מרצה פרופ' בוריס סולומיאק
פרופ' אנדרי לרנר
שעות סמסטר ב' - 2.00
נ""ז 0.00
הערה
 ה'
שעה 1400 - 1600
בניין
חדר מחלקה
חדר
999
אפיונים
תאריכי בחינות",1400 - 1600,חדר מחלקה,מחלקה
מחלקה המחלקה למתמטיקה,88912-01,ב' - 3.00,ב',1800 - 2100,מ.ישראל-507,2
מחלקה המחלקה למתמטיקה,88921-01,ב' - 2.00,ג',1500 - 1700,מ.ישראל-505,4
"פרטי קורס : שעות מחלקה
קוד קורס 88950-01
שם קורס באנגלית Departmental Reserved Hours
מחלקה המחלקה למתמטיקה
פקולטה מדעים מדויקים
סוג מפגש ש.מחלקה
מרצה מחלקה מרצי
שעות סמסטר א' - 2.00
נ""ז 0.00
הערה
יום א'
שעה 10:00 - 12:00
בניין
חדר מחלקה
חדר
999
אפיונים מודל - אתר מלווה קורס
תאריכי בחינות",88950-01,א' - 2.00,א',1000 - 1200,חדר מחלקה,מחלקה
"פרטי קורס : שעות מחלקה
קוד קורס 88950-02
שם קורס באנגלית Departmental Reserved Hours
מחלקה המחלקה למתמטיקה
פקולטה מדעים מדויקים
סוג מפגש ש.מחלקה
מרצה מחלקה מרצי
שעות סמסטר ב' - 2.00
נ""ז 0.00
הערה
יום א'
שעה 10:00 - 12:00
בניין
חדר מחלקה
חדר
999
אפיונים מודל - אתר מלווה קורס
תאריכי בחינות",88950-02,ב' - 2.00,א',1000 - 1200,חדר מחלקה,מחלקה
מחלקה המחלקה למתמטיקה,889620-01,א' - 3.00,ב',0900 - 1200,מ.ישראל-605,63
מחלקה המחלקה למתמטיקה,88962-01,ב' - 3.00,ב',0900 - 1200,מ.ישראל-507,105
מחלקה המחלקה למדעי המחשב,89080-03,א' - 2.00,ב',0900 - 1100,חדר מחלקה,מחלקה
מחלקה המחלקה למדעי המחשב,89081-02,א' - 2.00,א',1600 - 1800,חדר מחלקה,מחלקה
"פרטי קורס : שעות מחלקה לתלמידי תואר ראשון
קוד קורס 89097-01
שם קורס באנגלית Departmental Hours for Undergrads
מחלקה המחלקה למדעי המחשב
פקולטה מדעים מדויקים
סוג מפגש ש.מחלקה
מרצה
שעות סמסטר א' - 9.00
סמסטר ב' - 9.00
נ""ז 0.00
הערה
יום א',ה',ו'
שעה 09:00 - 11:00
09:00 - 11:00
08:00 - 13:00
09:00 - 11:00
09:00 - 11:00
08:00 - 13:00
בניין
חדר מחלקה
חדר
999
אפיונים מודל - אתר מלווה קורס
תאריכי בחינות",89097-01,"א' - 9.00
 ב' - 9.00","א',ה',ו'","0900 - 1100
0900 - 1100
0800 - 1300
0900 - 1100
0900 - 1100
0800 - 1300",חדר מחלקה,מחלקה
"פרטי קורס : שעות מחלקה לתלמידי תואר ראשון
קוד קורס 89098-01
שם קורס באנגלית Departmental Hours for Undergrads
מחלקה המחלקה למדעי המחשב
פקולטה מדעים מדויקים
סוג מפגש ש.מחלקה
מרצה
שעות סמסטר א' - 9.00
סמסטר ב' - 9.00
נ""ז 0.00
הערה
יום א',ה',ו'
שעה 09:00 - 11:00
09:00 - 11:00
08:00 - 13:00
09:00 - 11:00
09:00 - 11:00
08:00 - 13:00
בניין
חדר מחלקה
חדר
999
אפיונים מודל - אתר מלווה קורס
תאריכי בחינות",89098-01,"א' - 9.00
 ב' - 9.00","א',ה',ו'","0900 - 1100
0900 - 1100
0800 - 1300
0900 - 1100
0900 - 1100
0800 - 1300",חדר מחלקה,מחלקה
"פרטי קורס : שעות מחלקה לתלמידי תואר ראשון
קוד קורס 89099-01
שם קורס באנגלית Departmental Hours for Undergrads
מחלקה המחלקה למדעי המחשב
פקולטה מדעים מדויקים
סוג מפגש ש.מחלקה
מרצה מחלקה מרצי
שעות סמסטר א' - 9.00
סמסטר ב' - 9.00
נ""ז 0.00
הערה
יום א',ה',ו'
שעה 09:00 - 11:00
09:00 - 11:00
08:00 - 13:00
09:00 - 11:00
09:00 - 11:00
08:00 - 13:00
בניין
חדר מחלקה
חדר
999
אפיונים מודל - אתר מלווה קורס
תאריכי בחינות",89099-01,"א' - 9.00
 ב' - 9.00","א',ה',ו'","0900 - 1100
0900 - 1100
0800 - 1300
0900 - 1100
0900 - 1100
0800 - 1300",חדר מחלקה,מחלקה
מחלקה המחלקה למדעי המחשב,891100-01,"א' - 3.00
 ב' - 3.00",ב',"1500 - 1800
1500 - 1800","משפטים-304
משפטים-305","2
10"
מחלקה המחלקה למדעי המחשב,891100-02,"א' - 2.00
 ב' - 2.00",א',1600 - 1800,מ.ישראל-604,104
מחלקה המחלקה למדעי המחשב,891100-03,"א' - 2.00
 ב' - 2.00",ב',1800 - 2000,יהדות-404,101
מחלקה המחלקה למדעי המחשב,891100-04,"א' - 2.00
 ב' - 2.00",ב',1800 - 2000,משפטים-304,3
מחלקה המחלקה למדעי המחשב,89110-01,א' - 3.00,ג',1500 - 1800,משפטים-304,1
מחלקה המחלקה למדעי המחשב,89110-02,א' - 3.00,ג',1200 - 1500,מ.ישראל-501,25
מחלקה המחלקה למדעי המחשב,89110-03,א' - 2.00,ג',1800 - 2000,טבע-207,1
מחלקה המחלקה למדעי המחשב,89110-04,א' - 2.00,ג',1800 - 2000,משפטים-304,3
מחלקה המחלקה למדעי המחשב,89110-05,א' - 2.00,ג',1800 - 2000,מ.ישראל-504,7
מחלקה המחלקה למדעי המחשב,89110-06,א' - 2.00,ד',1200 - 1400,מ.ישראל-604,63
מחלקה המחלקה למדעי המחשב,89110-07,א' - 2.00,ד',1600 - 1800,מ.ישראל-604,64
מחלקה המחלקה למדעי המחשב,89110-08,א' - 2.00,ד',1200 - 1400,מ.ישראל-604,64
מחלקה המחלקה למדעי המחשב,89110-09,א' - 2.00,ד',1600 - 1800,מ.ישראל-604,63
מחלקה המחלקה למדעי המחשב,89110-10,א' - 2.00,ד',1400 - 1600,מ.ישראל-604,64
מחלקה המחלקה למדעי המחשב,89110-11,א' - 2.00,ד',1400 - 1600,מ.ישראל-604,63
מחלקה המחלקה למדעי המחשב,89110-12,א' - 2.00,ג',1000 - 1200,מ.ישראל-507,207
מחלקה המחלקה למדעי המחשב,89110-13,א' - 2.00,ד',1800 - 2000,מ.ישראל-604,11
מחלקה המחלקה למדעי המחשב,89110-14,א' - 2.00,ב',1800 - 2000,מ.ישראל-505,105
מחלקה המחלקה למדעי המחשב,89110-15,א' - 3.00,א',1400 - 1700,חדר מחלקה,מחלקה
מחלקה המחלקה למדעי המחשב,89110-16,א' - 2.00,ד',1800 - 2000,חדר מחלקה,מחלקה
מחלקה המחלקה למדעי המחשב,89110-17,א' - 2.00,ג',1600 - 1800,חדר מחלקה,מחלקה
מחלקה המחלקה למדעי המחשב,89110-18,א' - 2.00,ג',1800 - 2000,חדר מחלקה,מחלקה
מחלקה המחלקה למדעי המחשב,89110-19,ב' - 3.00,ג',1000 - 1300,יהדות-404,101
מחלקה המחלקה למדעי המחשב,89110-20,ב' - 2.00,ב',1000 - 1200,וואהל 1401,2
מחלקה המחלקה למדעי המחשב,89110-21,ב' - 2.00,ב',1600 - 1800,מ.ישראל-604,102
מחלקה המחלקה למדעי המחשב,89110-22,ב' - 2.00,ד',1600 - 1800,חדר מחלקה,מחלקה
מחלקה המחלקה למדעי המחשב,891111-01,ב' - 3.00,ב',1500 - 1800,משפטים-304,2
מחלקה המחלקה למדעי המחשב,891111-02,ב' - 3.00,ב',1200 - 1500,משפטים-304,2
מחלקה המחלקה למדעי המחשב,891111-03,ב' - 2.00,ב',1800 - 2000,מ.ישראל-604,64
מחלקה המחלקה למדעי המחשב,891111-04,ב' - 2.00,ב',1800 - 2000,מ.ישראל-605,63
מחלקה המחלקה למדעי המחשב,891111-05,ב' - 2.00,ב',1800 - 2000,מ.ישראל-605,61
מחלקה המחלקה למדעי המחשב,891111-06,ב' - 2.00,ג',1800 - 2000,מ.ישראל-604,105
מחלקה המחלקה למדעי המחשב,891111-07,ב' - 2.00,ג',1800 - 2000,מ.ישראל-604,104
מחלקה המחלקה למדעי המחשב,891111-08,ב' - 2.00,ג',1800 - 2000,מ.ישראל-605,63
מחלקה המחלקה למדעי המחשב,891111-09,ב' - 2.00,ג',1600 - 1800,מ.ישראל-604,105
מחלקה המחלקה למדעי המחשב,891111-10,ב' - 2.00,ג',1600 - 1800,מ.ישראל-604,104
מחלקה המחלקה למדעי המחשב,891111-11,ב' - 2.00,ב',1000 - 1200,מ.ישראל-507,202
מחלקה המחלקה למדעי המחשב,891111-12,ב' - 2.00,ג',1400 - 1600,מ.ישראל-604,105
מחלקה המחלקה למדעי המחשב,891111-13,ב' - 3.00,א',1400 - 1700,מ.ישראל-605,13
מחלקה המחלקה למדעי המחשב,891111-14,ב' - 2.00,ג',1800 - 2000,מ.ישראל-605,64
מחלקה המחלקה למדעי המחשב,891111-15,א' - 3.00,ב',0900 - 1200,מ.ישראל-604,12
מחלקה המחלקה למדעי המחשב,891111-16,א' - 2.00,ד',1400 - 1600,יהדות-403,67
מחלקה המחלקה למדעי המחשב,891111-17,א' - 2.00,ד',1600 - 1800,יהדות-403,67
מחלקה המחלקה למדעי המחשב,891111-18,א' - 2.00,ג',1400 - 1600,מ.ישראל-604,11
מחלקה המחלקה למדעי המחשב,89112-01,א' - 3.00,ד',1200 - 1500,יהדות-402,63
מחלקה המחלקה למדעי המחשב,89112-02,א' - 3.00,א',1700 - 2000,יהדות-404,101
מחלקה המחלקה למדעי המחשב,89112-03,א' - 3.00,א',1100 - 1400,משפטים-305,10
מחלקה המחלקה למדעי המחשב,89112-04,א' - 2.00,ד',1500 - 1700,מ.ישראל-604,105
מחלקה המחלקה למדעי המחשב,89112-05,א' - 2.00,ד',1500 - 1700,מ.ישראל-605,63
מחלקה המחלקה למדעי המחשב,89112-06,א' - 2.00,ג',1300 - 1500,מ.ישראל-604,63
מחלקה המחלקה למדעי המחשב,89112-07,א' - 2.00,ג',1300 - 1500,יהדות-404,101
מחלקה המחלקה למדעי המחשב,89112-08,א' - 2.00,ג',1500 - 1700,מ.ישראל-604,105
מחלקה המחלקה למדעי המחשב,89112-09,א' - 2.00,ג',1500 - 1700,מ.ישראל-605,13
מחלקה המחלקה למדעי המחשב,89112-10,א' - 2.00,ד',1200 - 1400,מ.ישראל-604,104
מחלקה המחלקה למדעי המחשב,89112-11,א' - 2.00,ד',1200 - 1400,מ.ישראל-507,206
מחלקה המחלקה למדעי המחשב,89112-12,ב' - 3.00,א',1100 - 1400,משפטים-304,2
מחלקה המחלקה למדעי המחשב,89112-13,ב' - 2.00,ב',1200 - 1400,וואהל 1401,2
מחלקה המחלקה למדעי המחשב,89112-14,ב' - 2.00,ב',1400 - 1600,וואהל 1401,2
מחלקה המחלקה למדעי המחשב,89112-15,ב' - 3.00,ג',1300 - 1600,מ.ישראל-504,3
מחלקה המחלקה למדעי המחשב,89112-16,ב' - 2.00,א',1900 - 2100,מ.ישראל-605,65
מחלקה המחלקה למדעי המחשב,89112-17,ב' - 2.00,א',1900 - 2100,מ.ישראל-505,62
מחלקה המחלקה למדעי המחשב,89113-01,ב' - 3.00,ג',1000 - 1300,משפטים-304,2
מחלקה המחלקה למדעי המחשב,89113-02,ב' - 3.00,א',1700 - 2000,משפטים-304,2
מחלקה המחלקה למדעי המחשב,89113-03,ב' - 2.00,א',1300 - 1500,מ.ישראל-605,65
מחלקה המחלקה למדעי המחשב,89113-04,ב' - 2.00,א',1300 - 1500,מ.ישראל-604,63
מחלקה המחלקה למדעי המחשב,89113-05,ב' - 2.00,א',1500 - 1700,מ.ישראל-605,65
מחלקה המחלקה למדעי המחשב,89113-06,ב' - 2.00,ב',1300 - 1500,מ.ישראל-604,104
מחלקה המחלקה למדעי המחשב,89113-07,ב' - 2.00,ב',1700 - 1900,מ.ישראל-604,104
מחלקה המחלקה למדעי המחשב,89113-08,ב' - 2.00,ב',1700 - 1900,מ.ישראל-604,105
מחלקה המחלקה למדעי המחשב,89113-09,ב' - 2.00,ב',1500 - 1700,מ.ישראל-604,104
מחלקה המחלקה למדעי המחשב,89113-10,ב' - 2.00,ב',1500 - 1700,מ.ישראל-604,105
מחלקה המחלקה למדעי המחשב,89113-11,ב' - 2.00,ג',1500 - 1700,מ.ישראל-505,5
מחלקה המחלקה למדעי המחשב,89113-12,א' - 3.00,ב',1200 - 1500,משפטים-304,2
מחלקה המחלקה למדעי המחשב,89113-13,א' - 2.00,ד',1400 - 1600,מ.ישראל-605,11
מחלקה המחלקה למדעי המחשב,89113-14,א' - 2.00,ד',1600 - 1800,מ.ישראל-605,11
מחלקה המחלקה למדעי המחשב,89113-15,א' - 3.00,ג',1200 - 1500,מ.ישראל-507,205
מחלקה המחלקה למדעי המחשב,89113-16,א' - 2.00,א',1400 - 1600,מ.ישראל-605,64
מחלקה המחלקה למדעי המחשב,89113-17,א' - 2.00,ד',1400 - 1600,מ.ישראל-604,11
מחלקה המחלקה למדעי המחשב,89118-01,א' - 2.00,ג',1200 - 1400,מ.ישראל-505,105
מחלקה המחלקה למדעי המחשב,89118-02,א' - 2.00,ב',1200 - 1400,מ.ישראל-507,3
מחלקה המחלקה למדעי המחשב,89118-03,א' - 2.00,ג',1400 - 1500,מ.ישראל-505,106
מחלקה המחלקה למדעי המחשב,89119-01,א' - 3.00,ד',1200 - 1500,מ.ישראל-507,4
מחלקה המחלקה למדעי המחשב,89119-02,א' - 2.00,ה',1200 - 1400,מ.ישראל-604,103
מחלקה המחלקה למדעי המחשב,891195-01,א' - 4.00,"ב',ד'","1000 - 1200
0800 - 1000",מ.ישראל-604,"11
12"
מחלקה המחלקה למדעי המחשב,891195-02,א' - 4.00,"א',ד'","1400 - 1600
1000 - 1200","חברה-901
משפטים-304","61
1"
מחלקה המחלקה למדעי המחשב,891195-03,א' - 2.00,ב',1400 - 1600,מ.ישראל-604,12
מחלקה המחלקה למדעי המחשב,891195-04,א' - 2.00,ב',1400 - 1600,מ.ישראל-604,103
מחלקה המחלקה למדעי המחשב,891195-05,א' - 2.00,ב',1600 - 1800,מ.ישראל-604,104
מחלקה המחלקה למדעי המחשב,891195-06,א' - 2.00,ב',1600 - 1800,מ.ישראל-604,103
מחלקה המחלקה למדעי המחשב,891195-07,א' - 2.00,ד',1400 - 1600,מ.ישראל-605,13
מחלקה המחלקה למדעי המחשב,891195-08,א' - 2.00,ד',1400 - 1600,יהדות-403,113
מחלקה המחלקה למדעי המחשב,891195-09,א' - 2.00,ד',1700 - 1900,מ.ישראל-505,3
מחלקה המחלקה למדעי המחשב,891195-10,א' - 2.00,ד',1600 - 1800,יהדות-403,113
מחלקה המחלקה למדעי המחשב,891195-11,א' - 2.00,ד',1200 - 1400,מ.ישראל-507,207
מחלקה המחלקה למדעי המחשב,891195-12,א' - 4.00,"ג',ה'","1600 - 1800
1400 - 1600","מ.ישראל-507
מ.ישראל-604","202
103"
מחלקה המחלקה למדעי המחשב,891195-13,א' - 2.00,ד',0800 - 1000,מ.ישראל-507,202
מחלקה המחלקה למדעי המחשב,891195-14,א' - 4.00,"ד',ג'","1600 - 1800
1400 - 1600",חדר מחלקה,מחלקה
מחלקה המחלקה למדעי המחשב,891195-15,א' - 2.00,ג',1500 - 1700,חדר מחלקה,מחלקה
מחלקה המחלקה למדעי המחשב,891195-16,ב' - 4.00,"ג',ב'","0800 - 1000
1800 - 2000",מ.ישראל-507,7
מחלקה המחלקה למדעי המחשב,891195-17,ב' - 2.00,ב',1000 - 1200,מ.ישראל-605,64
מחלקה המחלקה למדעי המחשב,891195-18,ב' - 2.00,ג',1400 - 1600,מ.ישראל-605,14
מחלקה המחלקה למדעי המחשב,891195-19,ב' - 2.00,ג',1600 - 1800,מ.ישראל-605,14
מחלקה המחלקה למדעי המחשב,891200-01,ב' - 3.00,ג',1500 - 1800,וואהל 1401,3
מחלקה המחלקה למדעי המחשב,891200-02,ב' - 3.00,ג',1100 - 1400,טבע-203,221
מחלקה המחלקה למדעי המחשב,891200-03,ב' - 2.00,ג',1800 - 2000,מ.ישראל-604,63
מחלקה המחלקה למדעי המחשב,891200-04,ב' - 2.00,ג',1800 - 2000,מ.ישראל-605,65
מחלקה המחלקה למדעי המחשב,891200-05,ב' - 2.00,ג',1800 - 2000,מ.ישראל-505,106
מחלקה המחלקה למדעי המחשב,891200-06,ב' - 2.00,ב',1800 - 2000,מ.ישראל-605,14
מחלקה המחלקה למדעי המחשב,891200-07,ב' - 2.00,ב',1800 - 2000,מ.ישראל-507,206
מחלקה המחלקה למדעי המחשב,891200-08,ב' - 2.00,ב',1800 - 2000,מ.ישראל-505,106
מחלקה המחלקה למדעי המחשב,891200-09,ב' - 2.00,ג',1600 - 1800,מ.ישראל-605,65
מחלקה המחלקה למדעי המחשב,891200-10,ב' - 2.00,ג',1400 - 1600,מ.ישראל-605,13
מחלקה המחלקה למדעי המחשב,891200-11,ב' - 2.00,ג',1400 - 1600,מ.ישראל-605,65
מחלקה המחלקה למדעי המחשב,891200-14,ב' - 3.00,ה',0900 - 1200,מ.ישראל-604,103
מחלקה המחלקה למדעי המחשב,891200-15,ב' - 2.00,ד',1200 - 1400,מ.ישראל-605,63
מחלקה המחלקה למדעי המחשב,891200-16,א' - 3.00,ב',1600 - 1900,מ.ישראל-505,4
מחלקה המחלקה למדעי המחשב,891200-17,א' - 2.00,ג',1700 - 1900,מ.ישראל-604,105
מחלקה המחלקה למדעי המחשב,891200-18,א' - 3.00,ד',0800 - 1100,חברה-905,62
מחלקה המחלקה למדעי המחשב,891200-19,א' - 2.00,ד',1200 - 1400,מ.ישראל-605,11
מחלקה המחלקה למדעי המחשב,891200-20,א' - 2.00,ג',1200 - 1400,מ.ישראל-605,61
מחלקה המחלקה למדעי המחשב,891200-21,ב' - 2.00,ה',1400 - 1600,מ.ישראל-507,206
מחלקה המחלקה למדעי המחשב,891200-22,א' - 2.00,ג',1200 - 1400,יהדות-404,102
מחלקה המחלקה למדעי המחשב,891262-01,ב' - 3.00,ב',1000 - 1300,וואהל 1401,1
מחלקה המחלקה למדעי המחשב,891262-02,ב' - 3.00,א',1100 - 1400,וואהל 1401,3
מחלקה המחלקה למדעי המחשב,891262-03,ב' - 2.00,ג',1300 - 1500,מ.ישראל-507,101
מחלקה המחלקה למדעי המחשב,891262-04,ב' - 2.00,ב',1300 - 1500,מ.ישראל-604,105
מחלקה המחלקה למדעי המחשב,891262-05,ב' - 2.00,א',1700 - 1900,מ.ישראל-605,65
מחלקה המחלקה למדעי המחשב,891262-06,ב' - 2.00,ג',1300 - 1500,מ.ישראל-507,205
מחלקה המחלקה למדעי המחשב,891262-07,ב' - 2.00,ב',1000 - 1200,מ.ישראל-507,106
מחלקה המחלקה למדעי המחשב,891262-08,ב' - 2.00,ג',0900 - 1100,מ.ישראל-604,103
מחלקה המחלקה למדעי המחשב,891262-09,ב' - 2.00,ג',0900 - 1100,מ.ישראל-604,64
מחלקה המחלקה למדעי המחשב,891262-10,ב' - 2.00,ג',1800 - 2000,מ.ישראל-504,5
מחלקה המחלקה למדעי המחשב,891262-11,ב' - 2.00,ג',1600 - 1800,מ.ישראל-504,5
מחלקה המחלקה למדעי המחשב,891262-12,א' - 3.00,א',1100 - 1400,טבע-207,1
מחלקה המחלקה למדעי המחשב,891262-13,א' - 2.00,א',1800 - 2000,מ.ישראל-505,106
מחלקה המחלקה למדעי המחשב,891262-14,א' - 2.00,א',1600 - 1800,מ.ישראל-507,204
מחלקה המחלקה למדעי המחשב,891262-15,א' - 3.00,ד',1300 - 1600,מ.ישראל-604,103
מחלקה המחלקה למדעי המחשב,891262-16,א' - 2.00,א',1800 - 2000,מ.ישראל-604,13
מחלקה המחלקה למדעי המחשב,89132-01,א' - 4.00,"ב',ד'","1200 - 1400
1000 - 1200",מ.ישראל-604,"11
12"
מחלקה המחלקה למדעי המחשב,89132-02,א' - 4.00,"ג',ד'","1000 - 1200
0800 - 1000","טבע 211-2
משפטים-304","25
1"
מחלקה המחלקה למדעי המחשב,89132-03,א' - 2.00,ג',1300 - 1500,חדר מחלקה,מחלקה
מחלקה המחלקה למדעי המחשב,89132-04,א' - 2.00,ג',1300 - 1500,מ.ישראל-605,64
מחלקה המחלקה למדעי המחשב,89132-05,א' - 2.00,ד',1800 - 2000,מ.ישראל-604,103
מחלקה המחלקה למדעי המחשב,89132-06,א' - 2.00,ב',1400 - 1600,מ.ישראל-604,105
מחלקה המחלקה למדעי המחשב,89132-07,א' - 2.00,ג',1700 - 1900,מ.ישראל-604,104
מחלקה המחלקה למדעי המחשב,89132-08,א' - 2.00,ג',1700 - 1900,מ.ישראל-605,64
מחלקה המחלקה למדעי המחשב,89132-09,א' - 2.00,ג',1500 - 1700,חדר מחלקה,מחלקה
מחלקה המחלקה למדעי המחשב,89132-10,א' - 2.00,ג',1500 - 1700,מ.ישראל-605,64
מחלקה המחלקה למדעי המחשב,89132-11,ב' - 4.00,"א',ב'","1600 - 1800
0800 - 1000","חברה-905
מ.ישראל-604","62
102"
מחלקה המחלקה למדעי המחשב,89132-12,ב' - 2.00,ב',1200 - 1400,מ.ישראל-605,63
מחלקה המחלקה למדעי המחשב,89132-13,ב' - 2.00,א',1800 - 2000,מ.ישראל-604,64
מחלקה המחלקה למדעי המחשב,89132-14,ב' - 2.00,ב',1000 - 1200,מ.ישראל-604,104
מחלקה המחלקה למדעי המחשב,89132-15,ב' - 4.00,"א',ג'","1200 - 1400
1600 - 1800","מ.ישראל-604
מ.ישראל-605","104
63"
מחלקה המחלקה למדעי המחשב,89132-16,ב' - 2.00,א',1700 - 1900,מ.ישראל-605,103
מחלקה המחלקה למדעי המחשב,89133-01,ב' - 4.00,"א',ג'","1100 - 1300
0800 - 1000","טבע 211-2
משפטים-304","25
1"
מחלקה המחלקה למדעי המחשב,89133-02,ב' - 4.00,"א',ב'","1500 - 1700
0800 - 1000","הנדסה-1105
וואהל 1401","53
1"
מחלקה המחלקה למדעי המחשב,89133-03,ב' - 2.00,א',1500 - 1700,מ.ישראל-605,103
מחלקה המחלקה למדעי המחשב,89133-04,ב' - 2.00,א',1500 - 1700,מ.ישראל-604,64
מחלקה המחלקה למדעי המחשב,89133-05,ב' - 2.00,א',1300 - 1500,מ.ישראל-604,105
מחלקה המחלקה למדעי המחשב,89133-06,ב' - 2.00,א',1300 - 1500,מ.ישראל-505,5
מחלקה המחלקה למדעי המחשב,89133-07,ב' - 2.00,א',1300 - 1500,מ.ישראל-604,64
מחלקה המחלקה למדעי המחשב,89133-08,ב' - 2.00,ב',1500 - 1700,מ.ישראל-604,61
מחלקה המחלקה למדעי המחשב,89133-09,ב' - 2.00,ב',1500 - 1700,מ.ישראל-604,63
מחלקה המחלקה למדעי המחשב,89133-10,ב' - 2.00,ב',0800 - 1000,מ.ישראל-604,104
מחלקה המחלקה למדעי המחשב,89133-11,ב' - 2.00,ב',1700 - 1900,מ.ישראל-604,63
מחלקה המחלקה למדעי המחשב,89133-12,א' - 4.00,"ג',א'","0800 - 1000
1400 - 1600","משפטים-304
משפטים-305","2
6"
מחלקה המחלקה למדעי המחשב,89133-13,א' - 2.00,ג',1000 - 1200,חדר מחלקה,מחלקה
מחלקה המחלקה למדעי המחשב,89133-14,א' - 2.00,ג',1000 - 1200,חברה-905,61
מחלקה המחלקה למדעי המחשב,89133-15,א' - 4.00,"ג',א'","1500 - 1700
1200 - 1400",מ.ישראל-604,"104
103"
מחלקה המחלקה למדעי המחשב,89133-16,א' - 2.00,א',1600 - 1800,מ.ישראל-604,103
מחלקה המחלקה למדעי המחשב,89200-01,א' - 2.00,ה',1400 - 1600,טבע 211-2,25
מחלקה המחלקה למדעי המחשב,89200-02,א' - 1.00,ה',1600 - 1700,יהדות-404,101
מחלקה המחלקה למדעי המחשב,89200-03,א' - 1.00,ה',1700 - 1800,יהדות-404,101
מחלקה המחלקה למדעי המחשב,89213-03,א' - 2.00,ב',1300 - 1500,מ.ישראל-507,208
מחלקה המחלקה למדעי המחשב,89213-04,א' - 2.00,א',1800 - 2000,מ.ישראל-604,14
מחלקה המחלקה למדעי המחשב,89213-05,א' - 2.00,ג',1400 - 1600,מ.ישראל-507,108
מחלקה המחלקה למדעי המחשב,89213-06,א' - 2.00,א',1100 - 1300,חדר מחלקה,מחלקה
מחלקה המחלקה למדעי המחשב,89213-07,א' - 2.00,א',1300 - 1500,מ.ישראל-604,12
מחלקה המחלקה למדעי המחשב,89213-08,א' - 2.00,א',1300 - 1500,חדר מחלקה,מחלקה
מחלקה המחלקה למדעי המחשב,89213-09,א' - 2.00,ב',1700 - 1900,מ.ישראל-507,101
מחלקה המחלקה למדעי המחשב,89213-10,א' - 2.00,א',1400 - 1600,מ.ישראל-604,61
מחלקה המחלקה למדעי המחשב,89213-12,ב' - 2.00,ב',1100 - 1300,מ.ישראל-604,102
מחלקה המחלקה למדעי המחשב,89213-13,ב' - 2.00,ה',1700 - 1900,מ.ישראל-604,102
מחלקה המחלקה למדעי המחשב,89214-01,ב' - 2.00,ה',1100 - 1300,חברה-901,61
מחלקה המחלקה למדעי המחשב,89214-02,ב' - 2.00,ב',0800 - 1000,מ.ישראל-605,64
מחלקה המחלקה למדעי המחשב,89214-03,ב' - 2.00,ב',1300 - 1500,מ.ישראל-604,63
מחלקה המחלקה למדעי המחשב,89214-04,ב' - 2.00,ה',1600 - 1800,מ.ישראל-604,103
מחלקה המחלקה למדעי המחשב,89214-05,ב' - 2.00,א',1800 - 2000,מ.ישראל-507,1
מחלקה המחלקה למדעי המחשב,89218-01,ב' - 3.00,ג',1200 - 1500,מ.ישראל-605,63
מחלקה המחלקה למדעי המחשב,89218-02,ב' - 1.00,ה',1200 - 1300,מ.ישראל-604,63
מחלקה המחלקה למדעי המחשב,892197-01,א' - 3.00,ג',1600 - 1900,וואהל 1401,3
מחלקה המחלקה למדעי המחשב,892197-02,א' - 3.00,ג',1100 - 1400,משפטים-304,2
מחלקה המחלקה למדעי המחשב,892197-03,א' - 2.00,א',1700 - 1900,מ.ישראל-604,62
מחלקה המחלקה למדעי המחשב,892197-04,א' - 2.00,א',1100 - 1300,מ.ישראל-505,106
מחלקה המחלקה למדעי המחשב,892197-05,א' - 2.00,א',1500 - 1700,מ.ישראל-604,62
מחלקה המחלקה למדעי המחשב,892197-06,א' - 2.00,א',1500 - 1700,מ.ישראל-605,14
מחלקה המחלקה למדעי המחשב,892197-07,א' - 2.00,ב',1800 - 2000,מ.ישראל-605,63
מחלקה המחלקה למדעי המחשב,892197-08,א' - 2.00,ב',1800 - 2000,מ.ישראל-605,64
מחלקה המחלקה למדעי המחשב,892197-09,א' - 2.00,ג',0900 - 1100,מ.ישראל-604,12
מחלקה המחלקה למדעי המחשב,892197-10,א' - 2.00,ב',1500 - 1700,מ.ישראל-604,63
מחלקה המחלקה למדעי המחשב,892197-11,א' - 2.00,א',1700 - 1900,מ.ישראל-504,5
מחלקה המחלקה למדעי המחשב,892197-12,א' - 2.00,ב',1000 - 1200,מ.ישראל-505,103
מחלקה המחלקה למדעי המחשב,89220-01,א' - 3.00,ג',1300 - 1600,וואהל 1401,3
מחלקה המחלקה למדעי המחשב,89220-02,א' - 3.00,ג',1700 - 2000,משפטים-304,2
מחלקה המחלקה למדעי המחשב,89220-03,א' - 2.00,ב',1800 - 2000,מ.ישראל-605,65
מחלקה המחלקה למדעי המחשב,89220-04,א' - 2.00,ב',1800 - 2000,מ.ישראל-605,13
מחלקה המחלקה למדעי המחשב,89220-05,א' - 2.00,ב',1300 - 1500,מ.ישראל-604,64
מחלקה המחלקה למדעי המחשב,89220-06,א' - 2.00,ב',1300 - 1500,מ.ישראל-605,63
מחלקה המחלקה למדעי המחשב,89220-07,א' - 2.00,ב',0800 - 1000,מ.ישראל-604,103
מחלקה המחלקה למדעי המחשב,89220-08,א' - 2.00,ב',1600 - 1800,מ.ישראל-605,13
מחלקה המחלקה למדעי המחשב,89220-09,א' - 2.00,ב',1000 - 1200,מ.ישראל-604,103
מחלקה המחלקה למדעי המחשב,89220-10,א' - 2.00,ב',1000 - 1200,מ.ישראל-605,64
מחלקה המחלקה למדעי המחשב,89220-11,א' - 2.00,ג',0900 - 1100,משפטים-305,134
מחלקה המחלקה למדעי המחשב,89220-12,א' - 2.00,ב',1600 - 1800,מ.ישראל-605,65
מחלקה המחלקה למדעי המחשב,89220-13,ב' - 3.00,ב',1500 - 1800,משפטים-304,1
מחלקה המחלקה למדעי המחשב,89220-14,ב' - 2.00,א',1400 - 1600,מ.ישראל-604,104
מחלקה המחלקה למדעי המחשב,89220-15,ב' - 2.00,א',1400 - 1600,מ.ישראל-605,14
מחלקה המחלקה למדעי המחשב,89220-16,ב' - 2.00,ב',0900 - 1100,מ.ישראל-507,208
מחלקה המחלקה למדעי המחשב,89220-17,ב' - 2.00,א',1600 - 1800,מ.ישראל-604,105
מחלקה המחלקה למדעי המחשב,892226-01,ב' - 3.00,ב',1200 - 1500,מ.ישראל-501,25
מחלקה המחלקה למדעי המחשב,892226-02,ב' - 3.00,ב',0900 - 1200,מ.ישראל-501,25
מחלקה המחלקה למדעי המחשב,892226-03,ב' - 3.00,ה',1100 - 1400,משפטים-304,2
מחלקה המחלקה למדעי המחשב,892226-04,ב' - 1.00,ג',1200 - 1300,מ.ישראל-604,63
מחלקה המחלקה למדעי המחשב,892226-05,ב' - 1.00,ג',1100 - 1200,מ.ישראל-604,63
מחלקה המחלקה למדעי המחשב,892226-06,ב' - 1.00,ג',1300 - 1400,מ.ישראל-604,63
מחלקה המחלקה למדעי המחשב,892226-07,ב' - 1.00,ג',1000 - 1100,מ.ישראל-604,63
מחלקה המחלקה למדעי המחשב,892226-08,ב' - 1.00,ג',1400 - 1500,מ.ישראל-604,63
מחלקה המחלקה למדעי המחשב,892226-09,ב' - 1.00,ג',1400 - 1500,מ.ישראל-604,104
מחלקה המחלקה למדעי המחשב,892226-10,ב' - 1.00,ג',1500 - 1600,מ.ישראל-604,63
מחלקה המחלקה למדעי המחשב,892226-11,ב' - 1.00,ג',1500 - 1600,מ.ישראל-604,104
מחלקה המחלקה למדעי המחשב,892226-12,א' - 3.00,ד',1000 - 1300,מ.ישראל-501,25
מחלקה המחלקה למדעי המחשב,892226-13,א' - 1.00,ד',1300 - 1400,מ.ישראל-501,25
מחלקה המחלקה למדעי המחשב,892226-14,א' - 1.00,ד',1400 - 1500,חדר מחלקה,מחלקה
מחלקה המחלקה למדעי המחשב,89230-01,א' - 3.00,ב',1500 - 1800,מ.ישראל-501,25
מחלקה המחלקה למדעי המחשב,89230-02,א' - 3.00,ב',1200 - 1500,מ.ישראל-501,25
מחלקה המחלקה למדעי המחשב,89230-03,א' - 2.00,ג',1500 - 1700,מ.ישראל-604,63
מחלקה המחלקה למדעי המחשב,89230-04,א' - 2.00,ג',1500 - 1700,מ.ישראל-604,64
מחלקה המחלקה למדעי המחשב,89230-05,א' - 2.00,ב',1800 - 2000,מ.ישראל-507,105
מחלקה המחלקה למדעי המחשב,89230-06,א' - 2.00,ה',1200 - 1400,מ.ישראל-504,6
מחלקה המחלקה למדעי המחשב,89230-07,א' - 2.00,ג',0900 - 1100,מ.ישראל-604,63
מחלקה המחלקה למדעי המחשב,89230-08,א' - 2.00,ג',0900 - 1100,מ.ישראל-604,64
מחלקה המחלקה למדעי המחשב,89230-09,א' - 2.00,ג',1100 - 1300,מ.ישראל-604,63
מחלקה המחלקה למדעי המחשב,89230-10,א' - 2.00,ג',1100 - 1300,מ.ישראל-604,64
מחלקה המחלקה למדעי המחשב,89230-11,ב' - 3.00,ג',1500 - 1800,טבע 211-2,25
מחלקה המחלקה למדעי המחשב,89230-12,ב' - 2.00,ד',1000 - 1200,מ.ישראל-604,61
מחלקה המחלקה למדעי המחשב,89230-13,ב' - 2.00,ד',1200 - 1400,מ.ישראל-604,61
מחלקה המחלקה למדעי המחשב,89230-14,א' - 2.00,ב',1000 - 1200,מ.ישראל-604,104
מחלקה המחלקה למדעי המחשב,89231-01,ב' - 3.00,ג',1500 - 1800,משפטים-304,2
מחלקה המחלקה למדעי המחשב,89231-02,ב' - 3.00,ג',1000 - 1300,וואהל 1401,3
מחלקה המחלקה למדעי המחשב,89231-03,ב' - 2.00,ג',1800 - 2000,מ.ישראל-505,104
מחלקה המחלקה למדעי המחשב,89231-04,ב' - 2.00,ג',1800 - 2000,יהדות-403,67
מחלקה המחלקה למדעי המחשב,89231-05,ב' - 2.00,ג',1800 - 2000,מ.ישראל-604,13
מחלקה המחלקה למדעי המחשב,89231-06,ב' - 2.00,ג',1100 - 1300,מ.ישראל-604,64
מחלקה המחלקה למדעי המחשב,89231-07,ב' - 2.00,ג',1500 - 1700,מ.ישראל-604,64
מחלקה המחלקה למדעי המחשב,89231-08,ב' - 2.00,ג',1500 - 1700,מ.ישראל-604,103
מחלקה המחלקה למדעי המחשב,89231-09,ב' - 2.00,ג',1300 - 1500,מ.ישראל-604,103
מחלקה המחלקה למדעי המחשב,89231-10,ב' - 2.00,ג',1300 - 1500,מ.ישראל-604,64
מחלקה המחלקה למדעי המחשב,89231-11,א' - 3.00,ג',0900 - 1200,מ.ישראל-507,108
מחלקה המחלקה למדעי המחשב,89231-12,א' - 2.00,א',1400 - 1600,מ.ישראל-604,63
מחלקה המחלקה למדעי המחשב,89231-13,א' - 2.00,ג',1400 - 1600,מ.ישראל-507,203
מחלקה המחלקה למדעי המחשב,89231-14,ב' - 2.00,ה',1500 - 1700,מ.ישראל-507,208
מחלקה המחלקה למדעי המחשב,892322-01,א' - 3.00,ד',1100 - 1400,מ.ישראל-604,101
מחלקה המחלקה למדעי המחשב,892322-02,א' - 3.00,ד',1600 - 1900,חברה-905,61
מחלקה המחלקה למדעי המחשב,892322-03,א' - 1.00,ה',1100 - 1200,מ.ישראל-604,105
מחלקה המחלקה למדעי המחשב,892322-04,א' - 1.00,ה',1200 - 1300,מ.ישראל-604,105
מחלקה המחלקה למדעי המחשב,892322-05,א' - 1.00,ה',1300 - 1400,מ.ישראל-604,105
מחלקה המחלקה למדעי המחשב,892322-06,א' - 1.00,ה',1400 - 1500,מ.ישראל-604,105
מחלקה המחלקה למדעי המחשב,892322-07,א' - 1.00,ה',1500 - 1600,מ.ישראל-604,105
מחלקה המחלקה למדעי המחשב,892322-08,א' - 1.00,ה',1600 - 1700,מ.ישראל-604,105
מחלקה המחלקה למדעי המחשב,892322-09,א' - 1.00,ה',1700 - 1800,מ.ישראל-604,105
מחלקה המחלקה למדעי המחשב,892322-10,א' - 1.00,ה',1800 - 1900,מ.ישראל-604,105
מחלקה המחלקה למדעי המחשב,892322-11,ב' - 3.00,ד',0900 - 1200,משפטים-304,2
מחלקה המחלקה למדעי המחשב,892322-12,ב' - 1.00,ד',1200 - 1300,מ.ישראל-604,105
מחלקה המחלקה למדעי המחשב,892322-13,ב' - 1.00,ד',1300 - 1400,מ.ישראל-604,105
מחלקה המחלקה למדעי המחשב,892322-14,ב' - 1.00,ד',1400 - 1500,מ.ישראל-604,105
מחלקה המחלקה למדעי המחשב,892322-15,ב' - 1.00,ד',1500 - 1600,מ.ישראל-604,105
מחלקה המחלקה למדעי המחשב,892511-01,ב' - 3.00,ב',1600 - 1900,חברה-901,61
מחלקה המחלקה למדעי המחשב,892511-02,ב' - 3.00,ב',1200 - 1500,משפטים-304,1
מחלקה המחלקה למדעי המחשב,892511-03,ב' - 2.00,ג',1300 - 1500,מ.ישראל-504,4
מחלקה המחלקה למדעי המחשב,892511-04,ב' - 2.00,ג',1300 - 1500,מ.ישראל-507,206
מחלקה המחלקה למדעי המחשב,892511-05,ב' - 2.00,ב',1000 - 1200,מ.ישראל-605,63
מחלקה המחלקה למדעי המחשב,892511-06,ב' - 2.00,ב',1000 - 1200,מ.ישראל-605,65
מחלקה המחלקה למדעי המחשב,892511-07,ב' - 2.00,ג',1700 - 1900,מ.ישראל-604,103
מחלקה המחלקה למדעי המחשב,892511-08,ב' - 2.00,ג',1700 - 1900,מ.ישראל-604,64
מחלקה המחלקה למדעי המחשב,892511-09,ב' - 2.00,ב',1500 - 1700,מ.ישראל-605,64
מחלקה המחלקה למדעי המחשב,892511-10,ב' - 2.00,ב',1500 - 1700,מ.ישראל-605,63
מחלקה המחלקה למדעי המחשב,892511-11,ב' - 2.00,ג',1300 - 1500,מ.ישראל-505,4
מחלקה המחלקה למדעי המחשב,892511-12,ב' - 2.00,ב',1500 - 1700,מ.ישראל-604,64
מחלקה המחלקה למדעי המחשב,89256-01,ב' - 3.00,ד',1200 - 1500,מ.ישראל-604,62
מחלקה המחלקה למדעי המחשב,89263-01,א' - 2.00,א',1300 - 1500,משפטים-305,134
מחלקה המחלקה למדעי המחשב,89263-02,א' - 2.00,א',1100 - 1300,משפטים-304,2
מחלקה המחלקה למדעי המחשב,89263-03,א' - 1.00,א',1500 - 1600,מ.ישראל-604,64
מחלקה המחלקה למדעי המחשב,89263-04,א' - 1.00,א',1500 - 1600,מ.ישראל-605,65
מחלקה המחלקה למדעי המחשב,89263-05,א' - 1.00,ב',1200 - 1300,מ.ישראל-604,64
מחלקה המחלקה למדעי המחשב,89263-06,א' - 1.00,ג',1600 - 1700,מ.ישראל-507,4
מחלקה המחלקה למדעי המחשב,89263-07,א' - 1.00,ג',1200 - 1300,מ.ישראל-605,63
מחלקה המחלקה למדעי המחשב,89263-08,א' - 1.00,ג',1200 - 1300,מ.ישראל-605,64
מחלקה המחלקה למדעי המחשב,89263-09,א' - 1.00,א',1300 - 1400,מ.ישראל-604,104
מחלקה המחלקה למדעי המחשב,89263-10,א' - 1.00,א',1300 - 1400,מ.ישראל-604,105
מחלקה המחלקה למדעי המחשב,89263-11,ב' - 2.00,ה',1400 - 1600,מ.ישראל-604,63
מחלקה המחלקה למדעי המחשב,89263-13,ב' - 1.00,ה',1600 - 1700,מ.ישראל-604,63
מחלקה המחלקה למדעי המחשב,89263-14,ב' - 1.00,ג',1600 - 1700,מ.ישראל-605,64
מחלקה המחלקה למדעי המחשב,89263-15,א' - 1.00,ג',1400 - 1500,מ.ישראל-604,104
מחלקה המחלקה למדעי המחשב,89264-01,א' - 2.00,א',0900 - 1100,מ.ישראל-605,65
מחלקה המחלקה למדעי המחשב,89264-02,א' - 1.00,א',1100 - 1200,מ.ישראל-605,65
מחלקה המחלקה למדעי המחשב,893000-01,"א' - 11.00
 ב' - 11.00",ה',1000 - 1200,חדר מחלקה,מחלקה
מחלקה המחלקה למדעי המחשב,893210-02,א' - 3.00,א',1700 - 2000,משפטים-304,1
מחלקה המחלקה למדעי המחשב,893210-03,א' - 2.00,ה',1600 - 1800,מ.ישראל-604,101
מחלקה המחלקה למדעי המחשב,893210-04,א' - 2.00,א',1200 - 1400,מ.ישראל-604,61
מחלקה המחלקה למדעי המחשב,893210-05,א' - 2.00,ה',1800 - 2000,מ.ישראל-604,101
מחלקה המחלקה למדעי המחשב,893210-06,א' - 2.00,ג',1000 - 1200,מ.ישראל-604,11
מחלקה המחלקה למדעי המחשב,893210-08,ב' - 3.00,א',1700 - 2000,חברה-901,61
מחלקה המחלקה למדעי המחשב,893210-09,ב' - 2.00,א',1400 - 1600,משפטים-305,4
מחלקה המחלקה למדעי המחשב,893210-10,ב' - 2.00,א',1200 - 1400,משפטים-305,4
מחלקה המחלקה למדעי המחשב,893210-11,א' - 2.00,א',1000 - 1200,מ.ישראל-604,103
מחלקה המחלקה למדעי המחשב,893210-12,א' - 2.00,ג',1400 - 1600,מ.ישראל-507,204
מחלקה המחלקה למדעי המחשב,893226-01,ב' - 2.00,ב',1000 - 1200,מ.ישראל-505,3
מחלקה המחלקה למדעי המחשב,893311-01,א' - 3.00,א',1400 - 1700,טבע-213,4
מחלקה המחלקה למדעי המחשב,893311-02,א' - 2.00,ג',1800 - 2000,מ.ישראל-604,61
מחלקה המחלקה למדעי המחשב,893311-03,א' - 2.00,ג',1600 - 1800,מ.ישראל-604,61
מחלקה המחלקה למדעי המחשב,893311-04,א' - 2.00,ג',1200 - 1400,מ.ישראל-604,11
מחלקה המחלקה למדעי המחשב,893311-05,ב' - 3.00,א',1400 - 1700,וואהל 1401,1
מחלקה המחלקה למדעי המחשב,893311-06,ב' - 2.00,ג',1800 - 2000,מ.ישראל-504,6
מחלקה המחלקה למדעי המחשב,893311-07,ב' - 2.00,ג',1600 - 1800,מ.ישראל-504,6
מחלקה המחלקה למדעי המחשב,893311-08,ב' - 2.00,א',1800 - 2000,מ.ישראל-604,104
מחלקה המחלקה למדעי המחשב,893311-09,א' - 2.00,א',1700 - 1900,מ.ישראל-505,63
מחלקה המחלקה למדעי המחשב,893312-01,א' - 3.00,ג',1200 - 1500,מ.ישראל-604,12
מחלקה המחלקה למדעי המחשב,893312-02,א' - 2.00,ג',1600 - 1800,מ.ישראל-605,61
מחלקה המחלקה למדעי המחשב,893312-03,ב' - 3.00,ב',0900 - 1200,מ.ישראל-507,104
מחלקה המחלקה למדעי המחשב,893312-04,ב' - 2.00,ג',1000 - 1200,מ.ישראל-604,105
מחלקה המחלקה למדעי המחשב,893592-01,א' - 2.00,א',1700 - 1900,משפטים-306,111
מחלקה המחלקה למדעי המחשב,893592-02,א' - 2.00,ג',0800 - 1000,מ.ישראל-505,105
מחלקה המחלקה למדעי המחשב,893592-03,א' - 2.00,ג',1200 - 1400,מ.ישראל-507,1
מחלקה המחלקה למדעי המחשב,893592-04,א' - 2.00,ג',1800 - 2000,מ.ישראל-507,2
מחלקה המחלקה למדעי המחשב,89390-01,ב' - 2.00,ד',1400 - 1600,חברה-901,61
מחלקה המחלקה למדעי המחשב,894000-01,ב' - 2.00,א',1700 - 1900,מ.ישראל-504,2
מחלקה המחלקה למדעי המחשב,894005-01,א' - 2.00,ד',1200 - 1400,מ.ישראל-502,8
מחלקה המחלקה למדעי המחשב,894009-01,א' - 2.00,ב',1200 - 1400,מ.ישראל-604,105
מחלקה המחלקה למדעי המחשב,894010-01,ב' - 2.00,ה',1300 - 1500,מ.ישראל-502,8
מחלקה המחלקה למדעי המחשב,894012-01,ב' - 2.00,ה',1000 - 1200,מ.ישראל-502,26
מחלקה המחלקה למדעי המחשב,894014-01,ב' - 2.00,מרצה פרופ' אלעד -טוב,1600 - 1800,מ.ישראל-502,7
מחלקה המחלקה למדעי המחשב,894015-01,ב' - 2.00,ה',1000 - 1200,מ.ישראל-502,9
מחלקה המחלקה למדעי המחשב,894016-01,"א' - 2.00
 ב' - 2.00",ג',"1200 - 1400
1200 - 1400","חדר מחלקה
מ.ישראל-502",מחלקה
מחלקה המחלקה למדעי המחשב,894017-01,"א' - 2.00
 ב' - 2.00",ה',1400 - 1600,חדר מחלקה,מחלקה
מחלקה המחלקה למדעי המחשב,894018-01,ב' - 2.00,א',1200 - 1400,יהדות-404,68
מחלקה המחלקה למדעי המחשב,894019-01,ב' - 2.00,ג',1300 - 1500,יהדות-404,68
מחלקה המחלקה למדעי המחשב,894019-02,ב' - 2.00,ג',1500 - 1700,חברה-902,201
מחלקה המחלקה למדעי המחשב,894020-01,א' - 2.00,ד',1200 - 1400,חדר מחלקה,מחלקה
מחלקה המחלקה למדעי המחשב,894021-01,ב' - 2.00,ד',1200 - 1400,מ.ישראל-502,8
מחלקה המחלקה למדעי המחשב,894023-01,א' - 2.00,ב',1000 - 1200,מ.ישראל-502,8
מחלקה המחלקה למדעי המחשב,894024-01,ב' - 2.00,א',1200 - 1400,מ.ישראל-505,3
מחלקה המחלקה למדעי המחשב,894031-01,א' - 2.00,א',1600 - 1800,מ.ישראל-504,1
מחלקה המחלקה למדעי המחשב,894044-01,ב' - 2.00,ג',1000 - 1200,מ.ישראל-502,7
מחלקה המחלקה למדעי המחשב,894050-01,ב' - 2.00,ג',1300 - 1500,חברה-902,201
מחלקה המחלקה למדעי המחשב,894052-01,א' - 2.00,ג',1000 - 1200,משפטים-305,133
מחלקה המחלקה למדעי המחשב,894113-01,א' - 2.00,א',1200 - 1400,חדר מחלקה,מחלקה
מחלקה המחלקה למדעי המחשב,894114-01,ב' - 2.00,א',1200 - 1400,מ.ישראל-505,62
מחלקה המחלקה למדעי המחשב,894221-01,ב' - 2.00,ד',0800 - 1000,מ.ישראל-502,7
מחלקה המחלקה למדעי המחשב,894226-01,"א' - 2.00
 ב' - 2.00",ב',1000 - 1200,מ.ישראל-502,30
מחלקה המחלקה למדעי המחשב,894271-01,ב' - 2.00,א',1600 - 1800,מ.ישראל-502,23
מחלקה המחלקה למדעי המחשב,894271-02,ב' - 2.00,א',1800 - 2000,מ.ישראל-505,63
מחלקה המחלקה למדעי המחשב,89452-01,א' - 2.00,ג',1000 - 1200,סטודנטים-105,4
מחלקה המחלקה למדעי המחשב,894537-01,ב' - 2.00,ג',1500 - 1700,מ.ישראל-502,37
מחלקה המחלקה למדעי המחשב,894575-01,ב' - 2.00,ד',1400 - 1600,מ.ישראל-505,63
מחלקה המחלקה למדעי המחשב,89463-01,ב' - 2.00,ד',1000 - 1200,מ.ישראל-605,63
מחלקה המחלקה למדעי המחשב,89463-02,ב' - 2.00,ד',1200 - 1400,יהדות-403,218
מחלקה המחלקה למדעי המחשב,894645-01,ב' - 2.00,ב',1000 - 1200,מ.ישראל-502,7
מחלקה המחלקה למדעי המחשב,894763-01,"א' - 2.00
 ב' - 2.00",ג',1600 - 1800,חדר מחלקה,מחלקה
מחלקה המחלקה למדעי המחשב,894831-01,א' - 2.00,א',1600 - 1800,חדר מחלקה,מחלקה
מחלקה המחלקה למדעי המחשב,894943-01,א' - 2.00,א',1200 - 1400,מ.ישראל-504,2
מחלקה המחלקה למדעי המחשב,89495-01,א' - 2.00,ד',1000 - 1200,מ.ישראל-505,104
מחלקה המחלקה למדעי המחשב,894993-01,ב' - 2.00,א',1600 - 1800,חברה-905,116
מחלקה המחלקה למדעי המחשב,89512-01,ב' - 2.00,ה',1200 - 1400,משפטים-305,10
מחלקה המחלקה למדעי המחשב,89512-02,ב' - 2.00,ה',1400 - 1600,מ.ישראל-505,2
מחלקה המחלקה למדעי המחשב,89518-01,א' - 2.00,א',1400 - 1600,מ.ישראל-505,106
מחלקה המחלקה למדעי המחשב,89521-01,א' - 2.00,א',1800 - 2000,חדר מחלקה,מחלקה
מחלקה המחלקה למדעי המחשב,895222-01,ב' - 2.00,ב',1200 - 1400,מ.ישראל-507,205
מחלקה המחלקה למדעי המחשב,895223-01,א' - 2.00,ד',1300 - 1500,מ.ישראל-604,105
מחלקה המחלקה למדעי המחשב,895224-01,ב' - 2.00,ד',1000 - 1200,מ.ישראל-604,62
מחלקה המחלקה למדעי המחשב,895227-01,א' - 2.00,ד',1000 - 1200,חדר מחלקה,מחלקה
מחלקה המחלקה למדעי המחשב,895229-01,א' - 2.00,מרצה פרופ' אלעד -טוב,1400 - 1600,מ.ישראל-604,102
מחלקה המחלקה למדעי המחשב,895350-01,א' - 2.00,ב',1600 - 1800,וואהל 1401,2
מחלקה המחלקה למדעי המחשב,895350-02,א' - 2.00,ב',1800 - 2000,וואהל 1401,2
מחלקה המחלקה למדעי המחשב,895350-03,א' - 2.00,א',1500 - 1700,יהדות-403,67
מחלקה המחלקה למדעי המחשב,895350-04,ב' - 2.00,א',1200 - 1400,חברה-905,62
מחלקה המחלקה למדעי המחשב,895350-05,ב' - 2.00,א',1400 - 1600,חברה-905,62
מחלקה המחלקה למדעי המחשב,89542-01,א' - 2.00,ד',1300 - 1500,מ.ישראל-605,12
מחלקה המחלקה למדעי המחשב,89546-01,א' - 2.00,א',1800 - 2000,מ.ישראל-605,12
מחלקה המחלקה למדעי המחשב,89546-02,א' - 1.00,א',2000 - 2100,מ.ישראל-605,12
מחלקה המחלקה למדעי המחשב,89550-01,ב' - 2.00,ה',1100 - 1300,מ.ישראל-507,107
מחלקה המחלקה למדעי המחשב,89550-02,ב' - 2.00,ה',1300 - 1500,מ.ישראל-507,107
מחלקה המחלקה למדעי המחשב,895509-01,ב' - 3.00,ב',1200 - 1500,חברה-901,61
מחלקה המחלקה למדעי המחשב,895509-02,ב' - 2.00,ג',1200 - 1400,מ.ישראל-604,62
מחלקה המחלקה למדעי המחשב,895509-03,ב' - 2.00,ג',1400 - 1600,מ.ישראל-604,62
מחלקה המחלקה למדעי המחשב,895509-04,ב' - 2.00,ג',1000 - 1200,מ.ישראל-604,62
מחלקה המחלקה למדעי המחשב,895509-05,ב' - 2.00,א',1000 - 1200,מ.ישראל-605,11
מחלקה המחלקה למדעי המחשב,89553-01,ב' - 3.00,א',1700 - 2000,מ.ישראל-604,103
מחלקה המחלקה למדעי המחשב,895570-01,א' - 3.00,ד',1500 - 1800,משפטים-304,2
מחלקה המחלקה למדעי המחשב,895570-02,א' - 2.00,ג',1400 - 1600,מ.ישראל-504,3
מחלקה המחלקה למדעי המחשב,895570-03,א' - 2.00,ב',1400 - 1600,מ.ישראל-605,64
מחלקה המחלקה למדעי המחשב,895570-04,א' - 2.00,ב',1600 - 1800,מ.ישראל-605,64
מחלקה המחלקה למדעי המחשב,895570-05,א' - 2.00,ד',1800 - 2000,יהדות-404,101
מחלקה המחלקה למדעי המחשב,895570-06,ב' - 3.00,ה',1500 - 1800,משפטים-304,2
מחלקה המחלקה למדעי המחשב,895570-07,ב' - 2.00,ב',1400 - 1600,מ.ישראל-605,14
מחלקה המחלקה למדעי המחשב,895570-08,ב' - 2.00,ב',1200 - 1400,מ.ישראל-605,64
מחלקה המחלקה למדעי המחשב,895570-09,ב' - 2.00,ד',1800 - 2000,מ.ישראל-604,105
מחלקה המחלקה למדעי המחשב,895570-10,ב' - 2.00,ה',1800 - 2000,מ.ישראל-507,102
מחלקה המחלקה למדעי המחשב,895581-01,א' - 3.00,ד',1000 - 1300,חברה-901,61
מחלקה המחלקה למדעי המחשב,895581-02,א' - 2.00,ד',1300 - 1500,מ.ישראל-507,105
מחלקה המחלקה למדעי המחשב,895581-03,א' - 2.00,ד',1500 - 1700,מ.ישראל-507,208
מחלקה המחלקה למדעי המחשב,895581-04,א' - 2.00,ד',1800 - 2000,מ.ישראל-507,201
מחלקה המחלקה למדעי המחשב,895581-05,א' - 2.00,ה',1400 - 1600,יהדות-403,67
מחלקה המחלקה למדעי המחשב,895581-06,א' - 2.00,ה',1600 - 1800,יהדות-403,67
מחלקה המחלקה למדעי המחשב,89560-01,א' - 2.00,ד',1200 - 1400,מ.ישראל-507,203
מחלקה המחלקה למדעי המחשב,89560-02,א' - 1.00,ד',1100 - 1200,מ.ישראל-507,203
מחלקה המחלקה למדעי המחשב,89561-01,ב' - 2.00,ד',1400 - 1600,מ.ישראל-507,1
מחלקה המחלקה למדעי המחשב,895656-01,א' - 3.00,ב',1300 - 1600,מ.ישראל-507,101
מחלקה המחלקה למדעי המחשב,895656-02,א' - 2.00,ב',1100 - 1300,מ.ישראל-507,101
מחלקה המחלקה למדעי המחשב,895993-01,א' - 2.00,א',1600 - 1800,יהדות-404,102
מחלקה המחלקה למדעי המחשב,89602-01,א' - 2.00,ה',1000 - 1200,מ.ישראל-604,101
מחלקה המחלקה למדעי המחשב,89606-01,א' - 2.00,א',1800 - 2000,מ.ישראל-605,14
מחלקה המחלקה למדעי המחשב,89607-01,ב' - 3.00,א',1500 - 1800,מ.ישראל-604,63
מחלקה המחלקה למדעי המחשב,896561-01,א' - 2.00,ב',0900 - 1100,מ.ישראל-504,5
מחלקה המחלקה למדעי המחשב,896561-02,א' - 1.00,א',1100 - 1200,מ.ישראל-605,11
מחלקה המחלקה למדעי המחשב,89657-01,ב' - 2.00,א',1200 - 1400,מ.ישראל-605,11
מחלקה המחלקה למדעי המחשב,89669-01,ב' - 2.00,ה',1200 - 1400,מ.ישראל-604,14
מחלקה המחלקה למדעי המחשב,89679-01,א' - 2.00,ד',1200 - 1400,יהדות-403,218
מחלקה המחלקה למדעי המחשב,89679-02,א' - 2.00,ד',1000 - 1200,יהדות-403,218
מחלקה המחלקה למדעי המחשב,89680-01,א' - 3.00,ג',1300 - 1600,מ.ישראל-507,202
מחלקה המחלקה למדעי המחשב,89685-01,א' - 2.00,ד',0800 - 1000,מ.ישראל-507,203
מחלקה המחלקה למדעי המחשב,89685-02,א' - 1.00,ד',1000 - 1100,מ.ישראל-507,203
מחלקה המחלקה למדעי המחשב,89685-03,א' - 1.00,ד',1400 - 1500,מ.ישראל-504,1
מחלקה המחלקה למדעי המחשב,896873-01,ב' - 2.00,ד',1800 - 2000,מ.ישראל-507,103
מחלקה המחלקה למדעי המחשב,896873-02,ב' - 2.00,ד',1600 - 1800,מ.ישראל-605,11
מחלקה המחלקה למדעי המחשב,896876-01,ב' - 3.00,ג',1700 - 2000,מ.ישראל-507,107
מחלקה המחלקה למדעי המחשב,896877-01,א' - 2.00,ב',1500 - 1700,מ.ישראל-604,11
מחלקה המחלקה למדעי המחשב,896877-02,א' - 1.00,ב',1700 - 1800,מ.ישראל-604,11
מחלקה המחלקה למדעי המחשב,896879-01,ב' - 3.00,ג',1300 - 1600,מ.ישראל-605,64
מחלקה המחלקה למדעי המחשב,89715-01,ב' - 2.00,ד',1600 - 1800,מ.ישראל-605,12
מחלקה המחלקה למדעי המחשב,89755-01,ב' - 2.00,ד',1400 - 1600,מ.ישראל-604,61
מחלקה המחלקה למדעי המחשב,89919-01,א' - 2.00,א',1600 - 1800,יהדות-402,63
מחלקה המחלקה למדעי המחשב,89950-01,ב' - 2.00,ד',1700 - 1900,מ.ישראל-604,61
מחלקה המחלקה למדעי המחשב,89950-02,ב' - 1.00,ד',1900 - 2000,מ.ישראל-604,61
מחלקה המחלקה למדעי המחשב,89991-01,"א' - 2.00
 ב' - 2.00","פרטי קורס  קולוקוו בלמידת מכונה
קוד קורס 89991-01
שם קורס באנגלית Machine Learning Colloqium
מחלקה המחלקה למדעי המחשב
פקולטה מדעים מדויקים
סוג מפגש קולוקו רשות
מרצה פרופ' גל צ'צ'יק
שעות סמסטר א' - 2.00
סמסטר ב' - 2.00
נ""ז 0.00
הערה
 א'
שעה 1200 - 1400
1200 - 1400
בניין
חדר מחלקה
חדר
999
אפיונים מודל - אתר מלווה קורס
פרונטלי
תאריכי בחינות
סילבוס צפייה בסילבוס","1200 - 1400
1200 - 1400",חדר מחלקה,מחלקה
מחלקה המחלקה למדעי המחשב,89995-01,"א' - 2.00
 ב' - 2.00","פרטי קורס  קולוקוו במדעי המחשב
קוד קורס 89995-01
שם קורס באנגלית Colloqium
מחלקה המחלקה למדעי המחשב
פקולטה מדעים מדויקים
סוג מפגש קולוקו חובה
מרצה ד""ר טליה עדן
שעות סמסטר א' - 2.00
סמסטר ב' - 2.00
נ""ז 0.00
הערה
 ה'
שעה 1200 - 1400
1200 - 1400
בניין
חדר מחלקה
חדר
999
אפיונים מודל - אתר מלווה קורס
פרונטלי
תאריכי בחינות","1200 - 1400
1200 - 1400",חדר מחלקה,מחלקה
מחלקה המחלקה למדעי המחשב,899951-01,א' - 2.00,"פרטי קורס  קולוקוו במדעי המחשב
קוד קורס 899951-01
שם קורס באנגלית Colloqium
מחלקה המחלקה למדעי המחשב
פקולטה מדעים מדויקים
סוג מפגש קולוקו חובה
מרצה פרופ' רעות צרפתי
שעות סמסטר א' - 2.00
נ""ז 0.00
הערה
 ה'
שעה 1200 - 1400
בניין
חדר מחלקה
חדר
999
אפיונים מודל - אתר מלווה קורס
פרונטלי
תאריכי בחינות",1200 - 1400,חדר מחלקה,מחלקה
מחלקה המחלקה למדעי המחשב,89996-01,"א' - 2.00
 ב' - 2.00","פרטי קורס  קולוקוו במדעי המחשב
קוד קורס 89996-01
שם קורס באנגלית Colloqium
מחלקה המחלקה למדעי המחשב
פקולטה מדעים מדויקים
סוג מפגש קולוקו רשות
מרצה פרופ' משה לוינשטיין
שעות סמסטר א' - 2.00
סמסטר ב' - 2.00
נ""ז 0.00
הערה
 ה'
שעה 1200 - 1400
1200 - 1400
בניין
מ.ישראל-503
חדר
1
אפיונים מודל - אתר מלווה קורס
פרונטלי
תאריכי בחינות","1200 - 1400
1200 - 1400",מ.ישראל-503,1
מחלקה המחלקה למדעי המחשב,899961-01,א' - 2.00,"פרטי קורס  קולוקוו במדעי המחשב
קוד קורס 899961-01
שם קורס באנגלית Colloqium
מחלקה המחלקה למדעי המחשב
פקולטה מדעים מדויקים
סוג מפגש קולוקו רשות
מרצה פרופ' ליעם רודיטי
שעות סמסטר א' - 2.00
נ""ז 0.00
הערה
 ה'
שעה 1200 - 1400
בניין
חדר מחלקה
חדר
999
אפיונים מודל - אתר מלווה קורס
פרונטלי
תאריכי בחינות",1200 - 1400,חדר מחלקה,מחלקה
מחלקה המחלקה למדעי המחשב,899962-01,ב' - 2.00,"פרטי קורס  קולוקוו במדעי המחשב
קוד קורס 899962-01
שם קורס באנגלית Colloqium
מחלקה המחלקה למדעי המחשב
פקולטה מדעים מדויקים
סוג מפגש קולוקו רשות
מרצה ד""ר אריאל נוף
שעות סמסטר ב' - 2.00
נ""ז 0.00
הערה
 ה'
שעה 1200 - 1400
בניין
חדר מחלקה
חדר
999
אפיונים מודל - אתר מלווה קורס
פרונטלי
תאריכי בחינות",1200 - 1400,חדר מחלקה,מחלקה
מחלקה ב.א. רב-תחומי,93003-01,א' - 4.00,ו',1100 - 1500,נלמד בזום,999
מחלקה ב.א. רב-תחומי,93006-01,א' - 2.00,ב',1800 - 2000,מ.ישראל-507,107
מחלקה ב.א. רב-תחומי,93024-09,א' - 2.00,א',1400 - 1600,מ.ישראל-507,107
מחלקה ב.א. רב-תחומי,93024-11,א' - 2.00,א',1600 - 1800,מ.ישראל-507,107
מחלקה ב.א. רב-תחומי,93024-12,א' - 2.00,א',1600 - 1800,חדר מחלקה,מחלקה
מחלקה ב.א. רב-תחומי,93024-15,א' - 2.00,ו',1100 - 1300,נלמד בזום,999
מחלקה ב.א. רב-תחומי,93024-16,א' - 1.00,ו',1300 - 1400,נלמד בזום,999
מחלקה ב.א. רב-תחומי,93025-09,ב' - 2.00,א',1400 - 1600,מ.ישראל-507,107
מחלקה ב.א. רב-תחומי,93025-11,ב' - 2.00,א',1600 - 1800,מ.ישראל-507,107
מחלקה ב.א. רב-תחומי,93025-12,ב' - 2.00,א',1600 - 1800,חדר מחלקה,מחלקה
מחלקה ב.א. רב-תחומי,93025-15,ב' - 2.00,ו',0800 - 1000,נלמד בזום,999
מחלקה ב.א. רב-תחומי,93025-16,ב' - 1.00,ו',1000 - 1100,נלמד בזום,999
מחלקה ב.א. רב-תחומי,93026-09,א' - 4.00,ד',0800 - 1200,חברה-905,61
מחלקה ב.א. רב-תחומי,93037-01,ב' - 2.00,ו',0900 - 1100,נלמד בזום,999
מחלקה ב.א. רב-תחומי,93056-01,ב' - 2.00,ו',1100 - 1300,נלמד בזום,999
מחלקה ב.א. רב-תחומי,93201-02,ב' - 2.00,ב',2000 - 2200,וואהל 1401,2
מחלקה ב.א. רב-תחומי,93202-01,ב' - 4.00,ו',0700 - 1100,נלמד בזום,999
מחלקה ב.א. רב-תחומי,93220-01,א' - 2.00,ב',1600 - 1800,מ.ישראל-507,107
מחלקה ב.א. רב-תחומי,93222-01,א' - 2.00,ב',2000 - 2200,מ.ישראל-507,107
מחלקה ב.א. רב-תחומי,93249-01,ב' - 2.00,ב',1600 - 1800,וואהל 1401,2
מחלקה ב.א. רב-תחומי,93250-01,ב' - 4.00,ו',1100 - 1500,נלמד בזום,999
מחלקה ב.א. רב-תחומי,93252-01,א' - 4.00,ו',0700 - 1100,נלמד בזום,999
מחלקה ב.א. רב-תחומי,93260-01,א' - 4.00,ו',1100 - 1500,נלמד בזום,999
מחלקה ב.א. רב-תחומי,93260-02,א' - 4.00,ו',1100 - 1500,נלמד בזום,999
מחלקה ב.א. רב-תחומי,93260-03,א' - 4.00,ו',1100 - 1500,נלמד בזום,999
מחלקה ב.א. רב-תחומי,93263-01,א' - 2.00,ו',0700 - 0900,נלמד בזום,999
מחלקה ב.א. רב-תחומי,93264-01,ב' - 2.00,ו',0700 - 0900,נלמד בזום,999
מחלקה ב.א. רב-תחומי,93265-01,א' - 2.00,ב',1600 - 1800,יהדות-402,63
מחלקה ב.א. רב-תחומי,93266-01,ב' - 2.00,ב',1800 - 2000,טבע-203,221
מחלקה ב.א. רב-תחומי,93268-01,א' - 2.00,ב',2000 - 2200,יהדות-402,63
מחלקה ב.א. רב-תחומי,93269-01,ב' - 2.00,ב',2000 - 2200,טבע-203,221
מחלקה ב.א. רב-תחומי,93270-01,א' - 2.00,ב',1800 - 2000,יהדות-402,63
מחלקה ב.א. רב-תחומי,93272-01,ב' - 2.00,ב',1800 - 2000,וואהל 1401,2
מחלקה ב.א. רב-תחומי,93400-09,א' - 2.00,א',0800 - 1000,מ.ישראל-507,107
מחלקה ב.א. רב-תחומי,93400-11,א' - 1.00,א',1000 - 1100,מ.ישראל-507,107
מחלקה ב.א. רב-תחומי,93400-15,א' - 2.00,א',1200 - 1400,רוח-1002,1
מחלקה ב.א. רב-תחומי,93400-16,א' - 1.00,א',1400 - 1500,רוח-1002,1
מחלקה ב.א. רב-תחומי,93401-09,ב' - 2.00,א',0800 - 1000,מ.ישראל-507,107
מחלקה ב.א. רב-תחומי,93401-11,ב' - 1.00,א',1000 - 1100,מ.ישראל-507,107
מחלקה ב.א. רב-תחומי,93400-09,א' - 2.00,א',0800 - 1000,מ.ישראל-507,107
מחלקה ב.א. רב-תחומי,93400-11,א' - 1.00,א',1000 - 1100,מ.ישראל-507,107
מחלקה ב.א. רב-תחומי,93400-15,א' - 2.00,א',1200 - 1400,רוח-1002,1
מחלקה ב.א. רב-תחומי,93400-16,א' - 1.00,א',1400 - 1500,רוח-1002,1
מחלקה ב.א. רב-תחומי,93401-09,ב' - 2.00,א',0800 - 1000,מ.ישראל-507,107
מחלקה ב.א. רב-תחומי,93401-11,ב' - 1.00,א',1000 - 1100,מ.ישראל-507,107
מחלקה ב.א. רב-תחומי,93401-15,ב' - 2.00,א',0800 - 1000,יהדות-402,63
מחלקה ב.א. רב-תחומי,93401-16,ב' - 1.00,א',1000 - 1100,יהדות-402,63
מחלקה ב.א. רב-תחומי,93458-09,א' - 4.00,ד',0800 - 1200,מ.ישראל-604,63
מחלקה ב.א. רב-תחומי,93458-10,א' - 4.00,ד',0800 - 1200,מ.ישראל-604,64
מחלקה ב.א. רב-תחומי,93458-11,א' - 4.00,ד',0800 - 1200,מ.ישראל-604,105
מחלקה ב.א. רב-תחומי,93460-09,א' - 2.00,א',1100 - 1300,מ.ישראל-507,107
מחלקה ב.א. רב-תחומי,93460-11,א' - 1.00,א',1300 - 1400,מ.ישראל-507,107
מחלקה ב.א. רב-תחומי,93461-09,ב' - 2.00,א',1100 - 1300,מ.ישראל-507,107
מחלקה ב.א. רב-תחומי,93461-11,ב' - 1.00,א',1300 - 1400,מ.ישראל-507,107
מחלקה ב.א. רב-תחומי,93468-09,ב' - 4.00,ו',0800 - 1200,נלמד בזום,999
מחלקה ב.א. רב-תחומי,93468-10,ב' - 4.00,ו',0800 - 1200,נלמד בזום,999
מחלקה ב.א. רב-תחומי,93468-11,ב' - 4.00,ו',0800 - 1200,נלמד בזום,999
מחלקה ב.א. רב-תחומי,93473-09,א' - 3.00,ד',1200 - 1500,חברה-905,61
מחלקה ב.א. רב-תחומי,93474-09,ב' - 3.00,ד',1400 - 1700,מ.ישראל-507,107
מחלקה ב.א. רב-תחומי,93482-09,ב' - 3.00,ד',1100 - 1400,מ.ישראל-507,107
מחלקה ב.א. רב-תחומי,93489-01,א' - 4.00,ה',0900 - 1300,יהדות-403,211
מחלקה ב.א. רב-תחומי,93490-01,א' - 4.00,ה',1300 - 1700,יהדות-403,211
מחלקה ב.א. רב-תחומי,93491-01,ב' - 3.00,ה',1000 - 1300,יהדות-403,211
מחלקה ב.א. רב-תחומי,93492-01,ב' - 3.00,ה',1300 - 1600,יהדות-403,211
מחלקה ב.א. רב-תחומי,93501-15,א' - 6.00,א',0800 - 1400,מ.ישראל-604,102
מחלקה ב.א. רב-תחומי,93503-15,א' - 3.00,ו',0800 - 1100,"פרטי קורס  הכרת מבנה ה
קוד קורס 93503-15
שם קורס באנגלית Introduction to Building Engineering
מחלקה ב.א. רב-תחומי
פקולטה מדעי החברה
סוג מפגש הרצאה
מרצה מר שי פרידמן
שעות סמסטר א' - 3.00
נ""ז 3.00
הערה
יום ו'
שעה 0800 - 1100

נלמד בזום
חדר
999
אפיונים מודל - אתר מלווה קורס
רום (מקרקעין, תכנון עירוני וניהול)
תאריכי בחינות
מועד א' 17/02/2026 0900
מועד ב' 15/03/2026 1800",999
מחלקה ב.א. רב-תחומי,93506-15,ב' - 4.00,א',0800 - 1200,יהדות-403,217
מחלקה ב.א. רב-תחומי,93506-16,ב' - 4.00,א',0800 - 1200,משפטים-305,133
מחלקה ב.א. רב-תחומי,93506-17,ב' - 4.00,א',0800 - 1200,מ.ישראל-504,2
מחלקה ב.א. רב-תחומי,93506-18,ב' - 2.00,א',1200 - 1400,רוח-1002,1
מחלקה ב.א. רב-תחומי,93507-15,א' - 4.00,א',1500 - 1900,רוח-1002,1
מחלקה ב.א. רב-תחומי,93509-15,ב' - 4.00,א',1400 - 1800,יהדות-402,63
מחלקה ב.א. רב-תחומי,93509-16,א' - 4.00,א',1400 - 1800,מ.ישראל-604,102
מחלקה ב.א. רב-תחומי,93510-15,א' - 3.00,א',1800 - 2100,מ.ישראל-604,102
מחלקה ב.א. רב-תחומי,93511-15,א' - 4.00,א',0800 - 1200,רוח-1002,1
מחלקה ב.א. רב-תחומי,93512-15,ב' - 3.00,ו',1100 - 1400,נלמד בזום,999
מחלקה ב.א. רב-תחומי,93513-15,ב' - 4.00,א',1700 - 2100,רוח-1002,1
מחלקה ב.א. רב-תחומי,93514-15,א' - 2.00,ב',2000 - 2200,מ.ישראל-507,102
מחלקה ב.א. רב-תחומי,93515-15,ב' - 3.00,ו',0800 - 1100,נלמד בזום,999
מחלקה ב.א. רב-תחומי,93516-15,א' - 4.00,ו',0800 - 1200,נלמד בזום,999
מחלקה ב.א. רב-תחומי,93516-16,א' - 4.00,ו',0800 - 1200,נלמד בזום,999
מחלקה ב.א. רב-תחומי,93516-17,א' - 4.00,ו',0800 - 1200,נלמד בזום,999
מחלקה ב.א. רב-תחומי,93518-15,ב' - 4.00,א',1800 - 2200,יהדות-402,63
מחלקה ב.א. רב-תחומי,93521-15,ב' - 3.00,ו',1100 - 1400,נלמד בזום,999
מחלקה ב.א. רב-תחומי,93528-15,א' - 2.00,א',1900 - 2100,רוח-1002,1
מחלקה ב.א. רב-תחומי,93530-15,ב' - 2.00,א',1500 - 1700,טרם שובץ,טרם שובץ
מחלקה ב.א. רב-תחומי,93736-09,א' - 2.00,ד',1200 - 1400,מ.ישראל-604,62
מחלקה ב.א. רב-תחומי,93739-01,ב' - 2.00,ב',1600 - 1800,טבע-203,221
מחלקה ב.א. רב-תחומי,93797-09,ב' - 2.00,ג',1400 - 1600,חברה-905,61
מחלקה ב.א. רב-תחומי,93797-11,ב' - 1.00,ג',1300 - 1400,חברה-905,61
מחלקה ב.א. רב-תחומי,93797-15,ב' - 2.00,א',1100 - 1300,יהדות-402,63
מחלקה ב.א. רב-תחומי,93797-16,ב' - 1.00,א',1300 - 1400,יהדות-402,63
מחלקה ב.א. רב-תחומי,93797-17,ב' - 2.00,א',1400 - 1600,רוח-1002,1
מחלקה ב.א. רב-תחומי,93797-18,ב' - 1.00,א',1600 - 1700,רוח-1002,1
מחלקה דיפלומה,941000-01,א' - 2.00,ה',1600 - 1800,משפטים-306,111
מחלקה דיפלומה,941001-01,א' - 3.00,ד',1400 - 1700,מ.ישראל-505,2
מחלקה דיפלומה,941001-02,א' - 1.00,ד',1700 - 1800,מ.ישראל-505,2
מחלקה דיפלומה,941002-01,ב' - 2.00,ה',0800 - 1000,מ.ישראל-604,102
מחלקה דיפלומה,941003-01,א' - 3.00,ה',1100 - 1400,מ.ישראל-507,107
מחלקה דיפלומה,941004-01,א' - 2.00,ה',1400 - 1600,מ.ישראל-507,107
מחלקה דיפלומה,941004-02,א' - 2.00,ה',2000 - 2200,מ.ישראל-507,201
מחלקה דיפלומה,941005-01,ב' - 2.00,ד',1500 - 1700,מ.ישראל-505,2
מחלקה דיפלומה,941006-01,ב' - 2.00,ה',1000 - 1200,מ.ישראל-604,102
מחלקה דיפלומה,941006-02,ב' - 2.00,ה',1200 - 1400,מ.ישראל-604,102
מחלקה דיפלומה,941007-01,א' - 2.00,ד',1200 - 1400,מ.ישראל-505,2
מחלקה דיפלומה,941008-01,ב' - 3.00,ד',1200 - 1500,מ.ישראל-505,2
מחלקה דיפלומה,941009-01,"א' - 3.00
 ב' - 3.00",ה',"0800 - 1100
1400 - 1700","מ.ישראל-505
מ.ישראל-604","2
102"
מחלקה דיפלומה,941010-01,"א' - 2.00
 ב' - 2.00",ה',"1200 - 1400
1200 - 1400",מ.ישראל-505,2
מחלקה דיפלומה,941011-01,ב' - 2.00,ה',1700 - 1900,מ.ישראל-505,2
מחלקה דיפלומה,941012-01,"א' - 2.00
 ב' - 2.00",ד',"1800 - 2000
1700 - 1900",מ.ישראל-604,104
מחלקה דיפלומה,941013-01,"א' - 3.00
 ב' - 3.00",ג',1600 - 1900,מ.ישראל-505,2
מחלקה דיפלומה,941014-01,"א' - 2.00
 ב' - 2.00",ב',2000 - 2200,נלמד בזום,999
מחלקה דיפלומה,941015-01,א' - 4.00,ה',1800 - 2200,מ.ישראל-505,2
מחלקה דיפלומה,941016-01,ב' - 4.00,ה',1500 - 1900,מ.ישראל-604,101
מחלקה דיפלומה,941017-01,ב' - 3.00,ה',1900 - 2200,מ.ישראל-505,2
מחלקה דיפלומה,941018-01,"א' - 2.00
 ב' - 2.00",ג',1900 - 2100,מ.ישראל-505,2
מחלקה דיפלומה,941019-01,ב' - 4.00,ג',1200 - 1600,מ.ישראל-605,61
מחלקה דיפלומה,941020-01,א' - 2.00,ג',1400 - 1600,מ.ישראל-605,61
מחלקה דיפלומה,941021-01,א' - 2.00,ה',1400 - 1600,מ.ישראל-505,2
מחלקה דיפלומה,941022-01,א' - 2.00,ה',1600 - 1800,מ.ישראל-505,2
מחלקה דיפלומה,941023-01,א' - 3.00,א',1400 - 1700,מ.ישראל-505,2
מחלקה דיפלומה,941025-01,ב' - 4.00,א',1500 - 1900,מ.ישראל-505,2
מחלקה דיפלומה,941026-01,א' - 4.00,א',1000 - 1400,מ.ישראל-505,2
מחלקה דיפלומה,941027-01,ב' - 3.00,א',1200 - 1500,מ.ישראל-505,2
מחלקה דיפלומה,941028-01,ב' - 3.00,ו',0800 - 1100,נלמד בזום,999
מחלקה דיפלומה,944101-01,א' - 4.00,ו',1000 - 1400,נלמד בזום,999
מחלקה דיפלומה,944111-01,א' - 4.00,ו',0800 - 1200,נלמד בזום,999
מחלקה דיפלומה,944121-01,ב' - 4.00,ו',1000 - 1400,נלמד בזום,999
מחלקה דיפלומה,944131-01,ב' - 4.00,ו',1000 - 1400,נלמד בזום,999
מחלקה דיפלומה,944151-01,ב' - 4.00,ו',1000 - 1400,נלמד בזום,999
מחלקה הפקולטה למשפטים,99001-01,ב' - 4.00,ג',1800 - 2200,נלמד בזום,999
מחלקה הפקולטה למשפטים,99002-01,ב' - 4.00,ג',1800 - 2200,נלמד בזום,999
מחלקה הפקולטה למשפטים,99007-01,ב' - 4.00,ג',1800 - 2200,נלמד בזום,999
מחלקה הפקולטה למשפטים,99015-02,א' - 4.00,"ה',א'","2000 - 2200
2000 - 2200","נלמד בזום
חדר מחלקה",מחלקה
מחלקה הפקולטה למשפטים,99072-01,א' - 4.00,ה',1800 - 2000,נלמד בזום,999
מחלקה הפקולטה למשפטים,99072-03,ב' - 4.00,ה',2000 - 2200,נלמד בזום,999
מחלקה הפקולטה למשפטים,99092-01,א' - 3.00,א',1600 - 1900,משפטים-305,10
מחלקה הפקולטה למשפטים,99100-01,"א' - 2.00
 ב' - 2.00","א',ג'","1300 - 1500
1400 - 1600","טרם שובץ
חדר מחלקה",מחלקה
מחלקה הפקולטה למשפטים,99100-02,"א' - 2.00
 ב' - 2.00","ב',ג'","1000 - 1200
1200 - 1400","טרם שובץ
חדר מחלקה",מחלקה
מחלקה הפקולטה למשפטים,991001-01,א' - 2.00,ד',1000 - 1200,משפטים-305,4
מחלקה הפקולטה למשפטים,991001-02,ב' - 2.00,ה',1400 - 1600,נלמד בזום,999
מחלקה הפקולטה למשפטים,99101-01,א' - 2.00,ה',0800 - 1000,חדר מחלקה,מחלקה
מחלקה הפקולטה למשפטים,99101-02,א' - 2.00,ה',1200 - 1400,חדר מחלקה,מחלקה
מחלקה הפקולטה למשפטים,99101-03,א' - 2.00,ב',2000 - 2200,חדר מחלקה,מחלקה
מחלקה הפקולטה למשפטים,991016-01,א' - 3.00,ג',1100 - 1400,משפטים-305,134
מחלקה הפקולטה למשפטים,99102-01,א' - 6.00,"א',ה'","1000 - 1300
1000 - 1300","מינץ-403
משפטים-304","69
1"
מחלקה הפקולטה למשפטים,99102-02,א' - 6.00,"ב',ד'","1500 - 1800
1200 - 1500",משפטים-304,1
מחלקה הפקולטה למשפטים,99103-01,ב' - 4.00,"א',ה'","1000 - 1200
1100 - 1300","חברה-901
מ.ישראל-507","61
7"
מחלקה הפקולטה למשפטים,99103-02,א' - 4.00,"ג',ה'","0900 - 1100
1600 - 1800","משפטים-305
חברה-901","11
61"
מחלקה הפקולטה למשפטים,99104-01,ב' - 6.00,"ב',ה'","1200 - 1500
1100 - 1400","וואהל 1401
טבע 211-2","3
25"
מחלקה הפקולטה למשפטים,99104-02,ב' - 6.00,"ב',ג'","1400 - 1700
1600 - 1900","מ.ישראל-503
וואהל 1401",1
מחלקה הפקולטה למשפטים,99107-01,ב' - 4.00,"א',ב'","1200 - 1400
1600 - 1800","חברה-901
טבע-213","61
4"
מחלקה הפקולטה למשפטים,99107-02,ב' - 4.00,"א',ב'","1000 - 1200
1400 - 1600","חברה-902
טבע 211-2","9
25"
מחלקה הפקולטה למשפטים,99110-01,"א' - 3.00
 ב' - 3.00",ב',"1500 - 1800
1500 - 1800","מ.ישראל-507
וואהל 1401","7
3"
מחלקה הפקולטה למשפטים,99110-02,"א' - 3.00
 ב' - 3.00","ד',ה'","1500 - 1800
1300 - 1600","משפטים-304
חברה-902","1
9"
מחלקה הפקולטה למשפטים,99111-01,ב' - 4.00,"ב',ג'","2100 - 2300
1200 - 1400","חדר מחלקה
מ.ישראל-501",מחלקה
מחלקה הפקולטה למשפטים,99111-02,ב' - 4.00,"א',ג'","2000 - 2200
1400 - 1600","חדר מחלקה
וואהל 1401",מחלקה
מחלקה הפקולטה למשפטים,99123-01,"א' - 2.00
 ב' - 2.00",ג',"1400 - 1600
1400 - 1600",חדר מחלקה,מחלקה
מחלקה הפקולטה למשפטים,99150-01,ב' - 4.00,א',1400 - 1800,מ.ישראל-503,1
מחלקה הפקולטה למשפטים,99152-01,א' - 4.00,ד',1000 - 1400,משפטים-304,2
מחלקה הפקולטה למשפטים,99200-01,"א' - 2.00
 ב' - 2.00","ב',ה'","1600 - 1800
1600 - 1800","טרם שובץ
חדר מחלקה",מחלקה
מחלקה הפקולטה למשפטים,99200-02,"א' - 2.00
 ב' - 2.00",ג',"1400 - 1600
1400 - 1600",חדר מחלקה,מחלקה
מחלקה הפקולטה למשפטים,99202-01,א' - 5.00,"ד',ה'","1800 - 2000
1600 - 1900",מ.ישראל-507,7
מחלקה הפקולטה למשפטים,99202-02,א' - 5.00,"ד',ה'","1600 - 1800
1300 - 1600","טבע-213
חברה-901","4
61"
מחלקה הפקולטה למשפטים,99203-01,א' - 4.00,"א',ו'","2000 - 2200
1000 - 1200","חדר מחלקה
משפטים-305",מחלקה
מחלקה הפקולטה למשפטים,99203-02,"א' - 2.00
 ב' - 2.00","ג',ב'","1600 - 1800
2000 - 2200","משפטים-305
חדר מחלקה",מחלקה
מחלקה הפקולטה למשפטים,99204-01,א' - 6.00,"ב',ה'","1200 - 1500
1300 - 1600","מ.ישראל-507
משפטים-304","7
1"
מחלקה הפקולטה למשפטים,99204-02,א' - 6.00,"ב',ה'","1200 - 1500
1400 - 1700","משפטים-304
מינץ-403","1
69"
מחלקה הפקולטה למשפטים,99205-01,ב' - 5.00,"א',ה'","1800 - 2000
1300 - 1600","טבע-213
מ.ישראל-507","4
7"
מחלקה הפקולטה למשפטים,99205-02,א' - 5.00,"ג',ד'","1600 - 1900
1400 - 1600","מ.ישראל-507
טבע 211-2","7
25"
מחלקה הפקולטה למשפטים,99206-01,א' - 4.00,א',"0900 - 1100
1300 - 1500","משפטים-304
וואהל 1401","2
1"
מחלקה הפקולטה למשפטים,99206-02,ב' - 4.00,"ב',ג'","1200 - 1400
1000 - 1200","משפטים-305
מ.ישראל-501","11
25"
מחלקה הפקולטה למשפטים,99208-01,א' - 5.00,"ב',ה'","0800 - 1000
0900 - 1200","משפטים-305
מ.ישראל-507","11
7"
מחלקה הפקולטה למשפטים,99208-02,ב' - 5.00,"ב',ג'","1100 - 1400
1200 - 1400","מ.ישראל-507
וואהל 1401","7
1"
מחלקה הפקולטה למשפטים,99212-01,א' - 5.00,"ב',ד'","1000 - 1300
1600 - 1800","משפטים-305
מ.ישראל-507","11
7"
מחלקה הפקולטה למשפטים,99212-02,א' - 5.00,"ג',ה'","1100 - 1400
1100 - 1300","משפטים-305
חברה-901","11
61"
מחלקה הפקולטה למשפטים,99247-01,"א' - 2.00
 ב' - 2.00","ה',ו'","1200 - 1400
1000 - 1200","משפטים-306
חדר מחלקה",מחלקה
מחלקה הפקולטה למשפטים,99268-01,"א' - 3.00
 ב' - 3.00",ב',"1700 - 2000
1700 - 2000",משפטים-305,133
מחלקה הפקולטה למשפטים,99275-01,"א' - 2.00
 ב' - 2.00","ו',ד'","0800 - 1000
2000 - 2200",חדר מחלקה,מחלקה
מחלקה הפקולטה למשפטים,99275-02,"א' - 2.00
 ב' - 2.00","ב',ו'","1500 - 1700
0800 - 1000","משפטים-305
חדר מחלקה",מחלקה
מחלקה הפקולטה למשפטים,99278-01,"א' - 2.00
 ב' - 2.00","ו',ב'","0800 - 1000
2000 - 2200","סטודנטים-105
חדר מחלקה",מחלקה
מחלקה הפקולטה למשפטים,99288-01,"א' - 2.00
 ב' - 2.00","ו',ב'","0800 - 1000
2000 - 2200","מ.ישראל-507
חדר מחלקה",מחלקה
מחלקה הפקולטה למשפטים,99293-01,ב' - 4.00,ג',"1600 - 1800
2000 - 2200","משפטים-305
חדר מחלקה",מחלקה
מחלקה הפקולטה למשפטים,99293-02,"א' - 2.00
 ב' - 2.00",ו',"1000 - 1200
1400 - 1600","משפטים-305
חדר מחלקה",מחלקה
מחלקה הפקולטה למשפטים,99299-01,"א' - 2.00
 ב' - 2.00","ו',א'","1000 - 1200
2000 - 2200","מ.ישראל-605
חדר מחלקה",מחלקה
מחלקה הפקולטה למשפטים,993002-01,א' - 3.00,"ג',ו'","1200 - 1400
1500 - 1600","משפטים-306
חדר מחלקה",מחלקה
מחלקה הפקולטה למשפטים,993004-01,א' - 3.00,"ג',ו'","1200 - 1400
1500 - 1600","משפטים-305
חדר מחלקה",מחלקה
מחלקה הפקולטה למשפטים,993006-01,א' - 3.00,"ד',ו'","1600 - 1800
1500 - 1600","משפטים-305
חדר מחלקה",מחלקה
מחלקה הפקולטה למשפטים,99302-01,ב' - 3.00,"ד',ו'","1600 - 1800
1500 - 1600","משפטים-305
חדר מחלקה",מחלקה
מחלקה הפקולטה למשפטים,99307-02,ב' - 2.00,ה',2000 - 2200,נלמד בזום,999
מחלקה הפקולטה למשפטים,99307-03,א' - 2.00,ה',1800 - 2000,נלמד בזום,999
מחלקה הפקולטה למשפטים,99309-01,ב' - 3.00,א',0800 - 1100,משפטים-304,2
מחלקה הפקולטה למשפטים,99309-02,א' - 3.00,א',1300 - 1600,משפטים-304,2
מחלקה הפקולטה למשפטים,99309-03,א' - 3.00,ה',1200 - 1500,מ.ישראל-507,7
מחלקה הפקולטה למשפטים,99309-04,ב' - 3.00,ג',1700 - 2000,משפטים-304,1
מחלקה הפקולטה למשפטים,99310-01,ב' - 3.00,א',1200 - 1500,משפטים-305,11
מחלקה הפקולטה למשפטים,99310-02,א' - 3.00,ה',1600 - 1900,טבע 211-2,25
מחלקה הפקולטה למשפטים,99312-01,א' - 2.00,ד',1800 - 2000,חדר מחלקה,מחלקה
מחלקה הפקולטה למשפטים,99313-01,ב' - 4.00,"ג',ה'","1600 - 1800
1400 - 1600","יהדות-402
טבע 211-2","63
25"
מחלקה הפקולטה למשפטים,99313-02,ב' - 4.00,"ב',ה'","1700 - 1900
1600 - 1800","מ.ישראל-503
חברה-902","1
9"
מחלקה הפקולטה למשפטים,99313-03,א' - 2.00,ד',0800 - 1000,משפטים-305,4
מחלקה הפקולטה למשפטים,99319-01,א' - 3.00,א',0800 - 1100,משפטים-305,6
מחלקה הפקולטה למשפטים,99380-01,א' - 3.00,א',1300 - 1600,משפטים-305,11
מחלקה הפקולטה למשפטים,99381-01,א' - 3.00,ד',1000 - 1300,משפטים-305,11
מחלקה הפקולטה למשפטים,99386-01,ב' - 3.00,ה',1600 - 1900,משפטים-305,4
מחלקה הפקולטה למשפטים,99390-01,ב' - 2.00,ג',1400 - 1600,מ.ישראל-507,4
מחלקה הפקולטה למשפטים,994001-01,"א' - 2.00
 ב' - 2.00","ג',ב'","1600 - 1800
2000 - 2200","משפטים-305
סטודנטים-105","134
102"
מחלקה הפקולטה למשפטים,994005-02,א' - 4.00,"ב',ו'","2000 - 2200
1000 - 1200","חדר מחלקה
משפטים-305",מחלקה
מחלקה הפקולטה למשפטים,994006-01,ב' - 4.00,ג',"1600 - 1800
2000 - 2200","משפטים-305
חדר מחלקה",מחלקה
מחלקה הפקולטה למשפטים,994009-01,א' - 4.00,"ה',ו'","1600 - 1800
1400 - 1600",משפטים-305,"134
133"
מחלקה הפקולטה למשפטים,994011-01,ב' - 4.00,ג',"1600 - 1800
2000 - 2200","משפטים-306
חדר מחלקה",מחלקה
מחלקה הפקולטה למשפטים,994015-01,"א' - 2.00
 ב' - 2.00","ג',ב'","1600 - 1800
2000 - 2200","משפטים-305
חדר מחלקה",מחלקה
מחלקה הפקולטה למשפטים,994019-01,"א' - 2.00
 ב' - 2.00","ו',ד'","0800 - 1000
2000 - 2200","משפטים-304
משפטים-305","3
134"
מחלקה הפקולטה למשפטים,994020-01,"א' - 2.00
 ב' - 2.00","ב',ג'","1600 - 1800
2000 - 2200",חדר מחלקה,מחלקה
מחלקה הפקולטה למשפטים,99402-01,"א' - 2.00
 ב' - 2.00","ג',ב'","1600 - 1800
2000 - 2200","משפטים-305
חדר מחלקה",מחלקה
מחלקה הפקולטה למשפטים,994024-01,"א' - 2.00
 ב' - 2.00","ב',ו'","1500 - 1700
0800 - 1000","משפטים-305
סטודנטים-105","4
104"
מחלקה הפקולטה למשפטים,994027-01,ב' - 4.00,ג',"1600 - 1800
2000 - 2200","יהדות-403
חדר מחלקה",מחלקה
מחלקה הפקולטה למשפטים,99415-01,"א' - 2.00
 ב' - 2.00",ו',"1000 - 1200
1400 - 1600","סטודנטים-105
חדר מחלקה",מחלקה
מחלקה הפקולטה למשפטים,99415-02,"א' - 2.00
 ב' - 2.00",א',"1600 - 1800
2000 - 2200","חדר מחלקה
משפטים-305",מחלקה
מחלקה הפקולטה למשפטים,99418-01,ב' - 4.00,ה',"2000 - 2200
1200 - 1400","משפטים-305
יהדות-404","133
68"
מחלקה הפקולטה למשפטים,99429-01,ב' - 4.00,"א',ד'","1600 - 1800
2000 - 2200","משפטים-305
חדר מחלקה",מחלקה
מחלקה הפקולטה למשפטים,99430-02,"א' - 2.00
 ב' - 2.00","ו',ד'","0800 - 1000
2000 - 2200","סטודנטים-105
חדר מחלקה",מחלקה
מחלקה הפקולטה למשפטים,99434-01,"א' - 2.00
 ב' - 2.00","ה',ו'","1200 - 1400
1000 - 1200","יהדות-404
חדר מחלקה",מחלקה
מחלקה הפקולטה למשפטים,99436-01,"א' - 2.00
 ב' - 2.00","ג',ב'","1600 - 1800
2000 - 2200","מ.ישראל-505
חדר מחלקה",מחלקה
מחלקה הפקולטה למשפטים,99438-01,"א' - 2.00
 ב' - 2.00","ג',ב'","1600 - 1800
2000 - 2200","סטודנטים-105
חדר מחלקה",מחלקה
מחלקה הפקולטה למשפטים,99441-01,"א' - 2.00
 ב' - 2.00",א',"1600 - 1800
2000 - 2200","משפטים-305
חדר מחלקה",מחלקה
מחלקה הפקולטה למשפטים,99476-01,ב' - 4.00,"א',ד'","1600 - 1800
2000 - 2200","משפטים-305
חדר מחלקה",מחלקה
מחלקה הפקולטה למשפטים,995000-01,"א' - 2.00
 ב' - 2.00",א',"1800 - 2000
1800 - 2000",סטודנטים-105,"4
3"
מחלקה הפקולטה למשפטים,995002-01,"א' - 3.00
 ב' - 3.00",ב',"1700 - 2000
1700 - 2000","מ.ישראל-502
סטודנטים-102","37
4"
מחלקה הפקולטה למשפטים,995005-01,"א' - 3.00
 ב' - 3.00",ב',"1700 - 2000
1700 - 2000",משפטים-305,134
מחלקה הפקולטה למשפטים,995006-01,"א' - 3.00
 ב' - 3.00",ב',"1700 - 2000
1700 - 2000","מ.ישראל-504
מ.ישראל-604","2
205"
מחלקה הפקולטה למשפטים,99501-01,א' - 2.00,ה',1000 - 1200,משפטים-305,10
מחלקה הפקולטה למשפטים,99506-01,א' - 3.00,"ב',ג'","1400 - 1700
0900 - 1200","טבע-207
משפטים-306","1
111"
מחלקה הפקולטה למשפטים,99507-02,ב' - 2.00,ג',1000 - 1200,משפטים-305,10
מחלקה הפקולטה למשפטים,99509-01,"א' - 3.00
 ב' - 3.00",ב',"1700 - 2000
1700 - 2000","מ.ישראל-502
יהדות-404","8
115"
מחלקה הפקולטה למשפטים,99513-01,ב' - 2.00,א',1600 - 1800,משפטים-305,4
מחלקה הפקולטה למשפטים,99516-01,ב' - 2.00,ב',1000 - 1200,משפטים-305,10
מחלקה הפקולטה למשפטים,99517-01,א' - 2.00,ד',1000 - 1200,משפטים-305,10
מחלקה הפקולטה למשפטים,99522-01,"א' - 3.00
 ב' - 3.00",ב',"1700 - 2000
1700 - 2000","טבע-203
יהדות-403","226
66"
מחלקה הפקולטה למשפטים,99527-01,א' - 2.00,א',2100 - 2300,חדר מחלקה,מחלקה
מחלקה הפקולטה למשפטים,99532-01,א' - 3.00,ה',0900 - 1200,משפטים-306,111
מחלקה הפקולטה למשפטים,99542-02,ב' - 4.00,"ד',ה'","1400 - 1600
1400 - 1600",משפטים-305,"4
10"
מחלקה הפקולטה למשפטים,99545-01,א' - 2.00,ב',1400 - 1600,משפטים-305,10
מחלקה הפקולטה למשפטים,99559-01,"א' - 3.00
 ב' - 3.00",ב',1700 - 2000,חברה-902,202
מחלקה הפקולטה למשפטים,99569-01,א' - 4.00,"ג',ד'","1200 - 1400
1200 - 1400",משפטים-305,"6
10"
מחלקה הפקולטה למשפטים,99570-01,ב' - 2.00,ד',1000 - 1200,משפטים-305,10
מחלקה הפקולטה למשפטים,99595-01,ב' - 2.00,ה',1600 - 1800,משפטים-305,6
מחלקה הפקולטה למשפטים,99611-01,א' - 2.00,ו',1000 - 1200,משפטים-305,10
מחלקה הפקולטה למשפטים,99611-02,ב' - 2.00,ה',1800 - 2000,נלמד בזום,999
מחלקה הפקולטה למשפטים,99614-01,ב' - 2.00,ו',1200 - 1400,משפטים-305,10
מחלקה הפקולטה למשפטים,99618-01,ב' - 2.00,ה',0800 - 1000,משפטים-305,10
מחלקה הפקולטה למשפטים,99621-01,ב' - 4.00,ו',0800 - 1200,משפטים-305,134
מחלקה הפקולטה למשפטים,99621-02,ב' - 4.00,ו',0800 - 1200,יהדות-403,2
מחלקה הפקולטה למשפטים,99621-03,ב' - 4.00,ו',0800 - 1200,מ.ישראל-605,64
מחלקה הפקולטה למשפטים,99621-04,ב' - 4.00,ו',0800 - 1200,יהדות-404,68
מחלקה הפקולטה למשפטים,99622-01,ב' - 2.00,ה',1400 - 1600,נלמד בזום,999
מחלקה הפקולטה למשפטים,99622-07,א' - 2.00,ה',2000 - 2200,נלמד בזום,999
מחלקה הפקולטה למשפטים,99625-01,א' - 2.00,ג',1600 - 1800,נלמד בזום,999
מחלקה הפקולטה למשפטים,99629-01,א' - 2.00,ו',0800 - 1000,משפטים-305,6
מחלקה הפקולטה למשפטים,99630-01,א' - 2.00,ג',2000 - 2200,נלמד בזום,999
מחלקה הפקולטה למשפטים,99631-01,א' - 2.00,ג',1800 - 2000,נלמד בזום,999
מחלקה הפקולטה למשפטים,99631-02,א' - 2.00,ה',1600 - 1800,נלמד בזום,999
מחלקה הפקולטה למשפטים,99631-03,ב' - 2.00,ג',1800 - 2000,משפטים-305,4
מחלקה הפקולטה למשפטים,99636-01,ב' - 4.00,ו',0800 - 1200,מ.ישראל-507,7
מחלקה הפקולטה למשפטים,99636-02,ב' - 4.00,ו',0800 - 1200,מ.ישראל-507,7
מחלקה הפקולטה למשפטים,99650-02,ב' - 2.00,ה',1600 - 1800,נלמד בזום,999
מחלקה הפקולטה למשפטים,99658-01,ב' - 2.00,ג',1400 - 1600,נלמד בזום,999
מחלקה הפקולטה למשפטים,99664-01,ב' - 4.00,ה',1800 - 2000,נלמד בזום,999
מחלקה הפקולטה למשפטים,99669-02,א' - 2.00,ה',1400 - 1600,נלמד בזום,999
מחלקה הפקולטה למשפטים,99669-03,ב' - 2.00,ה',1600 - 1800,נלמד בזום,999
מחלקה הפקולטה למשפטים,996720-06,א' - 4.00,ה',1600 - 1800,נלמד בזום,999
מחלקה הפקולטה למשפטים,996721-01,ב' - 2.00,ו',1000 - 1200,משפטים-305,4
מחלקה הפקולטה למשפטים,996727-01,ב' - 4.00,ה',1800 - 2000,נלמד בזום,999
מחלקה הפקולטה למשפטים,996728-01,ב' - 2.00,ה',2000 - 2200,נלמד בזום,999
מחלקה הפקולטה למשפטים,996728-02,ב' - 2.00,ג',1600 - 1800,נלמד בזום,999
מחלקה הפקולטה למשפטים,996730-02,א' - 2.00,ו',0800 - 1000,משפטים-305,10
מחלקה הפקולטה למשפטים,996733-01,ב' - 2.00,ה',1800 - 2000,נלמד בזום,999
מחלקה הפקולטה למשפטים,996735-01,ב' - 2.00,ג',1400 - 1600,נלמד בזום,999
מחלקה הפקולטה למשפטים,99676-01,ב' - 4.00,ה',1800 - 2200,נלמד בזום,999
מחלקה הפקולטה למשפטים,99676-06,א' - 2.00,ה',1400 - 1600,נלמד בזום,999
מחלקה הפקולטה למשפטים,997006-01,ב' - 2.00,ג',1600 - 1800,נלמד בזום,999
מחלקה הפקולטה למשפטים,99703-01,ב' - 2.00,ו',0800 - 1000,משפטים-305,4
מחלקה הפקולטה למשפטים,99720-01,א' - 2.00,ו',1000 - 1200,משפטים-305,6
מחלקה הפקולטה למשפטים,99800-01,"א' - 2.00
 ב' - 2.00","ו',ב'","0800 - 1000
2000 - 2200","סטודנטים-105
חדר מחלקה",מחלקה
מחלקה הפקולטה למשפטים,99807-01,א' - 4.00,"א',ו'","2000 - 2200
0800 - 1000","חדר מחלקה
מ.ישראל-505",מחלקה
מחלקה הפקולטה למשפטים,99812-01,"א' - 2.00
 ב' - 2.00","ו',א'","1000 - 1200
2000 - 2200","משפטים-305
חדר מחלקה",מחלקה
מחלקה הפקולטה למשפטים,99834-01,"א' - 2.00
 ב' - 2.00","ו',ב'","0800 - 1000
2000 - 2200","משפטים-305
חדר מחלקה",מחלקה
מחלקה הפקולטה למשפטים,99836-01,"א' - 2.00
 ב' - 2.00","ו',ב'","0800 - 1000
2000 - 2200","סטודנטים-105
חדר מחלקה",מחלקה
מחלקה הפקולטה למשפטים,99857-01,א' - 4.00,"ו',א'","1000 - 1200
2000 - 2200","יהדות-404
חדר מחלקה",מחלקה
מחלקה הפקולטה למשפטים,99861-01,"א' - 2.00
 ב' - 2.00","ו',א'","1000 - 1200
2000 - 2200","יהדות-404
חדר מחלקה",מחלקה
מחלקה הפקולטה למשפטים,99861-02,"א' - 2.00
 ב' - 2.00","ו',ד'","0800 - 1000
2000 - 2200","יהדות-404
חדר מחלקה",מחלקה
מחלקה הפקולטה למשפטים,99878-01,"א' - 2.00
 ב' - 2.00","ה',ו'","1200 - 1400
1000 - 1200","משפטים-305
חדר מחלקה",מחלקה
מחלקה הפקולטה למשפטים,999008-01,א' - 2.00,ב',1700 - 1900,מ.ישראל-505,5
מחלקה הפקולטה למשפטים,999009-01,א' - 2.00,ד',1200 - 1400,משפטים-305,134
מחלקה הפקולטה למשפטים,999014-01,ב' - 2.00,ד',1800 - 2000,משפטים-305,4
מחלקה הפקולטה למשפטים,999024-01,א' - 2.00,ה',1400 - 1600,משפטים-305,134
מחלקה הפקולטה למשפטים,999025-01,א' - 3.00,ב',0800 - 1100,משפטים-305,134
מחלקה הפקולטה למשפטים,999026-01,ב' - 2.00,ה',1600 - 1800,נלמד בזום,999
מחלקה הפקולטה למשפטים,999026-02,א' - 2.00,ג',1800 - 2000,משפטים-305,10
מחלקה הפקולטה למשפטים,999030-01,א' - 2.00,ב',1000 - 1200,משפטים-305,4
מחלקה הפקולטה למשפטים,999034-01,"א' - 2.00
 ב' - 2.00",ה',"1600 - 1800
0900 - 1100",משפטים-305,6
מחלקה הפקולטה למשפטים,999034-02,"א' - 2.00
 ב' - 2.00",ה',"1000 - 1200
1100 - 1300",משפטים-305,"134
6"
מחלקה הפקולטה למשפטים,999034-03,"א' - 2.00
 ב' - 2.00",ה',"1600 - 1800
0900 - 1100",משפטים-305,6
מחלקה הפקולטה למשפטים,999034-04,"א' - 2.00
 ב' - 2.00",ה',"1000 - 1200
1100 - 1300",משפטים-305,"134
6"
מחלקה הפקולטה למשפטים,999042-01,א' - 2.00,א',1100 - 1300,חדר מחלקה,מחלקה
מחלקה הפקולטה למשפטים,999043-01,א' - 2.00,ה',1400 - 1600,נלמד בזום,999
מחלקה הפקולטה למשפטים,999044-01,ב' - 4.00,ה',"2000 - 2200
1200 - 1400","חדר מחלקה
משפטים-305",מחלקה
מחלקה הפקולטה למשפטים,999046-01,א' - 2.00,ה',1800 - 2000,משפטים-305,10
מחלקה הפקולטה למשפטים,999048-01,א' - 4.00,ג',1700 - 2000,משפטים-306,111
מחלקה הפקולטה למשפטים,999049-01,ב' - 4.00,"ד',ב'","1700 - 2000
2200 - 2300","משפטים-305
חדר מחלקה",מחלקה
מחלקה הפקולטה למשפטים,999050-01,א' - 3.00,א',0900 - 1200,חדר מחלקה,מחלקה
מחלקה הפקולטה למשפטים,999050-02,א' - 3.00,א',0900 - 1200,חדר מחלקה,מחלקה
מחלקה הפקולטה למשפטים,999061-01,א' - 2.00,ה',1200 - 1400,משפטים-305,6
מחלקה הפקולטה למשפטים,999063-01,ב' - 2.00,ה',2000 - 2200,חדר מחלקה,מחלקה
מחלקה הפקולטה למשפטים,999066-01,א' - 2.00,א',1800 - 2000,משפטים-305,4
מחלקה הפקולטה למשפטים,999070-01,א' - 2.00,ד',1500 - 1700,משפטים-305,10
מחלקה הפקולטה למשפטים,999073-01,ב' - 2.00,ה',1000 - 1200,משפטים-305,4
מחלקה הפקולטה למשפטים,999079-01,א' - 1.00,ה',0800 - 0900,חדר מחלקה,מחלקה
מחלקה הפקולטה למשפטים,999087-01,א' - 3.00,א',1600 - 1900,משפטים-305,134
מחלקה הפקולטה למשפטים,999088-01,א' - 2.00,ב',1200 - 1400,משפטים-305,10
מחלקה הפקולטה למשפטים,999089-01,א' - 2.00,ג',0900 - 1100,חדר מחלקה,מחלקה
מחלקה הפקולטה למשפטים,999092-01,א' - 2.00,ב',1200 - 1400,משפטים-305,133
מחלקה הפקולטה למשפטים,999093-01,ב' - 2.00,ב',1800 - 2000,טבע-213,4
מחלקה הפקולטה למשפטים,999093-02,ב' - 2.00,ב',1600 - 1800,חברה-902,9
מחלקה הפקולטה למשפטים,999095-01,ב' - 3.00,ד',1400 - 1700,משפטים-305,134
מחלקה הפקולטה למשפטים,999096-01,א' - 2.00,ד',1600 - 1800,משפטים-305,4
מחלקה הפקולטה למשפטים,999097-01,א' - 2.00,ה',1200 - 1400,משפטים-305,10
מחלקה הפקולטה למשפטים,999098-01,א' - 2.00,ד',1200 - 1400,משפטים-305,4
מחלקה הפקולטה למשפטים,999099-01,ב' - 3.00,ג',0900 - 1200,משפטים-305,4
מחלקה הפקולטה למשפטים,999100-01,א' - 3.00,ב',1200 - 1500,משפטים-305,4
מחלקה הפקולטה למשפטים,999101-01,ב' - 2.00,ה',1000 - 1200,משפטים-305,10
מחלקה הפקולטה למשפטים,999110-01,ב' - 2.00,ג',1400 - 1600,משפטים-305,4
מחלקה הפקולטה למשפטים,999113-01,א' - 2.00,ה',0800 - 1000,משפטים-305,134
מחלקה הפקולטה למשפטים,999114-01,א' - 2.00,ד',0800 - 1000,משפטים-305,11
מחלקה הפקולטה למשפטים,999115-01,"א' - 3.00
 ב' - 3.00",ב',"1700 - 2000
1700 - 2000","סטודנטים-102
יהדות-404","4
102"
מחלקה הפקולטה למשפטים,999118-01,ב' - 3.00,"ה',ו'","0900 - 1100
0800 - 0900","מ.ישראל-507
חדר מחלקה",מחלקה
מחלקה הפקולטה למשפטים,999118-02,ב' - 3.00,"ג',ו'","1000 - 1200
0900 - 1000","וואהל 1401
חדר מחלקה",מחלקה
מחלקה הפקולטה למשפטים,999119-01,א' - 2.00,ה',1400 - 1600,משפטים-306,111
מחלקה הפקולטה למשפטים,999120-01,ב' - 4.00,א',1400 - 1800,משפטים-305,10
מחלקה הפקולטה למשפטים,999123-01,ב' - 4.00,ו',0800 - 1200,משפטים-305,10
מחלקה הפקולטה למשפטים,999124-01,ב' - 2.00,ג',1400 - 1600,משפטים-305,134
מחלקה הפקולטה למשפטים,999125-01,ב' - 2.00,ב',1500 - 1700,יהדות-404,102
מחלקה הפקולטה למשפטים,999127-01,ב' - 4.00,ג',"1600 - 1800
2000 - 2200","משפטים-305
חדר מחלקה",מחלקה
מחלקה הפקולטה למשפטים,999128-01,א' - 2.00,ה',1600 - 1800,משפטים-305,4
מחלקה הפקולטה למשפטים,999129-01,א' - 3.00,ג',0900 - 1200,משפטים-305,132
מחלקה הפקולטה למשפטים,999130-01,א' - 2.00,ד',1700 - 1900,משפטים-305,134
מחלקה הפקולטה למשפטים,999136-01,"א' - 4.00
 ב' - 4.00",ה',0800 - 1200,נלמד בזום,999
מחלקה הפקולטה למשפטים,999137-01,"א' - 2.00
 ב' - 2.00",ה',1000 - 1200,משפטים-305,133
מחלקה הפקולטה למשפטים,999144-01,ב' - 2.00,ג',1600 - 1800,משפטים-305,4
מחלקה הפקולטה למשפטים,999155-01,א' - 2.00,ה',1600 - 1800,משפטים-305,132
מחלקה הפקולטה למשפטים,999157-01,ב' - 2.00,ג',1600 - 1800,נלמד בזום,999
מחלקה הפקולטה למשפטים,999158-01,"א' - 2.00
 ב' - 2.00","ו',א'","0800 - 1000
2000 - 2200","משפטים-305
חדר מחלקה",מחלקה
מחלקה הפקולטה למשפטים,999160-01,ב' - 4.00,ה',"1200 - 1400
2000 - 2200","משפטים-305
חדר מחלקה",מחלקה
מחלקה הפקולטה למשפטים,999162-01,ב' - 4.00,"ב',ו'","1500 - 1700
1200 - 1400","משפטים-305
חדר מחלקה",מחלקה
מחלקה הפקולטה למשפטים,999163-01,ב' - 4.00,ה',"2000 - 2200
1200 - 1400","חדר מחלקה
משפטים-305",מחלקה
מחלקה הפקולטה למשפטים,999164-01,א' - 4.00,"ג',ד'","1200 - 1400
1400 - 1600",משפטים-305,4
מחלקה הפקולטה למשפטים,999166-01,ב' - 2.00,ג',1200 - 1400,משפטים-305,4
מחלקה הפקולטה למשפטים,999167-01,ב' - 2.00,ד',1400 - 1600,משפטים-305,10
מחלקה הפקולטה למשפטים,999168-01,"א' - 2.00
 ב' - 2.00",א',"1600 - 1800
2000 - 2200","משפטים-305
חדר מחלקה",מחלקה
מחלקה הפקולטה למשפטים,999169-01,"א' - 2.00
 ב' - 2.00",א',1800 - 2000,חדר מחלקה,מחלקה
מחלקה הפקולטה למשפטים,999173-01,א' - 3.00,"ב',ו'","0800 - 1000
1500 - 1600","משפטים-305
חדר מחלקה",מחלקה
מחלקה הפקולטה למשפטים,999174-01,א' - 2.00,ג',1000 - 1200,משפטים-305,4
מחלקה הפקולטה למשפטים,999175-01,א' - 5.00,"ג',ה'","1600 - 1800
1400 - 1600
1800 - 1900","יהדות-403
משפטים-305
חדר מחלקה",מחלקה
מחלקה הפקולטה למשפטים,999176-01,א' - 1.00,ה',1600 - 1700,משפטים-305,133
מחלקה הפקולטה למשפטים,999177-01,ב' - 4.00,"ד',ה'","1200 - 1400
1500 - 1700",משפטים-305,133
מחלקה הפקולטה למשפטים,999178-01,א' - 2.00,ה',1000 - 1200,משפטים-305,4
מחלקה הפקולטה למשפטים,999182-01,ב' - 6.00,"א',ד'","1400 - 1700
1400 - 1700","משפטים-305
משפטים-304","132
3"
מחלקה הפקולטה למשפטים,999191-01,"א' - 2.00
 ב' - 2.00",ה',"2000 - 2200
1300 - 1500","משפטים-305
סטודנטים-105","132
103"
מחלקה הפקולטה למשפטים,999192-01,"א' - 3.00
 ב' - 3.00",ב',1700 - 2000,משפטים-306,111
מחלקה הפקולטה למשפטים,999193-01,א' - 2.00,א',0900 - 1100,משפטים-305,10
מחלקה הפקולטה למשפטים,999194-01,"א' - 2.00
 ב' - 2.00","ב',ו'","1500 - 1700
0800 - 1000","משפטים-305
יהדות-404","134
115"
מחלקה הפקולטה למשפטים,999195-01,א' - 2.00,ד',1800 - 2000,משפטים-305,4
מחלקה הפקולטה למשפטים,999196-01,ב' - 2.00,ד',1200 - 1400,משפטים-305,134
מחלקה הפקולטה למשפטים,999196-02,ב' - 2.00,ג',1400 - 1600,נלמד בזום,999
מחלקה הפקולטה למשפטים,999197-01,"א' - 2.00
 ב' - 2.00",ג',"1200 - 1400
1200 - 1400","מ.ישראל-605
משפטים-305","14
133"
מחלקה הפקולטה למשפטים,999198-01,א' - 2.00,ה',0800 - 1000,משפטים-305,10
מחלקה הפקולטה למשפטים,999199-01,א' - 2.00,ג',1800 - 2000,משפטים-305,134
מחלקה הפקולטה למשפטים,999200-01,ב' - 4.00,"ב',ו'","1500 - 1700
1200 - 1400","מ.ישראל-605
יהדות-404","65
68"
מחלקה הפקולטה למשפטים,999202-01,"א' - 3.00
 ב' - 3.00","ד',א'","1800 - 2000
2200 - 2300",חדר מחלקה,מחלקה
מחלקה הפקולטה למשפטים,999203-01,"א' - 3.00
 ב' - 3.00",ב',1700 - 2000,מ.ישראל-502,25
מחלקה הפקולטה למשפטים,999204-01,ב' - 4.00,"ב',ו'","1500 - 1700
1200 - 1400","מ.ישראל-504
חדר מחלקה",מחלקה
מחלקה הפקולטה למשפטים,999206-01,ב' - 2.00,ב',1000 - 1200,משפטים-305,134
מחלקה הפקולטה למשפטים,999208-01,א' - 4.00,ג',1600 - 2000,סטודנטים-105,5
מחלקה הפקולטה למשפטים,999209-01,"א' - 2.00
 ב' - 2.00","ג',ד'","1400 - 1600
1700 - 1900","משפטים-305
סטודנטים-102","133
4"
מחלקה הפקולטה למשפטים,999214-01,"א' - 2.00
 ב' - 2.00","ב',ה'","1800 - 2000
1800 - 2000","סטודנטים-105
משפטים-305","104
133"
מחלקה הפקולטה למשפטים,99927-01,ב' - 3.00,א',1600 - 1900,משפטים-306,111
מחלקה הפקולטה למשפטים,99928-01,ב' - 4.00,"ג',ה'","1200 - 1400
1600 - 1800","משפטים-305
מ.ישראל-507","10
7"
מחלקה הפקולטה למשפטים,99929-01,א' - 2.00,ג',1400 - 1600,משפטים-305,4
מחלקה הפקולטה למשפטים,99940-01,א' - 2.00,ה',1000 - 1200,משפטים-305,6
מחלקה הפקולטה למשפטים,99953-01,"א' - 3.00
 ב' - 3.00",ב',"1700 - 2000
1700 - 2000","מ.ישראל-502
מ.ישראל-505","26
5"
מחלקה הפקולטה למשפטים,99985-01,"א' - 3.00
 ב' - 3.00",ב',1700 - 2000,משפטים-305,132
מחלקה הפקולטה למשפטים,99992-01,"א' - 3.00
 ב' - 3.00",ב',"1700 - 2000
1700 - 2000","חברה-902
מ.ישראל-502","210
26"
מחלקה הפקולטה למשפטים,99993-01,ב' - 3.00,"ג',ו'","1800 - 2000
1500 - 1600","משפטים-305
חדר מחלקה",מחלקה
מחלקה הפקולטה למשפטים,99994-01,"א' - 3.00
 ב' - 3.00",ב',"1700 - 2000
1700 - 2000","משפטים-305
יהדות-404","4
114"
מחלקה הפקולטה למשפטים,99996-01,א' - 3.00,א',0800 - 1100,משפטים-305,4
